# width:480 height:360 psr bound:50 mu:0.8
1 0 0 0 0 0 0 1
11 0 0 -0.00572544 -0.00164452 0.00071883 -0.000357591 0.999998
21 -4.66131e-07 -1.06536e-06 -0.0060494 -0.00164624 0.000715597 -0.00275915 0.999995
31 -6.30182e-06 -1.43898e-05 -0.0101012 -0.00164784 0.000711891 -0.00500879 0.999986
41 -2.22363e-06 -5.07818e-06 -0.00726965 -0.00531445 0.00559329 -0.00329675 0.999965
51 0.000731097 0.000687098 0.0580738 -0.00981639 0.0114068 -0.0133493 0.999798
61 0.00410409 0.00351231 0.204208 -0.00979071 0.000349622 -0.0314054 0.999459
71 0.00425541 0.00576391 0.319364 -0.00655176 -0.0252695 -0.0582256 0.997962
81 0.00460344 0.00565167 0.312367 -0.00790435 -0.0602465 -0.0871403 0.994341
91 0.00846012 0.00479787 0.280043 -0.0117801 -0.0993138 -0.118185 0.987943
101 9.0467e-05 0.00682058 0.322443 -0.00859728 -0.141679 -0.144849 0.97922
111 -0.0234294 0.0117714 0.40453 0.0129232 -0.189213 -0.158682 0.968943
121 -0.0731908 0.0164694 0.529085 0.0291034 -0.251372 -0.168294 0.952703
131 -0.04885 0.0150175 0.485662 0.0367445 -0.312624 -0.182632 0.93143
141 -0.0520434 0.0152627 0.489959 0.0337251 -0.390211 -0.192023 0.899848
151 -0.0503123 0.0150469 0.488281 0.0311397 -0.460172 -0.19108 0.866464
161 -0.0703386 0.018063 0.502498 0.0306049 -0.523779 -0.196146 0.828399
171 -0.0980769 0.0229425 0.516668 0.0243268 -0.579045 -0.200807 0.789805
181 -0.0980769 0.0229425 0.516668 0.0061733 -0.639193 -0.187897 0.745713
191 -0.0810201 0.0188195 0.513405 0.00199294 -0.710828 -0.187023 0.678043
201 -0.0693018 0.0156226 0.513533 -0.00422282 -0.759897 -0.186341 0.622748
211 0.0133124 -0.00959856 0.527079 -0.0101703 -0.799261 -0.171799 0.575815
221 -0.140173 0.0383299 0.480572 -0.0117993 -0.829208 -0.154507 0.537032
231 -0.134839 0.0367127 0.48283 -0.00905766 -0.85215 -0.131384 0.506455
241 -0.0752949 0.0205886 0.514131 -0.00922439 0.866299 0.102978 -0.48871
251 -0.107895 0.0270961 0.49488 -0.0201046 0.876028 0.068809 -0.476902
261 -0.207824 0.0391809 0.431029 -0.0379529 0.890044 0.0388721 -0.452626
271 -0.440392 0.0492003 0.262143 -0.0496897 0.904672 0.0209772 -0.422682
281 -0.523532 0.0487612 0.192562 -0.0545481 0.917817 0.00954932 -0.393123
291 -0.562865 0.0473809 0.154967 -0.0446523 0.93615 0.00978227 -0.348616
301 -0.55606 0.0475144 0.162846 -0.0325856 0.950783 0.0166731 -0.307689
311 -0.535856 0.0471127 0.190768 -0.0339604 0.964088 0.024769 -0.262236
321 -0.566858 0.0489429 0.138137 -0.0273041 0.974664 0.0342716 -0.219342
331 -0.550853 0.0468994 0.171733 -0.0205683 0.979114 0.0455678 -0.197069
341 -0.541705 0.0449856 0.193393 -0.0199323 0.980191 0.0591456 -0.187965
351 -0.53035 0.0416647 0.221636 -0.0158958 0.980519 0.0666326 -0.184094
361 -0.515597 0.0365939 0.259148 -0.00651439 0.983532 0.0689225 -0.16695
371 -0.512007 0.0351395 0.269339 -0.00732142 0.989713 0.0702986 -0.124388
381 -0.509265 0.0336167 0.279975 -0.00108971 0.994921 0.0583186 -0.0820412
391 -0.509556 0.0338224 0.278235 0.00457307 0.997515 0.0495822 -0.0498464
401 -0.517733 0.0420313 0.196446 0.00577791 0.998869 0.0342377 -0.0324801
411 -0.520866 0.0453727 0.148076 0.00417499 0.999815 0.0137766 -0.0127286
421 -0.520866 0.0453727 0.148076 0.00930635 0.99995 -0.00206447 0.00298981
431 -0.520368 0.045022 0.0642545 0.00138969 0.999897 -0.0123867 -0.00715836
441 -0.521707 0.0427126 -0.0290116 -0.00352747 0.999353 -0.0312079 -0.0175217
451 -0.524098 0.0384185 -0.0975426 -0.0010816 0.998976 -0.038452 -0.0238205
461 -0.527522 0.0328788 -0.169307 -0.000218794 0.9981 -0.0553244 -0.0271299
471 -0.529995 0.0278317 -0.214656 -0.00625167 0.99664 -0.0734502 -0.0356987
481 -0.531622 0.0244309 -0.237504 -0.0117988 0.994737 -0.0937628 -0.0395947
491 -0.52897 0.030925 -0.203582 -0.00963529 0.994126 -0.106053 -0.0193309
501 -0.52897 0.030925 -0.203582 -0.00528986 0.992778 -0.118831 0.0155934
511 -0.52897 0.030925 -0.203582 0.0034501 0.991051 -0.124246 0.0486641
521 -0.52897 0.030925 -0.203582 0.0178355 0.989069 -0.132604 0.061965
531 -0.52897 0.030925 -0.203582 0.0305216 0.988136 -0.118085 0.0933323
541 -0.52897 0.030925 -0.203582 0.0370622 0.986395 -0.0979681 0.126705
551 -0.522831 0.0257992 -0.227577 0.0408434 0.979509 -0.0783177 0.180997
561 -0.522831 0.0257992 -0.227577 0.0400075 0.972569 -0.0636519 0.22013
571 -0.522831 0.0257992 -0.227577 0.0390397 0.965669 -0.0445921 0.252923
581 -0.522831 0.0257992 -0.227577 0.0405028 0.954133 -0.0231866 0.295722
591 -0.58182 0.0329522 -0.141152 0.0355127 0.941785 -0.000347907 0.334335
601 -0.576744 0.0327555 -0.147412 0.0357205 0.93008 0.0153963 0.365292
611 -0.560814 0.032815 -0.16456 0.0344942 0.916254 0.0274394 0.398165
621 -0.549939 0.0331542 -0.17469 0.0361032 0.896865 0.0384761 0.439147
631 -0.513052 0.034895 -0.203217 0.0325242 0.880622 0.0388228 0.471104
641 -0.49551 0.0356903 -0.214875 0.0329983 0.863366 0.0310232 0.502541
651 -0.537858 0.034697 -0.190874 0.0304103 0.853228 0.0298797 0.519793
661 -0.608992 0.0331464 -0.154232 0.0296834 0.851768 0.0323984 0.522073
671 -0.69041 0.030936 -0.112871 0.0134641 0.852756 0.041869 0.520455
681 -0.743927 0.0274801 -0.0854887 0.0127677 0.844426 0.0531387 0.532877
691 -0.795368 0.0231347 -0.0611503 0.010441 0.842697 0.0621706 0.534685
701 -0.856839 0.0167579 -0.0325081 0.003241 0.846743 0.0710836 0.527222
711 -0.970461 0.00188121 0.0226899 -0.000421295 0.85196 0.086065 0.516485
721 -1.10209 -0.0201191 0.0902498 -0.00518574 0.869412 0.0909382 0.48562
731 -1.10708 -0.0210853 0.0932807 -0.000266389 0.888959 0.101664 0.44656
741 -1.17321 -0.0361601 0.141631 -0.00269628 0.909081 0.112875 0.401029
751 -1.24527 -0.0566755 0.206215 -0.0117254 0.918954 0.114804 0.377102
761 -1.29742 -0.0732808 0.258275 -0.00729401 0.934418 0.129742 0.331626
771 -1.27444 -0.0640813 0.23051 0.00789016 0.946447 0.149919 0.285833
781 -1.24823 -0.0506111 0.192326 7.97942e-05 0.94469 0.133866 0.2994
791 -1.20616 -0.0318089 0.133967 0.00333565 0.94446 0.107815 0.310418
801 -1.19923 -0.0294273 0.124705 0.008486 0.940388 0.0657374 0.333582
811 -1.2106 -0.0315627 0.13862 0.00789387 0.92687 0.0544964 0.371321
821 -1.23157 -0.0344576 0.160472 0.000668012 0.908086 0.0715499 0.412625
831 -1.20305 -0.029533 0.135763 -0.0140184 0.891064 0.0940202 0.443812
841 -1.23071 -0.0358507 0.156414 -0.0304797 0.872807 0.100513 0.476631
851 -1.11668 -0.00761358 0.083866 -0.03893 0.84265 0.103143 0.527055
861 -1.21487 -0.0315812 0.131067 -0.0490333 0.811918 0.10412 0.572315
871 -1.15239 -0.0162745 0.109097 -0.0429059 0.79431 0.0949299 0.598514
881 -1.08218 -0.00121645 0.0893193 -0.0344864 0.784441 0.0766428 0.614483
891 -1.0823 -0.00123637 0.0893479 -0.0335441 0.754942 0.0725593 0.650901
901 -0.95688 0.0184149 0.0711198 -0.0228279 0.707961 0.0676742 0.702631
911 -0.882457 0.0280125 0.0708603 -0.0239264 0.670505 0.0609361 0.739011
921 -0.945579 0.0205332 0.0644912 -0.0191224 0.645222 0.0556965 0.761723
931 -0.874458 0.0278572 0.076575 -0.0062879 0.632681 0.0442049 0.773124
941 -0.870015 0.0281555 0.0774809 0.00518741 0.635305 0.0334588 0.771518
951 -0.887966 0.0275239 0.0739531 0.0161465 0.640442 0.0225737 0.767505
961 -0.920907 0.0273856 0.0679547 0.0250774 0.64395 0.0230582 0.764309
