# width:480 height:360 psr bound:50 mu:0.8
1 0 0 0 0 0 0 1
48 -0.025 0.0166667 0.022177 -0.00548001 0.0106899 -0.00702464 0.999903
56 -0.00760977 0.0170136 0.075209 -0.0133307 0.00754607 -0.0172591 0.999734
61 0.00933091 0.0176416 0.120114 -0.00952921 0.000339164 -0.0277691 0.999569
65 0.0256011 0.0174531 0.157605 -0.00900901 -0.00901409 -0.0393886 0.999143
69 0.0411625 0.016864 0.194628 -0.00630939 -0.019012 -0.0522132 0.998435
73 0.0559835 0.0156931 0.230843 -0.00730795 -0.0314927 -0.0584825 0.997765
76 0.0716323 0.0222881 0.254483 -0.00528935 -0.0421619 -0.0670447 0.996845
79 0.085597 0.0205278 0.280743 -0.006005 -0.0518858 -0.0775073 0.995623
82 0.0910107 0.0197809 0.306554 -0.00800156 -0.0646261 -0.0881038 0.99398
85 0.0958702 0.019026 0.331577 -0.0123441 -0.0771586 -0.0967412 0.992238
88 0.099969 0.0184829 0.358951 -0.0125486 -0.0893175 -0.105534 0.990317
91 0.102893 0.0180365 0.389184 -0.0112242 -0.0993166 -0.115486 0.988268
95 0.111256 0.0160234 0.430597 -0.0140968 -0.115915 -0.123094 0.985501
98 0.117978 0.0054785 0.466044 -0.0129707 -0.129114 -0.133962 0.982454
101 0.116091 -0.00315826 0.49736 -0.00798826 -0.141668 -0.142636 0.979552
104 0.121248 -0.0144284 0.530309 -0.00113969 -0.155345 -0.149256 0.976519
107 0.130174 -0.0184091 0.557449 0.00454383 -0.167182 -0.154213 0.97378
110 0.146279 -0.0253625 0.587408 0.0114907 -0.18292 -0.156439 0.970533
113 0.153368 -0.0298413 0.614257 0.0178382 -0.201263 -0.157579 0.966615
116 0.152071 -0.0318651 0.637827 0.0226336 -0.218167 -0.16055 0.962349
118 0.152213 -0.0341457 0.656472 0.025443 -0.231926 -0.161746 0.958854
120 0.151001 -0.0363533 0.676265 0.0282516 -0.244581 -0.164187 0.955209
122 0.149111 -0.0385972 0.696267 0.0311631 -0.25782 -0.167642 0.951028
124 0.152798 -0.0435251 0.720457 0.0336913 -0.270782 -0.169638 0.946977
126 0.149992 -0.0457875 0.739582 0.0362917 -0.283298 -0.172975 0.942605
128 0.152979 -0.0507698 0.762165 0.038864 -0.295167 -0.176582 0.938182
131 0.162329 -0.0511655 0.792663 0.0377753 -0.312595 -0.180514 0.931811
133 0.159853 -0.0534226 0.808367 0.0376442 -0.325036 -0.184608 0.926744
135 0.16687 -0.0513808 0.827243 0.0392435 -0.338028 -0.188404 0.92125
137 0.16449 -0.0535892 0.841306 0.0376285 -0.351572 -0.190787 0.915741
139 0.170733 -0.0515917 0.860244 0.037803 -0.366927 -0.190495 0.909751
140 0.166304 -0.053488 0.87542 0.0354833 -0.382096 -0.190796 0.903515
142 0.167306 -0.048491 0.888612 0.0337808 -0.39797 -0.189308 0.897018
144 0.162629 -0.0501522 0.902817 0.031979 -0.412261 -0.188334 0.890813
146 0.15292 -0.0488737 0.911374 0.0340022 -0.426934 -0.187234 0.884033
148 0.142506 -0.0475202 0.919965 0.0331797 -0.440426 -0.188388 0.877174
150 0.134408 -0.0486691 0.9356 0.032583 -0.453591 -0.189299 0.870264
152 0.125099 -0.0495893 0.951552 0.0331763 -0.466999 -0.189126 0.863159
154 0.114529 -0.0502505 0.967523 0.0342363 -0.479334 -0.189405 0.856266
156 0.0960155 -0.0497414 0.98803 0.0330988 -0.495223 -0.189084 0.847293
158 0.0837534 -0.0500552 1.00372 0.0322877 -0.506998 -0.190198 0.84008
160 0.072936 -0.0505243 1.01803 0.0323215 -0.518476 -0.192386 0.832541
163 0.0558877 -0.0499181 1.03512 0.0309005 -0.534619 -0.196579 0.821331
165 0.0444478 -0.0501288 1.04857 0.0292609 -0.54638 -0.198536 0.81314
167 0.0332749 -0.0502307 1.06122 0.0288419 -0.557728 -0.198257 0.805482
170 0.0172595 -0.0493619 1.07542 0.0275456 -0.573605 -0.198863 0.794149
172 0.00738407 -0.047387 1.07906 0.0239313 -0.583885 -0.198978 0.786711
174 0.00357437 -0.0414234 1.09055 0.020306 -0.595573 -0.196222 0.778703
176 -0.00450815 -0.0396773 1.09305 0.01637 -0.607417 -0.193233 0.770349
178 -0.0113502 -0.0381558 1.09495 0.0128536 -0.620059 -0.191113 0.760813
180 -0.017595 -0.036724 1.09647 0.00975469 -0.632795 -0.18787 0.751119
182 -0.0228703 -0.0354906 1.09757 0.00700991 -0.645546 -0.184704 0.741017
183 -0.0279545 -0.0342818 1.09846 0.00500277 -0.659319 -0.182071 0.729468
185 -0.0331564 -0.0330253 1.09916 0.00528697 -0.673463 -0.179915 0.716973
187 -0.0383495 -0.0337025 1.10691 0.00384548 -0.68629 -0.18077 0.704495
189 -0.0418416 -0.0347909 1.11435 0.00124756 -0.698201 -0.184325 0.691765
191 -0.0444024 -0.0360685 1.12145 0.00402953 -0.710679 -0.185692 0.678556
193 -0.0468396 -0.03745 1.12846 0.00343581 -0.72151 -0.18762 0.666491
195 -0.0495362 -0.0388488 1.13558 0.00285449 -0.731847 -0.187686 0.655107
197 -0.0524183 -0.0402108 1.14263 0.00118694 -0.741678 -0.18757 0.643995
199 -0.0535946 -0.0398703 1.1425 0.000281135 -0.750919 -0.186264 0.633582
201 -0.0543906 -0.0396366 1.1424 -0.00204248 -0.75975 -0.185195 0.623281
203 -0.0547016 -0.0395433 1.14235 -0.00294961 -0.768377 -0.183278 0.613186
206 -0.054454 -0.0396183 1.14239 -0.00365704 -0.780828 -0.178815 0.598598
209 -0.0561758 -0.0390952 1.14199 -0.00534668 -0.79236 -0.17324 0.584914
212 -0.0568983 -0.0388759 1.14179 -0.00866143 -0.802533 -0.169335 0.572007
215 -0.054901 -0.0374041 1.13491 -0.0107068 -0.811287 -0.165466 0.560642
218 -0.0547192 -0.0374603 1.13497 -0.0116799 -0.820492 -0.159597 0.548804
221 -0.0523265 -0.0361103 1.12796 -0.00915917 -0.829004 -0.154097 0.537515
224 -0.0569871 -0.0401922 1.11669 -0.00769526 -0.836184 -0.147459 0.528198
227 -0.0625279 -0.0440989 1.10482 -0.00668027 -0.844151 -0.140253 0.517391
231 -0.0696128 -0.0476723 1.09195 -0.00641435 -0.851972 -0.131044 0.506883
235 -0.0773147 -0.0512622 1.07845 0.00106287 0.857895 0.121722 -0.499198
