# width:480 height:360 psr bound:50 mu:0.8
1 0 0 0 0 0 0 1
30 0.0333333 0 -0.0316101 -0.00271679 0.0767724 0.0158478 0.996919
50 0.0449486 0.00761149 -0.0503719 -0.00564605 0.15078 0.0317683 0.988041
71 0.093382 0.00358575 -0.0865056 -0.0139955 0.225272 0.0441597 0.973194
120 0.36961 -0.0110047 -0.0881295 -0.0223065 0.297368 0.0410502 0.953619
166 0.59593 -0.0647995 0.146851 -0.0055875 0.228953 0.0138156 0.973323
272 0.593192 -0.177872 0.873951 0.00257558 0.17465 0.00429623 0.984618
303 0.563238 -0.200567 1.05931 -0.0184964 0.104629 -0.0203425 0.994131
317 0.552586 -0.217298 1.14534 -0.0131654 0.0322083 -0.0428465 0.998476
324 0.540409 -0.222211 1.17805 -0.0118388 -0.0002659 -0.0568221 0.998314
328 0.532812 -0.227847 1.19564 -0.0068353 -0.0192873 -0.0623991 0.997841
329 0.532623 -0.227766 1.20066 -0.00736167 -0.0228248 -0.0639905 0.997662
330 0.532378 -0.22767 1.20614 -0.00834054 -0.0262927 -0.0658452 0.997449
331 0.53206 -0.227545 1.21234 -0.00903584 -0.0296388 -0.0675164 0.997237
332 0.531709 -0.227411 1.21839 -0.00877614 -0.0332677 -0.069276 0.997004
333 0.531379 -0.2273 1.22344 -0.00785718 -0.0366741 -0.0706267 0.996797
334 0.53111 -0.227222 1.22717 -0.00628431 -0.0402224 -0.0717692 0.99659
335 0.530725 -0.227133 1.232 -0.00575733 -0.0447762 -0.0726454 0.996336
337 0.522636 -0.225897 1.24153 -0.0041802 -0.0532052 -0.0743114 0.995806
338 0.522215 -0.225832 1.24551 -0.00295638 -0.0572068 -0.0750698 0.995532
339 0.51431 -0.224645 1.24936 -0.00259068 -0.0605425 -0.0758636 0.995275
341 0.504609 -0.230784 1.25841 -0.00299305 -0.0649407 -0.075845 0.994998
352 0.427576 -0.241946 1.30711 0.00998008 -0.0923584 -0.0776127 0.992646
353 0.419211 -0.240809 1.31151 0.0087633 -0.0941995 -0.0780431 0.992451
373 0.284555 -0.244455 1.36568 0.00907116 -0.159232 -0.0937678 0.982736
391 0.204795 -0.248286 1.43345 0.00797599 -0.231699 -0.105808 0.966983
395 0.187902 -0.253216 1.44775 0.00598261 -0.244412 -0.108822 0.963527
399 0.170146 -0.257902 1.4625 0.00669322 -0.259805 -0.11388 0.958899
402 0.150461 -0.262451 1.47862 0.00270297 -0.27915 -0.116416 0.953161
406 0.127997 -0.266422 1.49737 0.00518784 -0.305978 -0.123422 0.94399
412 0.10496 -0.270168 1.51409 0.0115636 -0.340175 -0.130262 0.931224
420 0.0755119 -0.273025 1.5357 0.0140581 -0.3803 -0.130839 0.915454
433 0.0145249 -0.268536 1.55598 0.00690775 -0.433543 -0.131542 0.891453
452 -0.070891 -0.259748 1.58727 -0.0117663 -0.485764 -0.124842 0.865049
468 -0.105573 -0.282415 1.60221 -0.0550797 -0.53587 -0.144397 0.830036
482 -0.106813 -0.2843 1.63641 -0.0564376 -0.59407 -0.162431 0.785819
488 -0.109291 -0.285389 1.65389 -0.0544295 -0.625821 -0.164016 0.760582
489 -0.110609 -0.284982 1.65419 -0.0535484 -0.631103 -0.164183 0.756231
491 -0.11355 -0.284078 1.65481 -0.0494574 -0.641797 -0.163461 0.747617
507 -0.136962 -0.277036 1.65906 -0.0404154 -0.697757 -0.171904 0.694227
526 -0.19931 -0.267909 1.62645 -0.0191049 -0.749083 -0.165565 0.64117
551 -0.274573 -0.263796 1.51778 0.00838138 -0.793247 -0.164239 0.586272
569 -0.325775 -0.247555 1.43944 0.00474076 -0.835276 -0.17035 0.522755
584 -0.408163 -0.23123 1.35704 -0.00992585 0.873017 0.173189 -0.455795
589 -0.434878 -0.225938 1.32905 -0.0143643 0.885734 0.17319 -0.430435
604 -0.506421 -0.215627 1.23241 -0.0126129 0.915301 0.177373 -0.361391
641 -0.61648 -0.177446 0.957719 -0.0214679 0.940275 0.177995 -0.289378
657 -0.665356 -0.162128 0.814228 -0.0194183 0.955001 0.177268 -0.237006
661 -0.672958 -0.158323 0.782847 -0.0226155 0.959321 0.179736 -0.216535
663 -0.673711 -0.158712 0.761621 -0.0241512 0.960783 0.181429 -0.20832
668 -0.687649 -0.154754 0.730388 -0.0250971 0.963116 0.185078 -0.193711
711 -0.750157 -0.112642 0.368006 -0.0311264 0.97683 0.174511 -0.119915
744 -0.808789 -0.119439 0.186964 -0.0447962 0.988582 0.130651 -0.0602458
772 -0.775866 -0.0981592 0.056824 -0.0425785 0.990836 0.127226 0.0156483
795 -0.773184 -0.0817573 -0.0385074 -0.0408429 0.986121 0.129969 0.0948948
813 -0.800099 -0.061882 -0.126887 -0.0431147 0.976321 0.123249 0.172474
836 -0.756477 -0.0480438 -0.269562 -0.0438461 0.959604 0.127366 0.247015
857 -0.689954 -0.0333883 -0.390038 -0.0454978 0.93729 0.131656 0.319505
879 -0.605603 -0.0206055 -0.510968 -0.0479576 0.908663 0.132801 0.392932
889 -0.54203 -0.00222174 -0.570588 -0.0491688 0.875546 0.123142 0.464583
896 -0.380703 -0.00811949 -0.422761 -0.0491688 0.875546 0.123142 0.464583
899 -0.50056 -0.00337607 -0.591109 -0.0549782 0.850765 0.121021 0.508459
907 -0.45153 -0.00276352 -0.610353 -0.0545464 0.836672 0.117507 0.532162
925 -0.318152 0.00103399 -0.646603 -0.0543259 0.794079 0.10546 0.596126
942 -0.196275 0.00611312 -0.670261 -0.058482 0.744867 0.109609 0.655545
958 -0.0841076 0.0229196 -0.684455 -0.0620021 0.694985 0.0929483 0.71029
972 0.0128513 0.0291553 -0.682546 -0.0678748 0.638923 0.0928915 0.760619
994 0.159332 0.0166207 -0.643265 -0.0758505 0.5822 0.0721153 0.806281
1014 0.272314 0.0145368 -0.58212 -0.079365 0.517315 0.066693 0.849493
1029 0.362582 0.00286192 -0.536267 -0.0883331 0.453927 0.0455311 0.88548
1043 0.429225 -0.0043267 -0.482455 -0.0867136 0.383841 0.0366948 0.918586
1063 0.494261 -0.0340366 -0.390161 -0.0803973 0.329228 0.0117966 0.940748
1068 0.507902 -0.0401648 -0.363951 -0.0779274 0.315549 0.0120083 0.945628
1091 0.550126 -0.0600434 -0.216125 -0.0635594 0.24474 -0.00406434 0.967495
1121 0.612456 -0.0841409 -0.018895 -0.0501021 0.172077 -0.0117084 0.983739
1207 0.701139 -0.150113 0.542476 -0.0241977 0.102484 -0.0126852 0.994359
