# width:480 height:360 psr bound:50 mu:0.8
1 0 0 0 0 0 0 1
91 0.28125 0.028125 -0.079222 -0.00673213 0.264135 0.120133 0.956951
181 0.183664 -0.0482277 -0.0276649 0.0461213 0.0771235 0.0433295 0.995011
231 0.0701094 -0.0459694 0.00645387 0.0322113 -0.159259 -0.0423524 0.985802
316 -0.0937035 0.0955208 -0.11183 -0.0258625 -0.439029 -0.164664 0.882876
356 -0.139106 0.00815887 -0.136366 0.0448799 -0.453913 -0.128215 0.88063
396 -0.0745135 -0.0694767 -0.0516058 0.0721875 -0.287885 -0.0677987 0.952531
461 0.00280536 -0.00507426 0.0716091 0.00556714 -0.0149056 0.0150417 0.99976
521 0.0290058 -0.231563 0.703234 -0.0304078 0.0494516 0.0602145 0.996496
586 0.285686 -0.337239 0.816874 0.0030914 0.30511 0.147144 0.940876
646 0.219335 -0.440294 0.914167 0.0753773 0.236685 0.0882591 0.964629
731 -0.109261 -0.473557 1.01997 0.0439585 -0.0937838 -0.0148572 0.994511
851 -0.0798747 0.216038 1.24671 0.0112608 -0.267659 -0.0928882 0.95896
886 -0.0663077 0.303567 1.20584 -0.0262436 -0.233989 -0.0771873 0.968815
901 -0.0895673 0.315275 1.18298 -0.0258792 -0.294452 -0.105569 0.949465
911 -0.10509 0.318759 1.17893 -0.0211916 -0.336465 -0.126539 0.932915
916 -0.112811 0.320825 1.17751 -0.0199146 -0.359389 -0.139915 0.922424
921 -0.120724 0.323145 1.17639 -0.0178966 -0.379741 -0.149957 0.912682
926 -0.128258 0.325537 1.17493 -0.019677 -0.401661 -0.156905 0.902032
931 -0.139616 0.32315 1.16614 -0.017407 -0.424276 -0.165923 0.890032
936 -0.147427 0.318805 1.17054 -0.0129848 -0.451141 -0.17572 0.874886
941 -0.1575 0.316066 1.16865 -0.00413158 -0.478396 -0.179068 0.859683
946 -0.160921 0.318101 1.16355 0.00438761 -0.501792 -0.183142 0.845366
956 -0.174662 0.30467 1.18128 0.0112913 -0.543925 -0.190218 0.817212
986 -0.199121 0.298077 1.14931 0.0256915 -0.6642 -0.203059 0.718989
996 -0.218471 0.298375 1.16469 0.0294515 -0.683978 -0.203114 0.700037
1006 -0.218999 0.29188 1.14064 0.0414365 -0.713668 -0.189755 0.673018
1146 -0.159096 0.0904167 1.25394 0.150028 -0.495341 -0.0802721 0.851872
1236 -0.0180003 0.119439 1.35141 0.157434 -0.120334 -0.00117718 0.98017
1306 0.101808 0.0497341 1.3126 0.155899 0.138326 0.0378397 0.977307
1396 -0.0943114 -0.495514 1.36247 -0.0345332 0.383097 0.191786 0.902919
1426 -0.119246 -0.622108 1.56662 -0.0107093 0.519349 0.26494 0.812385
