# width:480 height:360 psr bound:50 mu:0.8
1 6.90811e-310 6.95257e-310 6.90813e-310 2.22231e-312 9.48043e-316 -2.22326e-312 0.5
2 0 0.00833333 -0.00231281 0.00128699 -0.000203279 -0.000307561 0.999999
3 0 0 -0.00233021 -0.00128218 0.000187034 -0.000238289 0.999999
4 0 0 -0.00182517 -0.00159889 0.000709168 -0.000451337 0.999998
5 0 0.00833333 -0.00258105 -0.00161482 0.000699357 -0.0010033 0.999998
6 0 0.0166667 -0.00246589 -0.00139027 0.000680236 -0.000624908 0.999999
7 0 0 -0.001871 -0.00421278 0.00122758 -0.000874612 0.99999
8 0 0.00833333 -0.00117127 -0.00195144 0.000680351 -0.000464343 0.999998
9 0 0.00833333 -0.00159697 -0.00143381 0.000705339 -0.000517897 0.999999
10 0 0.00833333 -0.00109087 -0.00236439 0.000811962 -0.000588826 0.999997
11 0 0.00833333 -0.000247422 -0.00157513 0.000679512 -0.000336008 0.999998
12 0 0 0.000470449 -0.00159172 0.000689567 -0.000371632 0.999998
13 0 0.00833333 0.000963004 0 0 0 1
14 0 0 0.000924207 0 0 0 1
15 0 0.00833333 0.000982912 0.00131401 -2.02022e-05 0.00119941 0.999998
16 0 0 0.000856123 0.00139055 -5.37509e-05 0.00118137 0.999998
17 0 0 0.000130999 0.0013858 -0.000285307 0.000666895 0.999999
18 0 0.00833333 0.00022484 0.000975436 -0.000466152 -4.30027e-06 0.999999
19 0 0.00833333 -0.000117805 0.000653785 -0.000322427 -0.00113071 0.999999
20 0 0 -0.000809312 -0.000787395 0.000317948 -0.00414989 0.999991
21 0 0 -0.000675662 -0.0014636 0.00069997 -0.0034793 0.999993
22 0 0 -0.000813415 -0.00146103 0.000700664 -0.00330243 0.999993
23 -0.00833333 0.00833333 -0.000594643 -0.00144844 0.000702537 -0.00239085 0.999996
24 -0.00833333 0.00833333 -0.000623041 -0.00143573 0.000702788 -0.00229495 0.999996
25 -0.00833333 0.00833333 -0.000523586 -0.00144272 0.000710844 -0.00236756 0.999996
26 -0.00833333 0 -0.000807589 -0.00146182 0.000710052 -0.00310736 0.999994
27 -0.00833333 0 -0.000655306 -0.00145714 0.000708864 -0.00393398 0.999991
28 -0.00833333 0 -0.000333876 -0.00146207 0.000709428 -0.00338511 0.999993
29 -0.00833333 0 -0.000479119 -0.00145378 0.000708236 -0.00366895 0.999992
30 -0.00833333 0 -0.000578076 -0.00150263 0.00074676 -0.00590478 0.999981
31 0 0 -0.000590934 -0.00151004 0.000749505 -0.00686687 0.999975
32 -0.00833333 0.00833333 0.000130637 -0.00143951 0.000709012 -0.00364783 0.999992
33 -0.00833333 0.00833333 0.000326943 -0.00143721 0.000707267 -0.00460879 0.999988
34 -0.00833333 0.00833333 -0.0002775 -0.00139533 0.000673823 -0.00466528 0.999988
35 -0.00833333 0.0166667 -5.27917e-05 -0.00142541 0.000707303 -0.00340759 0.999993
36 -0.00833333 0.00833333 0.000132646 -0.00273441 0.00188279 -0.00539312 0.99998
37 -0.00833333 0.00833333 0.000151298 -0.00262968 0.00324846 -0.00567422 0.999975
38 -0.0166667 0.0166667 -0.000498925 -0.00259919 0.00412908 -0.00482985 0.999976
39 -0.0166667 0.00833333 0.000444314 -0.00469312 0.00494394 -0.00406989 0.999968
40 -0.0166667 0.00833333 0.00248435 -0.00580695 0.00520186 -0.00307623 0.999965
41 -0.0166667 0.00833333 0.00353715 -0.0051429 0.00557833 -0.00228496 0.999969
42 -0.0166667 0.00833333 0.00533904 -0.00500617 0.00584175 -0.00171436 0.999969
43 -0.0166667 0.00833333 0.00729957 -0.00484933 0.00622889 -0.00137458 0.999968
44 -0.0166667 0.00833333 0.00907622 -0.00400531 0.00711119 -0.00177838 0.999965
45 -0.0166667 0.00833333 0.0109814 -0.00343853 0.0079663 -0.00268331 0.999959
46 -0.0166667 0.0166667 0.0140446 -0.00432253 0.0091109 -0.00381959 0.999942
47 -0.025 0.0166667 0.0186182 -0.00519187 0.0102343 -0.00518657 0.999921
48 -0.025 0.0166667 0.0221774 -0.00541421 0.0106694 -0.00693282 0.999904
49 -0.0248918 0.0167206 0.0272301 -0.00722618 0.0110761 -0.00887569 0.999873
50 -0.0247682 0.0167823 0.0330022 -0.00892665 0.0115109 -0.0105502 0.999838
51 -0.0246369 0.0168478 0.0391323 -0.00950513 0.0113867 -0.0121349 0.999816
52 -0.0245114 0.0169104 0.0449889 -0.00975836 0.0110942 -0.0133737 0.999801
53 -0.0161472 0.0249854 0.0508028 -0.0111663 0.0108687 -0.0146965 0.999771
54 -0.0160863 0.0169478 0.0589513 -0.0127324 0.0106517 -0.0154617 0.999743
55 -0.01591 0.0170357 0.0671835 -0.0133287 0.00944466 -0.0160982 0.999737
56 -0.0157372 0.0171219 0.0752492 -0.0132625 0.00752801 -0.0171508 0.999737
57 -0.0158749 0.00924046 0.0844483 -0.0132696 0.00617008 -0.0183814 0.999724
58 -0.00760298 0.00921867 0.0941673 -0.0114346 0.00454298 -0.0200792 0.999723
59 -0.00721133 0.0175302 0.10134 -0.00991104 0.00319368 -0.0225746 0.999691
60 0.00105385 0.017497 0.110624 -0.00981481 0.00189496 -0.0252247 0.999632
61 0.00120231 0.0177484 0.120193 -0.00946534 0.000322782 -0.0276202 0.999574
62 0.00121342 0.0179281 0.129701 -0.00895748 -0.00170081 -0.0299192 0.999511
63 0.00933687 0.017655 0.138984 -0.00899114 -0.00408613 -0.0322095 0.999432
64 0.017461 0.0173925 0.148828 -0.008656 -0.00656571 -0.035159 0.999323
65 0.025584 0.0171131 0.157783 -0.00894602 -0.00902855 -0.0393796 0.999143
66 0.0328612 0.0085702 0.168489 -0.0102977 -0.0115854 -0.042625 0.998971
67 0.03271 0.00873229 0.177206 -0.00844904 -0.0134408 -0.0464975 0.998792
68 0.0406455 0.00826906 0.186761 -0.00661097 -0.0162867 -0.049582 0.998615
69 0.0411442 0.0165197 0.194805 -0.00624744 -0.0190249 -0.0522357 0.998434
70 0.0488611 0.0158128 0.204697 -0.00676327 -0.0220525 -0.054072 0.998271
71 0.0485494 0.0159335 0.213039 -0.00614528 -0.0252702 -0.0554397 0.998123
72 0.0562972 0.0152146 0.222102 -0.00642011 -0.028133 -0.0567434 0.997972
73 0.0559639 0.0153437 0.231023 -0.00724542 -0.0315027 -0.0584874 0.997765
74 0.0635198 0.0145446 0.239543 -0.00626198 -0.0350074 -0.060758 0.997519
75 0.0630378 0.0146857 0.247299 -0.0047718 -0.0387405 -0.0638914 0.997193
76 0.0716121 0.0219357 0.254664 -0.00522835 -0.0421681 -0.067054 0.996844
77 0.0789125 0.0209925 0.26399 -0.00679121 -0.0457327 -0.070708 0.996425
78 0.078187 0.0211324 0.272661 -0.00666406 -0.0484609 -0.074223 0.996041
79 0.085578 0.0201717 0.280903 -0.00594051 -0.0518834 -0.0774354 0.995629
80 0.0926891 0.0190932 0.290227 -0.0067395 -0.0562932 -0.0806999 0.995125
81 0.0918445 0.019257 0.298431 -0.007394 -0.0602218 -0.0842898 0.994592
82 0.0909927 0.0194223 0.306704 -0.00793559 -0.0646098 -0.0880062 0.993991
83 0.0899631 0.0196423 0.31474 -0.00991993 -0.0685375 -0.0911258 0.993429
84 0.0968906 0.0184436 0.323629 -0.0117237 -0.0726833 -0.0939026 0.992855
85 0.0958517 0.0186656 0.331737 -0.0122757 -0.0771465 -0.0966339 0.99225
86 0.102603 0.0174292 0.341733 -0.012532 -0.0816174 -0.0994426 0.991611
87 0.101228 0.0177873 0.350739 -0.0123229 -0.0857416 -0.102428 0.990962
88 0.0999482 0.0181208 0.359129 -0.0124765 -0.0893025 -0.105407 0.990333
89 0.0984572 0.0184934 0.367547 -0.0120733 -0.0925707 -0.108787 0.989672
90 0.10462 0.0172351 0.379503 -0.0110791 -0.096261 -0.112256 0.988944
91 0.102871 0.0176721 0.389377 -0.0111505 -0.0992991 -0.115344 0.988287
92 0.100884 0.0181331 0.399429 -0.0113245 -0.102718 -0.117298 0.987705
93 0.107041 0.0166671 0.410144 -0.01237 -0.10667 -0.118846 0.987089
94 0.105147 0.0171065 0.419725 -0.0128527 -0.110978 -0.120584 0.986397
95 0.111234 0.0156568 0.430795 -0.0140187 -0.115895 -0.122951 0.985523
96 0.106247 0.00809762 0.443281 -0.0149047 -0.120752 -0.126481 0.984479
97 0.1121 0.00660443 0.454777 -0.0134432 -0.124904 -0.130225 0.983494
98 0.117984 0.00510351 0.466139 -0.0129022 -0.12909 -0.133907 0.982465
99 0.120729 -0.0046462 0.479573 -0.0128675 -0.133191 -0.138247 0.981317
100 0.118442 -0.00409849 0.488406 -0.0103319 -0.137472 -0.140339 0.980459
101 0.116146 -0.00354874 0.497271 -0.00792491 -0.141643 -0.142615 0.979559
102 0.12948 -0.00780213 0.510311 -0.00642187 -0.1462 -0.144884 0.978567
103 0.134683 -0.0096312 0.521938 -0.0033401 -0.151221 -0.147072 0.977492
104 0.1213 -0.0148218 0.530235 -0.00107659 -0.155319 -0.149231 0.976527
105 0.126946 -0.0170027 0.54009 0.00112493 -0.159138 -0.151034 0.975634
106 0.124391 -0.0165939 0.548117 0.00370317 -0.163149 -0.152434 0.974747
107 0.130232 -0.018806 0.557359 0.00460505 -0.167154 -0.154192 0.973788
108 0.13584 -0.0211558 0.566654 0.00637936 -0.171525 -0.155797 0.972762
109 0.133697 -0.0208767 0.572842 0.00911686 -0.176727 -0.156298 0.971728
110 0.146337 -0.0257618 0.587321 0.0115521 -0.18289 -0.156414 0.970542
111 0.144032 -0.0255382 0.593315 0.013686 -0.189129 -0.156525 0.9693
112 0.149026 -0.0279194 0.602974 0.0154674 -0.19506 -0.157062 0.96801
113 0.153429 -0.0302433 0.614166 0.0178989 -0.201231 -0.157553 0.966624
114 0.150721 -0.0300457 0.620468 0.0196425 -0.207186 -0.15843 0.965188
115 0.155218 -0.0324951 0.630558 0.0209597 -0.212625 -0.159823 0.963747
116 0.152132 -0.0322699 0.637738 0.0226944 -0.218134 -0.160523 0.962359
117 0.155681 -0.0347628 0.649176 0.0237602 -0.224666 -0.16129 0.960701
118 0.15228 -0.034553 0.656372 0.0255044 -0.231892 -0.161731 0.958863
119 0.148396 -0.0343292 0.664013 0.0273049 -0.238086 -0.162698 0.957131
120 0.151074 -0.0367633 0.676157 0.0283108 -0.244547 -0.164186 0.955216
121 0.153236 -0.0392326 0.688686 0.0300117 -0.251278 -0.166236 0.95306
122 0.149191 -0.03901 0.696148 0.0312191 -0.257788 -0.167639 0.951035
123 0.151124 -0.0414802 0.708087 0.0323715 -0.264036 -0.168631 0.949105
124 0.152859 -0.0439395 0.720371 0.0337529 -0.270751 -0.169615 0.946987
125 0.154317 -0.0464314 0.732576 0.0354226 -0.277244 -0.171033 0.94479
126 0.150044 -0.0462039 0.739512 0.0363521 -0.283268 -0.172952 0.942616
127 0.151772 -0.0487087 0.750447 0.0373197 -0.289218 -0.175247 0.940345
128 0.153038 -0.0511886 0.762087 0.0389166 -0.295136 -0.176557 0.938194
129 0.148587 -0.050944 0.768539 0.0393939 -0.300606 -0.178054 0.936152
130 0.160368 -0.0490029 0.782477 0.0383908 -0.306346 -0.1796 0.934035
131 0.162375 -0.0515856 0.792604 0.0378377 -0.312562 -0.180495 0.931824
132 0.158126 -0.051284 0.798318 0.0381541 -0.318729 -0.182114 0.929403
133 0.159924 -0.0538464 0.808276 0.0376975 -0.325002 -0.184588 0.926758
134 0.156397 -0.0535597 0.812773 0.0388444 -0.331202 -0.186438 0.924141
135 0.16695 -0.0518066 0.827141 0.0392937 -0.337996 -0.188383 0.921264
136 0.167453 -0.0542649 0.83773 0.038572 -0.345039 -0.190044 0.918337
137 0.164577 -0.054017 0.841196 0.0376772 -0.351537 -0.190768 0.915756
138 0.164702 -0.0564082 0.851879 0.0376148 -0.358819 -0.190555 0.912975
139 0.170844 -0.052023 0.860108 0.0378475 -0.366886 -0.190485 0.909768
140 0.166479 -0.0539274 0.875217 0.0355144 -0.382077 -0.190813 0.903519
141 0.161742 -0.0533781 0.879964 0.0350262 -0.390091 -0.190037 0.900271
142 0.170746 -0.0516092 0.895262 0.0338135 -0.397952 -0.189319 0.897022
143 0.17003 -0.0537621 0.905756 0.0324825 -0.405341 -0.188725 0.893883
144 0.166076 -0.0532723 0.909461 0.0320101 -0.412243 -0.188347 0.890818
145 0.162344 -0.0527812 0.91275 0.0325712 -0.419632 -0.187576 0.887504
146 0.156381 -0.0519963 0.918007 0.0340304 -0.426915 -0.187249 0.884038
147 0.150725 -0.0512616 0.922672 0.0338994 -0.433529 -0.187832 0.880694
148 0.145981 -0.0506452 0.926586 0.0332047 -0.440405 -0.188406 0.87718
149 0.140363 -0.0498747 0.93095 0.0328513 -0.447259 -0.188892 0.873613
150 0.137904 -0.051798 0.942205 0.0326027 -0.45357 -0.18932 0.87027
151 0.132269 -0.05099 0.946326 0.0326031 -0.460011 -0.189206 0.866907
152 0.128599 -0.0527195 0.958156 0.0331949 -0.466977 -0.189148 0.863165
153 0.122074 -0.0517683 0.962632 0.0339 -0.473459 -0.189202 0.859587
154 0.118029 -0.0533814 0.974128 0.0342539 -0.479311 -0.189426 0.856274
155 0.105918 -0.0538169 0.990504 0.0340275 -0.489377 -0.189157 0.85063
156 0.099533 -0.0528757 0.994625 0.0331125 -0.495201 -0.189109 0.8473
157 0.0924593 -0.0517861 0.998839 0.0329669 -0.501108 -0.189133 0.84382
158 0.0872714 -0.05319 1.01031 0.0323044 -0.506974 -0.19023 0.840087
159 0.0826493 -0.0546535 1.02116 0.0318598 -0.512744 -0.191098 0.836397
160 0.0764703 -0.0536623 1.02462 0.0323339 -0.518455 -0.19242 0.832546
161 0.0698034 -0.0525532 1.02812 0.0322536 -0.523572 -0.194429 0.828873
162 0.0650847 -0.0539984 1.03873 0.0313052 -0.528647 -0.195851 0.825345
163 0.0594426 -0.0530598 1.0417 0.030906 -0.534599 -0.196613 0.821336
164 0.0533164 -0.0519626 1.04463 0.030428 -0.540671 -0.197834 0.817075
165 0.0480242 -0.0532744 1.05514 0.0292609 -0.54636 -0.198569 0.813145
166 0.0432002 -0.054571 1.06495 0.0285109 -0.552281 -0.198234 0.809244
167 0.0368691 -0.0533796 1.06778 0.0288347 -0.55771 -0.198286 0.805488
168 0.0317468 -0.052396 1.06989 0.0277811 -0.562747 -0.199211 0.801784
169 0.0265201 -0.0535983 1.07964 0.0274188 -0.568053 -0.199067 0.798083
170 0.0208866 -0.0525165 1.08196 0.0275281 -0.573589 -0.198888 0.794155
171 0.0156191 -0.0514628 1.08391 0.0260946 -0.57883 -0.199216 0.790309
172 0.0110132 -0.0505414 1.08561 0.0239141 -0.583869 -0.199004 0.786716
173 0.00678209 -0.0496536 1.08706 0.0220591 -0.589462 -0.1977 0.782919
174 0.00722453 -0.044582 1.09709 0.0202821 -0.595559 -0.196244 0.778708
175 0.00302839 -0.0436752 1.09839 0.0182117 -0.601184 -0.194965 0.774748
176 -0.000849919 -0.0428371 1.09959 0.0163454 -0.607403 -0.193259 0.770354
177 -0.00467346 -0.0419865 1.10065 0.01445 -0.613744 -0.192218 0.765612
178 -0.0076994 -0.0413134 1.10149 0.0128352 -0.620043 -0.191146 0.760819
179 -0.010869 -0.0405865 1.10227 0.011492 -0.626543 -0.189424 0.75593
180 -0.0139467 -0.0398806 1.10301 0.00973924 -0.632779 -0.187907 0.751124
181 -0.0165937 -0.0392615 1.10357 0.00803272 -0.639022 -0.186409 0.746216
182 -0.019227 -0.0386457 1.10412 0.00699888 -0.645528 -0.184746 0.741022
183 -0.0243072 -0.0374375 1.105 0.00499011 -0.659301 -0.182114 0.729473
184 -0.0265702 -0.0368907 1.1053 0.00538568 -0.666557 -0.180669 0.723209
185 -0.029507 -0.0361811 1.1057 0.00527539 -0.673445 -0.17996 0.716979
186 -0.0313851 -0.0357253 1.10588 0.00457195 -0.679942 -0.18046 0.710698
187 -0.0346958 -0.0368592 1.11345 0.0038308 -0.686273 -0.180813 0.704501
188 -0.0364835 -0.036411 1.11356 0.0024162 -0.692292 -0.182242 0.698222
189 -0.0381841 -0.0379486 1.1209 0.00122792 -0.698185 -0.184364 0.69177
190 -0.0382787 -0.0379236 1.1209 0.00250534 -0.704414 -0.185346 0.685158
191 -0.0407484 -0.0392253 1.128 0.0040038 -0.710666 -0.185723 0.678561
192 -0.0430426 -0.0406449 1.135 0.00388461 -0.716243 -0.186752 0.672388
193 -0.043177 -0.0406089 1.135 0.00340272 -0.7215 -0.187647 0.666494
194 -0.0434611 -0.0405304 1.13499 0.00322784 -0.726821 -0.187794 0.660647
195 -0.0458714 -0.0420081 1.14212 0.00281939 -0.73184 -0.187711 0.655109
196 -0.0467469 -0.0417609 1.14206 0.00205145 -0.736679 -0.187472 0.649734
197 -0.0487439 -0.0433725 1.14917 0.00114448 -0.741674 -0.187592 0.643994
198 -0.0491487 -0.0432553 1.14913 0.000790479 -0.746345 -0.187149 0.638704
199 -0.0499199 -0.0430319 1.14905 0.000234046 -0.750918 -0.186282 0.633578
200 -0.0505328 -0.0428519 1.14897 -0.00113814 -0.75533 -0.185838 0.628443
201 -0.050715 -0.0427984 1.14894 -0.00209209 -0.75975 -0.185212 0.623275
202 -0.0508887 -0.0427463 1.14891 -0.00261097 -0.764043 -0.184387 0.61825
203 -0.0510354 -0.0427022 1.14889 -0.00301182 -0.768382 -0.18328 0.613179
204 -0.0511491 -0.0426678 1.14887 -0.00325275 -0.77252 -0.18204 0.608328
205 -0.05097 -0.0427221 1.1489 -0.00380525 -0.776542 -0.18077 0.603565
206 -0.0508037 -0.0427725 1.14893 -0.00374081 -0.78084 -0.178792 0.598589
207 -0.0512983 -0.0426222 1.14882 -0.00354063 -0.784921 -0.176456 0.593927
208 -0.0522698 -0.0423269 1.14859 -0.00427441 -0.788755 -0.17423 0.589484
209 -0.0525535 -0.0422407 1.14852 -0.0054523 -0.792378 -0.173189 0.584904
210 -0.0527691 -0.0421752 1.14846 -0.0066426 -0.795799 -0.172264 0.580504
211 -0.052765 -0.0421765 1.14846 -0.00780972 -0.799095 -0.171014 0.576316
212 -0.053304 -0.0420128 1.14831 -0.00878196 -0.802556 -0.169264 0.571993
213 -0.0536316 -0.041912 1.14821 -0.00966554 -0.805614 -0.168021 0.568033
214 -0.0533451 -0.0420002 1.1483 -0.0104979 -0.808439 -0.167011 0.56429
215 -0.0513267 -0.0405369 1.14143 -0.0108289 -0.811314 -0.165387 0.560624
216 -0.0516613 -0.0404333 1.14131 -0.0113018 -0.814416 -0.163396 0.556687
217 -0.0517959 -0.0403916 1.14126 -0.0117547 -0.817553 -0.161312 0.552673
218 -0.0512138 -0.0405718 1.14147 -0.0118214 -0.820525 -0.159484 0.548784
219 -0.0508482 -0.0406838 1.14161 -0.0114509 -0.823551 -0.157661 0.544772
220 -0.0510537 -0.0406209 1.14153 -0.0105998 -0.826413 -0.15565 0.54102
221 -0.0488455 -0.039217 1.13445 -0.00930753 -0.82904 -0.153969 0.537493
222 -0.048463 -0.0393312 1.13461 -0.00811029 -0.831394 -0.152006 0.534427
223 -0.0556027 -0.0447474 1.13033 -0.00764967 -0.833762 -0.14957 0.531424
224 -0.0535504 -0.0432894 1.12315 -0.00785087 -0.836222 -0.147313 0.528176
225 -0.0537804 -0.0432229 1.12305 -0.00751144 -0.838967 -0.144841 0.524498
226 -0.0608646 -0.0487146 1.11863 -0.00739213 -0.84164 -0.142613 0.520816
227 -0.0591108 -0.0471948 1.11128 -0.00684025 -0.844191 -0.140097 0.517366
228 -0.0604785 -0.0468125 1.11062 -0.00641218 -0.846305 -0.137465 0.514617
229 -0.06092 -0.0466891 1.1104 -0.00664539 -0.848067 -0.135449 0.512242
230 -0.0660872 -0.0508034 1.09846 -0.00695538 -0.850072 -0.133205 0.509496
231 -0.0662121 -0.0507685 1.0984 -0.00657879 -0.852012 -0.13088 0.506856
232 -0.066803 -0.050611 1.09809 -0.00556174 -0.853929 -0.128256 0.504306
233 -0.0743982 -0.0561171 1.09305 -0.00427773 -0.8555 -0.125579 0.502326
234 -0.0733697 -0.0545087 1.08519 -0.00291488 -0.856812 -0.123404 0.500636
235 -0.0739343 -0.0543582 1.0849 0.00123284 0.857934 0.121548 -0.499172
236 -0.0750521 -0.0540843 1.08428 0.000262612 0.858962 0.119423 -0.497918
237 -0.0799996 -0.0585612 1.07201 -0.00282014 0.860918 0.115619 -0.495423
238 -0.0871751 -0.0643083 1.06701 -0.00466164 0.86212 0.112872 -0.493951
239 -0.0864605 -0.0644834 1.0674 -0.00685964 0.863443 0.110152 -0.492225
240 -0.0871038 -0.0643448 1.06703 -0.00920945 0.864832 0.106405 -0.490569
241 -0.0949701 -0.0701234 1.06143 -0.0117101 0.866143 0.102539 -0.489024
242 -0.0937184 -0.0686582 1.05356 -0.0139105 0.86709 0.098957 -0.488026
243 -0.0944289 -0.0685259 1.05314 -0.0157444 0.867983 0.0954088 -0.487089
244 -0.100936 -0.0731303 1.03955 -0.0167682 0.868654 0.0920947 -0.486495
245 -0.101813 -0.0729671 1.03903 -0.0167742 0.869509 0.0892617 -0.485495
246 -0.109159 -0.0790513 1.0336 -0.0171545 0.870516 0.0860652 -0.484252
247 -0.114841 -0.0841286 1.02041 -0.0178219 0.871533 0.082567 -0.483007
248 -0.11586 -0.0839681 1.01978 -0.0191245 0.872461 0.0789618 -0.481882
249 -0.11677 -0.0838248 1.01923 -0.0200426 0.873382 0.0755838 -0.480717
250 -0.123264 -0.0902499 1.01426 -0.0210399 0.874508 0.0722206 -0.479143
251 -0.128758 -0.0956961 1.00104 -0.0225786 0.87588 0.0683993 -0.477123
252 -0.129125 -0.0956498 1.00081 -0.0245363 0.877193 0.0652076 -0.475055
253 -0.135824 -0.10225 0.995635 -0.026554 0.87865 0.0620182 -0.472676
254 -0.1414 -0.107751 0.982403 -0.028875 0.880074 0.0583597 -0.470351
255 -0.142337 -0.107657 0.98179 -0.0311162 0.881387 0.0549192 -0.468158
256 -0.14344 -0.107546 0.981069 -0.0331436 0.882792 0.0514678 -0.465758
257 -0.143288 -0.106482 0.972408 -0.0350438 0.884077 0.0489607 -0.463446
258 -0.149703 -0.113247 0.967111 -0.0361152 0.885356 0.0469367 -0.461127
259 -0.150809 -0.113167 0.96636 -0.0370717 0.886871 0.0442261 -0.458398
260 -0.157317 -0.119925 0.961 -0.0388531 0.88849 0.0410404 -0.455402
261 -0.159486 -0.119825 0.959446 -0.0404297 0.889883 0.0385314 -0.452757
262 -0.162867 -0.12511 0.937697 -0.0415286 0.891389 0.0366023 -0.449846
263 -0.166312 -0.125951 0.944403 -0.0424106 0.893141 0.0345009 -0.446441
264 -0.169369 -0.125809 0.942213 -0.0439997 0.895001 0.0315595 -0.442765
265 -0.171754 -0.125757 0.940396 -0.0458604 0.896511 0.0296512 -0.439643
266 -0.174669 -0.124793 0.9288 -0.0467446 0.89789 0.0288814 -0.436776
267 -0.177894 -0.132169 0.925337 -0.0477532 0.899451 0.0274865 -0.433534
268 -0.1813 -0.132094 0.922742 -0.0493155 0.90098 0.0256197 -0.430288
269 -0.184493 -0.132079 0.920163 -0.0511587 0.902156 0.0234096 -0.427726
270 -0.186358 -0.131215 0.909075 -0.0521105 0.903149 0.0217462 -0.425598
271 -0.189639 -0.138651 0.905354 -0.0521472 0.904484 0.020717 -0.4228
272 -0.192154 -0.137785 0.893741 -0.052154 0.906041 0.0185526 -0.419554
273 -0.195738 -0.137832 0.890698 -0.0527278 0.907664 0.0166567 -0.41604
274 -0.197268 -0.137091 0.879619 -0.0532552 0.908993 0.0156236 -0.4131
275 -0.200469 -0.137134 0.8769 -0.0537017 0.910409 0.0147675 -0.409944
276 -0.203666 -0.137176 0.874186 -0.0543147 0.911772 0.0133693 -0.40687
277 -0.206846 -0.137261 0.871325 -0.0555264 0.912953 0.0118225 -0.404097
278 -0.209179 -0.137323 0.869228 -0.0565211 0.914016 0.010957 -0.401571
279 -0.211982 -0.136687 0.856402 -0.0566804 0.915043 0.0105973 -0.399213
280 -0.215392 -0.136778 0.853336 -0.0568882 0.916245 0.00992451 -0.396435
281 -0.218981 -0.136874 0.850108 -0.0570404 0.917675 0.00933185 -0.393105
282 -0.223002 -0.137028 0.846264 -0.0573383 0.919314 0.00898876 -0.389222
283 -0.226318 -0.137155 0.843094 -0.0569816 0.921073 0.00894935 -0.385093
284 -0.228867 -0.136574 0.829773 -0.056748 0.922949 0.00915783 -0.380606
285 -0.232613 -0.136714 0.825993 -0.0564639 0.924784 0.00940104 -0.376161
286 -0.23379 -0.136082 0.813628 -0.0554714 0.92662 0.00960297 -0.37176
287 -0.237424 -0.136217 0.80996 -0.0540927 0.928524 0.00961001 -0.367186
288 -0.24181 -0.136358 0.805271 -0.0520135 0.930588 0.0101062 -0.362214
289 -0.246745 -0.136516 0.799994 -0.0500642 0.932402 0.0104067 -0.357787
290 -0.253071 -0.128826 0.794477 -0.0482863 0.93423 0.00960784 -0.353256
291 -0.258229 -0.128952 0.788623 -0.0471852 0.936015 0.00966539 -0.34865
292 -0.26406 -0.1212 0.783166 -0.0459298 0.937597 0.010963 -0.344502
293 -0.270477 -0.121357 0.775882 -0.0439254 0.939122 0.0113518 -0.340577
294 -0.27634 -0.121436 0.768856 -0.0425741 0.940661 0.0108657 -0.336491
295 -0.286043 -0.122183 0.769211 -0.0416446 0.942183 0.0106685 -0.332329
296 -0.292799 -0.114589 0.7622 -0.0412333 0.943645 0.0108083 -0.328202
297 -0.298791 -0.114654 0.754624 -0.0410299 0.945004 0.0119055 -0.324258
298 -0.308936 -0.115352 0.754178 -0.0399335 0.946424 0.0133094 -0.320172
299 -0.315444 -0.115422 0.745948 -0.0385826 0.947884 0.0142026 -0.315952
300 -0.318237 -0.114769 0.729769 -0.0370958 0.949256 0.01551 -0.311924
301 -0.332181 -0.115993 0.736094 -0.0351593 0.950653 0.0166262 -0.307809
302 -0.338753 -0.115965 0.727332 -0.0340712 0.952061 0.0175462 -0.3035
303 -0.345211 -0.115823 0.718242 -0.0337994 0.953408 0.018786 -0.299196
304 -0.355615 -0.116295 0.71651 -0.0338028 0.95474 0.0202715 -0.29482
305 -0.366052 -0.116766 0.714731 -0.0341179 0.956201 0.0211056 -0.289948
306 -0.376732 -0.117182 0.712215 -0.0348268 0.957602 0.0212701 -0.285189
307 -0.38257 -0.116966 0.703489 -0.0358886 0.958867 0.0216582 -0.280743
308 -0.392736 -0.10994 0.702786 -0.0364118 0.960091 0.0229615 -0.276356
309 -0.4031 -0.110378 0.700348 -0.0366188 0.96132 0.0243463 -0.271899
310 -0.413727 -0.110804 0.697492 -0.0365365 0.962657 0.024602 -0.267116
311 -0.419518 -0.110544 0.688286 -0.0365295 0.96395 0.0248369 -0.26239
312 -0.424996 -0.110234 0.678995 -0.0357308 0.965293 0.0254648 -0.257456
313 -0.425556 -0.109212 0.66333 -0.0345944 0.966808 0.025783 -0.251835
314 -0.443752 -0.103708 0.677848 -0.0337612 0.968263 0.02645 -0.246225
315 -0.454319 -0.104007 0.674089 -0.033658 0.969621 0.0275661 -0.240714
316 -0.456559 -0.0964012 0.671212 -0.0340017 0.970677 0.0287431 -0.23623
317 -0.466946 -0.0967135 0.667784 -0.0337534 0.971581 0.0308365 -0.232252
318 -0.471297 -0.096289 0.659241 -0.0329997 0.972379 0.0325751 -0.228753
319 -0.480042 -0.089255 0.659864 -0.0319356 0.973186 0.0332256 -0.225356
320 -0.510957 -0.0924913 0.68153 -0.0308612 0.97391 0.0335723 -0.222304
321 -0.493476 -0.0891948 0.649961 -0.0298774 0.974538 0.0344414 -0.219539
322 -0.497424 -0.0886988 0.641685 -0.0284565 0.975128 0.0359902 -0.216842
323 -0.507506 -0.0888321 0.637923 -0.0275347 0.975817 0.0370089 -0.213668
324 -0.508554 -0.0812723 0.637007 -0.0271693 0.976526 0.0378454 -0.210299
325 -0.513231 -0.0806848 0.627204 -0.0268225 0.977132 0.0390411 -0.207292
326 -0.517522 -0.0799979 0.617602 -0.026343 0.977712 0.0403145 -0.204354
327 -0.521424 -0.0793734 0.608873 -0.0257652 0.978124 0.0412203 -0.202264
328 -0.528086 -0.0724943 0.613568 -0.025188 0.978387 0.0423548 -0.200826
329 -0.532637 -0.0717658 0.603385 -0.0243354 0.978592 0.043434 -0.199697
330 -0.530788 -0.0704518 0.589188 -0.023601 0.978801 0.0445769 -0.198505
331 -0.543621 -0.0641949 0.598411 -0.0231405 0.978998 0.0457922 -0.197307
332 -0.54751 -0.0635725 0.58971 -0.0227292 0.979111 0.0473653 -0.196419
333 -0.551407 -0.0627279 0.580457 -0.0228782 0.979249 0.0484409 -0.195452
334 -0.559454 -0.0555392 0.581859 -0.0235739 0.979282 0.049604 -0.19491
335 -0.556726 -0.0541588 0.569053 -0.0234825 0.979101 0.0527273 -0.195011
336 -0.56396 -0.0600076 0.550653 -0.0233854 0.979039 0.0551529 -0.194664
337 -0.576462 -0.053825 0.560761 -0.0234316 0.97912 0.0568649 -0.193755
338 -0.570837 -0.0585171 0.534324 -0.0231971 0.979289 0.0586871 -0.192382
339 -0.573782 -0.057879 0.527333 -0.0226495 0.979515 0.0594778 -0.191051
340 -0.576876 -0.0569935 0.519781 -0.0221343 0.979803 0.0594552 -0.189633
341 -0.580776 -0.0558776 0.510264 -0.0225028 0.980067 0.0593897 -0.18824
342 -0.585023 -0.0546624 0.4999 -0.022997 0.980141 0.0597325 -0.187688
343 -0.588716 -0.0536059 0.49089 -0.022782 0.980134 0.0611529 -0.187295
344 -0.591803 -0.0527224 0.483355 -0.0222779 0.980217 0.0623667 -0.186516
345 -0.595066 -0.0517888 0.475393 -0.02229 0.980388 0.0627173 -0.185496
346 -0.598936 -0.0506815 0.465949 -0.022192 0.980527 0.0626257 -0.184802
347 -0.602676 -0.0496113 0.456822 -0.0221184 0.980572 0.0629651 -0.184457
348 -0.606748 -0.0484462 0.446885 -0.0213954 0.980539 0.0636498 -0.184484
349 -0.604383 -0.0466326 0.432923 -0.0205203 0.980466 0.0646344 -0.18463
350 -0.608574 -0.0454333 0.422695 -0.0195107 0.980428 0.0655402 -0.184621
351 -0.612639 -0.04427 0.412774 -0.0184695 0.980401 0.0668844 -0.184391
352 -0.616344 -0.04321 0.403733 -0.0175036 0.980403 0.0680795 -0.184035
353 -0.61943 -0.0423269 0.396202 -0.0164098 0.980515 0.0689007 -0.183233
354 -0.622328 -0.0412924 0.388803 -0.0157077 0.980693 0.0687163 -0.182408
355 -0.625466 -0.0401718 0.380788 -0.0148926 0.980909 0.068571 -0.181366
356 -0.628103 -0.0392304 0.374055 -0.0134819 0.981253 0.0683949 -0.179677
357 -0.630617 -0.0383328 0.367635 -0.0123794 0.981739 0.0674339 -0.177451
358 -0.634776 -0.0368478 0.357015 -0.0120231 0.982172 0.0661716 -0.175539
359 -0.631851 -0.034965 0.343951 -0.0113144 0.982473 0.0667188 -0.173688
360 -0.634592 -0.0339862 0.33695 -0.0100816 0.982868 0.0683654 -0.170868
361 -0.637356 -0.032913 0.32931 -0.00927895 0.983429 0.0692049 -0.167307
362 -0.640649 -0.0316346 0.320208 -0.00902354 0.984086 0.069591 -0.163251
363 -0.636837 -0.0300494 0.308719 -0.00913854 0.984639 0.0707411 -0.159369
364 -0.638814 -0.0292819 0.303255 -0.00902408 0.985199 0.0715769 -0.155492
365 -0.641041 -0.028281 0.296439 -0.00946962 0.98582 0.0706586 -0.151908
366 -0.637526 -0.0262565 0.282401 -0.010298 0.986407 0.0696319 -0.148479
367 -0.644627 -0.0190267 0.286472 -0.0103938 0.986962 0.070634 -0.14425
368 -0.573129 -0.0227547 0.256304 -0.00902408 0.985199 0.0715769 -0.155492
369 -0.644328 -0.0232006 0.261589 -0.0106414 0.988189 0.0721296 -0.134782
370 -0.628911 -0.0224183 0.256435 -0.0106414 0.988189 0.0721296 -0.134782
371 -0.648646 -0.0209494 0.246226 -0.0101402 0.989616 0.0706834 -0.124742
372 -0.645099 -0.0264206 0.227616 -0.00958029 0.990337 0.0694973 -0.119629
373 -0.646733 -0.025492 0.221018 -0.00913973 0.991093 0.0674377 -0.114474
374 -0.649154 -0.0241169 0.211249 -0.00886176 0.991817 0.0648462 -0.109619
375 -0.651373 -0.0228564 0.202293 -0.00801399 0.992325 0.0639936 -0.10551
376 -0.654023 -0.0295301 0.188916 -0.00658578 0.992743 0.0636789 -0.101801
377 -0.654611 -0.0209281 0.187373 -0.00539147 0.993242 0.0612784 -0.0984194
378 -0.656908 -0.0195599 0.176788 -0.00500889 0.993727 0.0598085 -0.0943685
379 -0.658791 -0.0184386 0.168112 -0.00482749 0.994135 0.0599398 -0.0898836
380 -0.642262 -0.0179078 0.163561 -0.00482749 0.994135 0.0599398 -0.0898836
381 -0.662044 -0.0162923 0.150394 -0.00388457 0.994856 0.0588301 -0.0823709
382 -0.663343 -0.0154352 0.143319 -0.00245268 0.995145 0.0587304 -0.0789383
383 -0.673142 -0.0146882 0.137237 -0.0010951 0.995477 0.058312 -0.0749876
384 -0.67426 -0.013821 0.129892 5.19827e-05 0.995788 0.0575497 -0.0713683
385 -0.684153 -0.0129531 0.123037 0.000861816 0.996048 0.0569216 -0.0681757
386 -0.685328 -0.0120418 0.115318 0.0014834 0.996303 0.0566148 -0.0645993
387 -0.687269 -0.0192705 0.101919 0.00203417 0.996596 0.0556042 -0.060829
388 -0.688287 -0.0183364 0.093624 0.00192614 0.996862 0.0540909 -0.0577687
389 -0.697757 -0.0176392 0.0882846 0.00175259 0.997092 0.0528524 -0.0548718
390 -0.699345 -0.0249649 0.0751496 0.00194115 0.997273 0.0520088 -0.0523201
391 -0.700226 -0.0241562 0.0679681 0.00179559 0.997478 0.0501864 -0.0501629
392 -0.709721 -0.0234363 0.062427 0.00222784 0.997626 0.048566 -0.0487807
393 -0.710389 -0.0227683 0.0556143 0.00282613 0.997767 0.0471827 -0.047191
394 -0.720215 -0.030026 0.042913 0.0037187 0.997897 0.0460197 -0.0455058
395 -0.720934 -0.0293069 0.0355786 0.0042166 0.997985 0.0446054 -0.0449179
396 -0.729915 -0.0288288 0.0315096 0.00445009 0.998131 0.0425191 -0.043676
397 -0.730875 -0.0278685 0.021716 0.00437984 0.998301 0.0400917 -0.0420537
398 -0.731633 -0.0271104 0.013984 0.00383136 0.998416 0.0390122 -0.0403511
399 -0.740651 -0.0265963 0.00954803 0.00361505 0.998529 0.0384968 -0.0380201
400 -0.741224 -0.0260116 0.00201472 0.00345059 0.998701 0.0363889 -0.0355025
401 -0.750207 -0.0254991 -0.00346536 0.00299327 0.998849 0.0348954 -0.0327604
402 -0.75119 -0.0331014 -0.0158946 0.00311742 0.998988 0.0329825 -0.0304123
403 -0.751771 -0.0325094 -0.0235227 0.00333557 0.999138 0.0302162 -0.0282603
404 -0.752293 -0.0319766 -0.0303875 0.00275031 0.999306 0.0271807 -0.0253313
405 -0.752881 -0.0399344 -0.041308 0.00147306 0.999394 0.0258017 -0.0233208
406 -0.753176 -0.0396166 -0.0471265 0.000813326 0.999501 0.023002 -0.0216498
407 -0.762027 -0.0392358 -0.0530223 0.000611879 0.999581 0.0208403 -0.0200882
408 -0.762368 -0.0388671 -0.0597719 0.000600241 0.999641 0.0196849 -0.0181887
409 -0.762622 -0.0385932 -0.0647885 0.00117882 0.999685 0.0189624 -0.0163795
410 -0.762926 -0.038265 -0.070798 0.00157833 0.999755 0.0166912 -0.0144529
411 -0.763105 -0.0380578 -0.0769902 0.00137556 0.99981 0.0144951 -0.0129519
412 -0.763292 -0.0378418 -0.0834482 0.00145573 0.99985 0.01282 -0.0115525
413 -0.76349 -0.0376119 -0.0903193 0.00200686 0.999877 0.0118084 -0.0101423
414 -0.763775 -0.0454365 -0.0994333 0.00318062 0.999892 0.0114544 -0.0086826
415 -0.772117 -0.0451596 -0.106827 0.00473179 0.999912 0.0103365 -0.00689063
416 -0.772359 -0.044879 -0.115216 0.00660218 0.999927 0.00911837 -0.0043325
417 -0.772429 -0.0447297 -0.123375 0.00755214 0.999942 0.00746831 -0.00148239
418 -0.780741 -0.052574 -0.132852 0.00768674 0.999958 0.00489683 0.00059235
419 -0.780811 -0.0524249 -0.141004 0.00724268 0.999971 0.00157508 0.00198037
420 -0.780889 -0.0522566 -0.150199 0.00677414 0.999972 0.000128692 0.00309067
421 -0.772837 -0.0522086 -0.158725 0.0065128 0.999974 -0.00130067 0.00280844
422 -0.781036 -0.0519432 -0.167327 0.00626871 0.999973 -0.00253817 0.0028936
423 -0.780977 -0.0519953 -0.177515 0.00601349 0.99997 -0.00395167 0.00277806
424 -0.78092 -0.0520456 -0.187356 0.00518859 0.999961 -0.00693435 0.00168401
425 -0.780867 -0.0520928 -0.196583 0.00356481 0.999956 -0.00870822 0.000260363
426 -0.780817 -0.0521375 -0.205321 0.00191598 0.999955 -0.00919396 -0.00131103
427 -0.780755 -0.0521926 -0.216096 0.000346951 0.99995 -0.00928731 -0.00369054
428 -0.780697 -0.0522441 -0.226182 -0.000980934 0.999937 -0.00989283 -0.00512624
429 -0.780642 -0.052293 -0.235728 -0.00180916 0.99993 -0.0101891 -0.00571618
430 -0.780777 -0.0525343 -0.247555 -0.00180916 0.99993 -0.0101891 -0.00571618
431 -0.780887 -0.0527322 -0.257256 -0.00141107 0.999906 -0.0115724 -0.00724768
432 -0.781009 -0.0529508 -0.267972 -0.00133351 0.999883 -0.0131689 -0.0077038
433 -0.781123 -0.0531539 -0.277926 -0.000845271 0.999858 -0.0142167 -0.00906028
434 -0.781216 -0.0619184 -0.288764 0.000158567 0.999845 -0.0147617 -0.0095423
435 -0.781416 -0.0622272 -0.299218 0.000397135 0.999801 -0.017127 -0.0102278
436 -0.781594 -0.0625021 -0.308528 -0.000435154 0.999741 -0.0198863 -0.0110652
437 -0.78182 -0.0629097 -0.318764 -0.00181565 0.999689 -0.0214858 -0.0125408
438 -0.773532 -0.0633135 -0.328972 -0.0035587 0.999623 -0.0232294 -0.0142014
439 -0.773772 -0.0637108 -0.337493 -0.00474303 0.999553 -0.0253898 -0.015034
440 -0.765484 -0.0640678 -0.34658 -0.00592164 0.999468 -0.0275827 -0.0163399
441 -0.765694 -0.0644131 -0.353988 -0.00635613 0.99937 -0.0302316 -0.0174711
442 -0.765868 -0.064701 -0.360164 -0.00672099 0.999284 -0.0321967 -0.0187077
