# width:480 height:360 psr bound:50 mu:0.8
1 0 0 0 0 0 0 1
32 -0.0875 0 -0.0125204 -0.00446594 0.0259124 -0.000613653 0.999654
47 -0.21581 0.000161512 -0.0087504 -0.00929164 0.050725 -0.00255374 0.998666
53 -0.251441 0.000381219 -0.00495018 -0.00575577 0.0565996 -0.00362934 0.998374
63 -0.356086 0.00144241 0.0262107 -0.00998314 0.0801651 0.00404103 0.996723
71 -0.445175 -0.00818814 0.0360938 -0.0169523 0.105841 0.00397316 0.994231
81 -0.486416 -0.0267288 0.00651301 -0.00666698 0.130028 -0.00104844 0.991487
87 -0.552937 -0.0267113 0.00610759 -0.00925389 0.157987 0.00726154 0.987371
95 -0.635178 -0.0190382 0.0143928 -0.0128568 0.182503 0.0159187 0.982992
105 -0.713458 -0.0119838 0.0610083 -0.0168826 0.209248 0.018052 0.97755
113 -0.761082 -0.00412015 0.105063 -0.0231296 0.236366 0.0239924 0.971093
120 -0.807952 -0.00486802 0.163144 -0.026585 0.263209 0.0262151 0.964016
127 -0.844522 -0.0137324 0.218197 -0.0252025 0.287816 0.0269568 0.956974
133 -0.877976 -0.0140536 0.275995 -0.0273999 0.316074 0.0318745 0.947803
138 -0.903287 -0.0148351 0.313394 -0.0247938 0.339464 0.0385197 0.939503
142 -0.934834 -0.0167967 0.355531 -0.0297153 0.361973 0.0444799 0.930652
147 -0.959931 -0.0183476 0.402079 -0.0278563 0.385618 0.0474496 0.921016
153 -0.979991 -0.0196566 0.462088 -0.0306116 0.410322 0.0501312 0.910047
158 -0.989712 -0.0199672 0.518537 -0.0319714 0.431907 0.058868 0.899427
163 -0.987335 -0.0274181 0.582121 -0.0316711 0.456748 0.0598907 0.887013
169 -0.981598 -0.0347118 0.66533 -0.0307056 0.47891 0.0550954 0.875595
181 -0.972031 -0.049737 0.805302 -0.0347363 0.502039 0.0533655 0.862498
187 -0.964805 -0.0564433 0.893013 -0.0405766 0.523243 0.0547895 0.849452
