# width:480 height:360 psr bound:50 mu:0.8
1 6.92746e-310 4.64675e-310 6.92744e-310 -1.14035e-310 -9.48039e-316 1.14036e-310 0.5
2 0 0.00833333 -0.00226409 0.0014099 -0.000192626 -0.000343727 0.999999
3 0 0 -0.00233777 -0.00127845 0.000164669 -0.00024953 0.999999
4 0 0.00833333 -0.00174011 -0.00150447 0.000717142 -0.000433772 0.999999
5 0 0.00833333 -0.00259011 -0.00148817 0.00071779 -0.00093616 0.999998
6 0 0.0166667 -0.00246716 -0.00148777 0.00074041 -0.000673768 0.999998
7 0 0 -0.00192468 -0.00430446 0.00124738 -0.000912816 0.99999
8 0 0.00833333 -0.00121837 -0.00184048 0.000739197 -0.000447068 0.999998
9 0 0.00833333 -0.00166179 -0.00149225 0.000736543 -0.00054898 0.999998
10 0 0.00833333 -0.00129881 -0.00279311 0.00088678 -0.000701625 0.999995
11 0 0.00833333 -0.000274514 -0.00164452 0.00071883 -0.000357591 0.999998
12 0 0 0.000431901 -0.0015054 0.00071973 -0.000356735 0.999999
13 0 0.00833333 0.00105129 0 0 0 1
14 0 0 0.000993376 0 0 0 1
15 0 0.00833333 0.00103626 0.00133321 1.64346e-05 0.00119324 0.999998
16 0 0 0.000952342 0.00141149 -3.14483e-05 0.00118119 0.999998
17 0 0.00833333 0.000361819 0.00141642 -0.000254271 0.000667139 0.999999
18 0 0.00833333 0.000223546 0.00101274 -0.000449462 -1.95738e-05 0.999999
19 0 0.00833333 -3.98912e-05 0.000680764 -0.000327911 -0.00119459 0.999999
20 0 0 -0.000765994 -0.000785596 0.000296327 -0.0041159 0.999991
21 0 0 -0.000741653 -0.00151565 0.000710527 -0.00360186 0.999992
22 0 0 -0.000901663 -0.00151561 0.000709285 -0.00341473 0.999993
23 -0.00833333 0 -0.000779167 -0.00150315 0.000711825 -0.00247525 0.999996
24 -0.00833333 0.00833333 -0.000627462 -0.00150304 0.000715375 -0.00239943 0.999996
25 -0.00833333 0 -0.000699347 -0.00150412 0.000739063 -0.00245948 0.999996
26 -0.00833333 0 -0.000793001 -0.00152345 0.000733614 -0.00322526 0.999993
27 -0.00833333 0 -0.000719244 -0.0015311 0.000734898 -0.00411868 0.99999
28 -0.00833333 0 -0.000341554 -0.00151979 0.000717965 -0.00351034 0.999992
29 -0.00833333 0 -0.000621808 -0.00153208 0.000730353 -0.00386093 0.999991
30 -0.00833333 0 -0.0006386 -0.0015256 0.000729681 -0.00596754 0.999981
31 0 0 -0.000663629 -0.00152957 0.000711048 -0.00693411 0.999975
32 -0.00833333 0.00833333 7.11179e-05 -0.0015086 0.000733944 -0.00381608 0.999991
33 -0.00833333 0.00833333 0.000271331 -0.0015049 0.000734064 -0.00481305 0.999987
34 -0.00833333 0.00833333 -0.000387575 -0.00150207 0.000733631 -0.00501098 0.999986
35 -0.00833333 0.00833333 -0.000164447 -0.00150052 0.000734178 -0.00358376 0.999992
36 -0.00833333 0.00833333 0.000151373 -0.00278391 0.00195587 -0.00548134 0.999979
37 -0.00833333 0.00833333 0.000145157 -0.00267396 0.00329282 -0.00576142 0.999974
38 -0.0166667 0.0166667 -0.000540191 -0.00266317 0.00414505 -0.00494675 0.999976
39 -0.0166667 0.00833333 0.000411147 -0.00476256 0.00500163 -0.00413717 0.999968
40 -0.0166667 0.00833333 0.00244314 -0.00586597 0.00524263 -0.0031123 0.999964
41 -0.0166667 0.00833333 0.00354511 -0.00509835 0.00561432 -0.00227103 0.999969
42 -0.0166667 0.00833333 0.00537034 -0.00497833 0.00588167 -0.00171167 0.999969
43 -0.0166667 0.00833333 0.00730122 -0.00485206 0.00626643 -0.00137755 0.999968
44 -0.0166667 0.00833333 0.00910633 -0.00390311 0.00713912 -0.00173335 0.999965
45 -0.0166667 0.00833333 0.0109742 -0.00350522 0.00800508 -0.00273218 0.999958
46 -0.025 0.0166667 0.0140424 -0.00437856 0.00914615 -0.00386942 0.999941
47 -0.025 0.0166667 0.0185836 -0.00524506 0.0102699 -0.00523882 0.99992
48 -0.025 0.0166667 0.0221695 -0.0054707 0.0106883 -0.00701253 0.999903
49 -0.025 0.0166667 0.0271252 -0.00726706 0.0111122 -0.00896255 0.999872
50 -0.025 0.0166667 0.0331864 -0.00893882 0.0115489 -0.0106174 0.999837
51 -0.0166667 0.0166667 0.039388 -0.00950933 0.0114252 -0.0121732 0.999815
52 -0.0166667 0.025 0.0450442 -0.00976139 0.011134 -0.0133907 0.999801
53 -0.0166667 0.025 0.050986 -0.0111416 0.0109105 -0.0146948 0.99977
54 -0.0166667 0.025 0.0590964 -0.0127075 0.0106977 -0.015486 0.999742
55 -0.00833333 0.0166667 0.067154 -0.0133037 0.00948478 -0.016117 0.999737
56 -0.00833333 0.0166667 0.075111 -0.0132445 0.00757039 -0.0171586 0.999736
57 -0.00833333 0.0166667 0.0842989 -0.0132641 0.00621121 -0.0184766 0.999722
58 0 0.0166667 0.0930433 -0.01144 0.00458175 -0.0200807 0.999722
59 0 0.0166667 0.101182 -0.00991524 0.00323226 -0.0225576 0.999691
60 0.00833333 0.0166667 0.11079 -0.00982088 0.00193355 -0.0248378 0.999641
61 0.00833333 0.0166667 0.120322 -0.00948719 0.000363843 -0.0275865 0.999574
62 0.0166667 0.0166667 0.129342 -0.00894978 -0.00166359 -0.0298767 0.999512
63 0.0166667 0.0166667 0.139712 -0.00900626 -0.00404593 -0.0320614 0.999437
64 0.025 0.0166667 0.149179 -0.00867522 -0.00652612 -0.0348589 0.999333
65 0.025 0.0166667 0.157827 -0.008967 -0.00899515 -0.0382095 0.999189
66 0.0333333 0.0166667 0.168496 -0.0103158 -0.0115548 -0.0414924 0.999019
67 0.0333333 0.00833333 0.177803 -0.00849405 -0.0134112 -0.0453234 0.998846
68 0.0416667 0.0166667 0.186886 -0.0066686 -0.016257 -0.0483645 0.998675
69 0.05 0.0166667 0.195334 -0.00630309 -0.0189931 -0.0509264 0.998502
70 0.05 0.00833333 0.205229 -0.0068198 -0.0220198 -0.0528535 0.998336
71 0.0583333 0.00833333 0.214224 -0.0062056 -0.0252354 -0.054174 0.998193
72 0.0583333 0.0166667 0.222548 -0.00647092 -0.0280781 -0.0554415 0.998046
73 0.0666667 0.00833333 0.232001 -0.00728544 -0.0314364 -0.057187 0.997842
74 0.0666667 0.00833333 0.240984 -0.00631015 -0.0349202 -0.0594593 0.9976
75 0.075 0.00833333 0.248628 -0.0048168 -0.0386453 -0.0624561 0.997288
76 0.075 0.0166667 0.25605 -0.00525685 -0.0420683 -0.0654426 0.996955
77 0.0833333 0.00833333 0.265343 -0.00682067 -0.0456333 -0.0693271 0.996526
78 0.0833333 0.00833333 0.274348 -0.00669543 -0.0483547 -0.0728554 0.996147
79 0.0833333 0.00833333 0.282089 -0.00596103 -0.0517608 -0.0758808 0.995755
80 0.0916667 0.00833333 0.290732 -0.00675501 -0.0561683 -0.0790379 0.995265
81 0.0916667 0.00833333 0.299291 -0.00736037 -0.0600841 -0.0824828 0.994752
82 0.0916667 0.0166667 0.307752 -0.00788904 -0.0644707 -0.0861857 0.99416
83 0.1 0.0166667 0.316405 -0.00983555 -0.0684295 -0.0893104 0.993602
84 0.1 0.00833333 0.325584 -0.0116217 -0.0725738 -0.0921556 0.993028
85 0.1 0.00833333 0.334424 -0.0121517 -0.0770929 -0.0948391 0.992429
86 0.108333 0.00833333 0.344083 -0.0124295 -0.0815756 -0.0977735 0.991782
87 0.108333 0.00833333 0.353499 -0.0122413 -0.0857055 -0.100892 0.991123
88 0.108333 0.00833333 0.363223 -0.0124043 -0.0892682 -0.103917 0.990494
89 0.108333 0.00833333 0.373147 -0.0119956 -0.0925451 -0.107175 0.989851
90 0.116667 0.00833333 0.3833 -0.0110035 -0.0962266 -0.110717 0.989121
91 0.116667 0.00833333 0.393897 -0.011055 -0.0992653 -0.113694 0.988483
92 0.116667 0.00833333 0.403845 -0.0112091 -0.102686 -0.11557 0.987914
93 0.125 0.00833333 0.414496 -0.0122444 -0.106644 -0.117116 0.9873
94 0.125 0.00833333 0.42488 -0.0126996 -0.110952 -0.118756 0.986623
95 0.125 0.00833333 0.435835 -0.0138225 -0.115863 -0.121016 0.985769
96 0.125 0 0.447652 -0.0146496 -0.120716 -0.124357 0.984758
97 0.125 0 0.45824 -0.0131318 -0.124845 -0.127757 0.983829
98 0.133333 0 0.469045 -0.0125159 -0.129008 -0.131092 0.982861
99 0.133333 -0.00833333 0.4807 -0.0123444 -0.133097 -0.134538 0.981851
100 0.133333 -0.00833333 0.491901 -0.00982642 -0.137364 -0.13686 0.980971
101 0.133333 -0.00833333 0.501857 -0.00727332 -0.141532 -0.138247 0.980206
102 0.133333 -0.00833333 0.513024 -0.00561247 -0.146089 -0.139695 0.979343
103 0.133333 -0.00833333 0.523529 -0.00180863 -0.151089 -0.137361 0.978928
104 0.138816 -0.0102946 0.534322 0.00049554 -0.155164 -0.139526 0.977986
105 0.144623 -0.0123054 0.544066 0.00273629 -0.158962 -0.141337 0.977112
106 0.142105 -0.0119213 0.552204 0.00535609 -0.162949 -0.142741 0.97624
107 0.155755 -0.0162534 0.565114 0.00629814 -0.166944 -0.144507 0.975299
108 0.134686 -0.019569 0.568227 0.00811828 -0.171297 -0.146112 0.974291
109 0.140414 -0.0215676 0.578229 0.0109082 -0.176471 -0.146624 0.973263
110 0.138385 -0.0212582 0.584785 0.0134052 -0.182608 -0.14675 0.97208
111 0.144135 -0.0232602 0.594715 0.0156036 -0.188826 -0.146875 0.970839
112 0.150077 -0.0252916 0.604024 0.0174444 -0.194735 -0.147422 0.969557
113 0.1478 -0.0249442 0.611383 0.0199375 -0.200878 -0.147927 0.968178
114 0.153412 -0.0269253 0.621756 0.0217428 -0.206814 -0.148817 0.966752
115 0.139889 -0.0325169 0.628996 0.023115 -0.212233 -0.150198 0.965331
116 0.156906 -0.0285831 0.638979 0.024904 -0.217721 -0.150913 0.963952
117 0.135165 -0.0317963 0.64426 0.0260289 -0.224243 -0.151717 0.962299
118 0.140369 -0.0337151 0.655954 0.0278503 -0.23145 -0.152152 0.960471
119 0.137701 -0.0333081 0.664577 0.0297165 -0.237631 -0.153132 0.958749
120 0.142841 -0.0352171 0.676477 0.0307854 -0.244079 -0.154634 0.956852
121 0.140099 -0.0347988 0.685339 0.0325522 -0.250791 -0.156695 0.95472
122 0.145098 -0.0366862 0.697697 0.0338287 -0.257284 -0.158121 0.952711
123 0.142582 -0.0363025 0.705826 0.035055 -0.263515 -0.159133 0.950793
124 0.147599 -0.0381927 0.718124 0.0364938 -0.270215 -0.160127 0.948689
125 0.1448 -0.0377658 0.727169 0.0382409 -0.276683 -0.161585 0.946506
126 0.149775 -0.0396496 0.739604 0.0392162 -0.282689 -0.163512 0.944358
127 0.155113 -0.0415889 0.750864 0.0402356 -0.288626 -0.16584 0.942111
128 0.160192 -0.0434886 0.762961 0.0419069 -0.294519 -0.167174 0.939976
129 0.149717 -0.0407656 0.768303 0.0424373 -0.29998 -0.168682 0.937954
130 0.15521 -0.0427286 0.779061 0.0414852 -0.305723 -0.170268 0.935853
131 0.152812 -0.0423627 0.786812 0.0409821 -0.311934 -0.171212 0.933651
132 0.158139 -0.0443002 0.798109 0.0413537 -0.318096 -0.17283 0.931254
133 0.152341 -0.0521953 0.808893 0.0409514 -0.32437 -0.175312 0.92864
134 0.161488 -0.0459361 0.815797 0.0421625 -0.330562 -0.177216 0.926038
135 0.159114 -0.0455739 0.823469 0.0426631 -0.337345 -0.179206 0.923181
136 0.156824 -0.0452246 0.83087 0.0419979 -0.344394 -0.180906 0.920273
137 0.162544 -0.047222 0.840897 0.0411597 -0.350893 -0.181676 0.9177
138 0.160431 -0.0468998 0.847723 0.0411513 -0.358172 -0.181541 0.914911
139 0.15807 -0.0465396 0.855354 0.0414502 -0.366237 -0.18153 0.911701
140 0.161608 -0.0482043 0.872431 0.0392022 -0.381449 -0.182055 0.905437
141 0.159313 -0.0478542 0.879847 0.0387798 -0.389472 -0.181329 0.902179
142 0.157272 -0.0475428 0.886443 0.0375697 -0.397353 -0.180808 0.898892
143 0.156584 -0.0497076 0.896954 0.0363121 -0.404742 -0.180243 0.895756
144 0.152636 -0.0492946 0.90065 0.0359035 -0.411663 -0.179894 0.892683
145 0.149071 -0.0489218 0.903987 0.0365346 -0.419049 -0.179155 0.889363
146 0.143143 -0.0483017 0.909535 0.0380653 -0.426322 -0.178857 0.885895
147 0.147779 -0.0436028 0.918821 0.0380006 -0.432942 -0.17947 0.882557
148 0.143164 -0.04312 0.923142 0.0373703 -0.439829 -0.180075 0.879049
149 0.13793 -0.0425725 0.928041 0.037084 -0.446692 -0.180593 0.875487
150 0.135675 -0.0445734 0.940018 0.0368989 -0.45301 -0.181047 0.872148
151 0.130503 -0.0440324 0.944859 0.0369579 -0.45946 -0.180967 0.868782
152 0.124984 -0.0434551 0.950025 0.037616 -0.466425 -0.180943 0.865039
153 0.118762 -0.0428041 0.95585 0.0383819 -0.472905 -0.181039 0.86146
154 0.113033 -0.0422049 0.961213 0.0387901 -0.478761 -0.181291 0.858148
155 0.100356 -0.0408788 0.973079 0.0386602 -0.488836 -0.181072 0.852501
156 0.0968518 -0.042749 0.986226 0.037797 -0.494673 -0.181057 0.849169
157 0.0908216 -0.0421182 0.991871 0.037568 -0.500615 -0.181031 0.845695
158 0.0847808 -0.0414863 0.997526 0.0369437 -0.506497 -0.182151 0.841972
159 0.0795846 -0.0409427 1.00239 0.0365396 -0.512279 -0.183053 0.838288
160 0.075815 -0.0427852 1.01579 0.0370735 -0.517989 -0.184412 0.834449
161 0.06967 -0.0421424 1.02154 0.0370356 -0.523113 -0.186459 0.830791
162 0.064629 -0.0416151 1.02626 0.0361385 -0.528201 -0.187914 0.827276
163 0.0593859 -0.0410666 1.03116 0.0357998 -0.53416 -0.188715 0.823273
164 0.0535392 -0.040455 1.03664 0.035387 -0.540236 -0.189981 0.819024
165 0.0494939 -0.0422686 1.05029 0.0342783 -0.545944 -0.190755 0.815097
166 0.0449537 -0.0417937 1.05454 0.0335772 -0.551874 -0.190453 0.811194
167 0.038772 -0.041147 1.06033 0.0339633 -0.557305 -0.190542 0.807435
168 0.0335698 -0.0406029 1.0652 0.0329623 -0.562349 -0.191505 0.803743
169 0.0291084 -0.0401362 1.06937 0.0326498 -0.567666 -0.191393 0.800036
170 0.0234314 -0.0395423 1.07469 0.0328098 -0.573203 -0.191254 0.796105
171 0.0181248 -0.0389872 1.07965 0.0314198 -0.578463 -0.191614 0.792261
172 0.0135149 -0.0362682 1.0741 0.0292901 -0.583524 -0.191438 0.788665
173 0.00922887 -0.0358199 1.07811 0.0274868 -0.589133 -0.190174 0.784857
174 0.0109083 -0.0308117 1.09017 0.0257743 -0.595249 -0.188762 0.78063
175 0.00645633 -0.030346 1.09433 0.0237684 -0.600893 -0.187522 0.776658
176 0.00216274 -0.0298969 1.09835 0.0219759 -0.607126 -0.185871 0.772248
177 -0.000798768 -0.0273503 1.09126 0.0201387 -0.613493 -0.18487 0.767492
178 -0.00395616 -0.02702 1.09421 0.0185659 -0.619813 -0.183829 0.762689
179 -0.00200873 -0.0220399 1.10602 0.0172952 -0.626322 -0.182173 0.757783
180 -0.00542817 -0.0216822 1.10922 0.0155966 -0.632573 -0.180701 0.752964
181 -0.00842444 -0.0213688 1.11202 0.013945 -0.638844 -0.179237 0.748036
182 -0.0096012 -0.0190089 1.10326 0.0129989 -0.645361 -0.177632 0.742824
183 -0.0151084 -0.0184328 1.10841 0.0110905 -0.659164 -0.175087 0.731249
184 -0.017629 -0.0181691 1.11077 0.0115361 -0.66642 -0.17369 0.724971
185 -0.0209087 -0.0178261 1.11384 0.0115044 -0.673299 -0.173055 0.718741
186 -0.0230274 -0.0176044 1.11582 0.0108625 -0.679802 -0.17362 0.712465
187 -0.0250295 -0.017395 1.1177 0.0101715 -0.68614 -0.174029 0.706274
188 -0.0270127 -0.0171876 1.11955 0.00881721 -0.692176 -0.175524 0.700005
189 -0.0287048 -0.0187012 1.12666 0.00768882 -0.698079 -0.177705 0.693576
190 -0.0287799 -0.0186834 1.12667 0.00902761 -0.704293 -0.178759 0.686976
191 -0.0311743 -0.0200305 1.13381 0.0105929 -0.710532 -0.179201 0.680381
192 -0.0274931 -0.0155737 1.14262 0.0105235 -0.71611 -0.180288 0.67422
193 -0.0276538 -0.0155356 1.14263 0.010087 -0.721374 -0.181234 0.668335
194 -0.0294414 -0.0170266 1.14974 0.00995652 -0.726699 -0.181432 0.662489
195 -0.030118 -0.0168661 1.14977 0.00959235 -0.731724 -0.181398 0.65695
196 -0.0309867 -0.01666 1.14981 0.00885874 -0.736575 -0.181198 0.651572
197 -0.0327655 -0.0181531 1.15692 0.00800109 -0.741579 -0.181374 0.645833
198 -0.0273279 -0.0121979 1.15862 0.00768954 -0.746254 -0.18098 0.640541
199 -0.0280882 -0.0120175 1.15866 0.00717499 -0.750833 -0.180163 0.635405
200 -0.0302613 -0.0134171 1.16579 0.00583872 -0.755261 -0.179761 0.630264
201 -0.0304625 -0.0133694 1.1658 0.00492504 -0.75969 -0.179182 0.625092
202 -0.0306863 -0.0133163 1.1658 0.00444683 -0.763989 -0.178402 0.620059
203 -0.0307369 -0.0133043 1.16581 0.00406945 -0.768338 -0.177324 0.614977
204 -0.0308803 -0.0132703 1.16581 0.00386185 -0.772481 -0.17612 0.610114
205 -0.0307535 -0.0133003 1.16581 0.00333662 -0.776511 -0.174882 0.605339
206 -0.0323717 -0.0148315 1.17291 0.00332339 -0.780845 -0.172793 0.600344
207 -0.0329134 -0.014703 1.17294 0.00357347 -0.784921 -0.170515 0.59566
208 -0.0339224 -0.0144636 1.17298 0.0029027 -0.788756 -0.168359 0.591195
209 -0.0345724 -0.0143094 1.17301 0.0016252 -0.792431 -0.16718 0.586601
210 -0.034947 -0.0142205 1.17302 0.00047158 -0.795862 -0.166297 0.582193
211 -0.033431 -0.0126651 1.16592 -0.000663966 -0.799168 -0.165086 0.577993
212 -0.0340281 -0.0125234 1.16595 -0.00159552 -0.802637 -0.16338 0.573654
213 -0.0344227 -0.0124298 1.16596 -0.00245427 -0.805705 -0.162163 0.569681
214 -0.0342427 -0.0124725 1.16596 -0.00326709 -0.808539 -0.161179 0.565928
215 -0.040003 -0.0183511 1.16427 -0.00357528 -0.811419 -0.159577 0.562247
216 -0.0385886 -0.0167716 1.15717 -0.00386557 -0.81448 -0.157841 0.558296
217 -0.0385562 -0.0167793 1.15717 -0.00419684 -0.817592 -0.155931 0.554266
218 -0.0383255 -0.016834 1.15716 -0.00429311 -0.820582 -0.15405 0.550359
219 -0.0381404 -0.0168779 1.15715 -0.00388799 -0.823602 -0.152274 0.54633
220 -0.0383317 -0.0168325 1.15716 -0.00300508 -0.826455 -0.150301 0.542561
221 -0.0423775 -0.0212028 1.14836 -0.00165074 -0.82906 -0.148704 0.539021
222 -0.0421432 -0.0212583 1.14835 -0.000409961 -0.831397 -0.146796 0.535937
223 -0.0427462 -0.0211153 1.14838 0.000100519 -0.833753 -0.144428 0.532913
224 -0.0468703 -0.025467 1.13958 -3.92917e-05 -0.836204 -0.142265 0.529645
225 -0.0471482 -0.025401 1.13959 0.000358691 -0.838937 -0.139873 0.525946
226 -0.0476717 -0.0252768 1.13962 0.000564461 -0.841592 -0.137778 0.522246
227 -0.0465259 -0.0236335 1.13253 0.00119648 -0.844121 -0.135389 0.518775
228 -0.053244 -0.0292849 1.13088 0.00175052 -0.846203 -0.132952 0.516006
229 -0.0538442 -0.0291425 1.13091 0.0015708 -0.847958 -0.131021 0.513613
230 -0.0527134 -0.0274957 1.12382 0.00142833 -0.849926 -0.129054 0.510852
231 -0.0584475 -0.0333805 1.12213 0.00194654 -0.851831 -0.126967 0.508193
232 -0.0571473 -0.0317738 1.11504 0.00343047 -0.853622 -0.125132 0.505628
233 -0.0558989 -0.03207 1.11499 0.00610318 -0.854822 -0.124838 0.503644
234 -0.150012 -0.458946 0.999066 -0.0693663 0.833183 0.228328 -0.498859
235 -0.150529 -0.45876 0.998828 -0.0708532 0.834524 0.226639 -0.497176
236 -0.156618 -0.459605 0.985334 -0.0716698 0.835807 0.224686 -0.495788
237 -0.163108 -0.464213 0.979356 -0.07443 0.838212 0.221194 -0.492884
238 -0.163504 -0.46407 0.979173 -0.0760799 0.839742 0.218641 -0.491164
239 -0.169456 -0.468873 0.973444 -0.0780545 0.841385 0.216135 -0.489147
240 -0.170167 -0.468616 0.973116 -0.0801957 0.843225 0.212618 -0.487169
241 -0.175897 -0.469591 0.959787 -0.0824897 0.845006 0.20896 -0.48528
242 -0.176674 -0.46931 0.959429 -0.0845521 0.84639 0.205531 -0.483975
243 -0.183834 -0.473677 0.953142 -0.0862687 0.847716 0.20214 -0.482777
244 -0.18532 -0.473141 0.952457 -0.0872187 0.848802 0.198942 -0.482027
245 -0.190778 -0.474213 0.939254 -0.0871034 0.850017 0.196249 -0.48101
246 -0.191382 -0.473996 0.938975 -0.0873381 0.851425 0.193223 -0.4797
247 -0.198165 -0.478498 0.932862 -0.087862 0.852878 0.189903 -0.478347
248 -0.19741 -0.474863 0.925509 -0.0890262 0.854251 0.186465 -0.477032
249 -0.204437 -0.479277 0.919284 -0.0898038 0.855592 0.18325 -0.475728
250 -0.21021 -0.484144 0.913637 -0.0906059 0.857133 0.180082 -0.474008
251 -0.209061 -0.480651 0.906466 -0.0918982 0.858972 0.176502 -0.471773
252 -0.215213 -0.485381 0.900644 -0.0935902 0.860669 0.17353 -0.469443
253 -0.215489 -0.485282 0.900516 -0.0952916 0.862512 0.170561 -0.466798
254 -0.220754 -0.486424 0.887402 -0.0973059 0.864379 0.167127 -0.464164
255 -0.221406 -0.486188 0.887102 -0.0992594 0.866109 0.163898 -0.461672
256 -0.22607 -0.487547 0.874265 -0.100973 0.867933 0.16067 -0.459001
257 -0.226638 -0.487342 0.874003 -0.102575 0.869516 0.158373 -0.456441
258 -0.233026 -0.491987 0.868072 -0.103357 0.871036 0.156558 -0.453986
259 -0.237349 -0.49347 0.855393 -0.103973 0.872881 0.154094 -0.451136
260 -0.238517 -0.493048 0.854854 -0.105372 0.874886 0.151164 -0.447908
261 -0.239771 -0.492596 0.854276 -0.106612 0.876578 0.148885 -0.44506
262 -0.244492 -0.493934 0.841412 -0.107343 0.878313 0.147192 -0.442017
263 -0.250895 -0.498574 0.835475 -0.107795 0.880317 0.145364 -0.438511
264 -0.253344 -0.497691 0.834345 -0.108919 0.88253 0.142718 -0.434638
265 -0.253536 -0.493713 0.826555 -0.110377 0.884259 0.141052 -0.431286
266 -0.259849 -0.498385 0.820659 -0.110897 0.885722 0.140488 -0.428324
267 -0.260022 -0.494415 0.812878 -0.111463 0.887407 0.139411 -0.425029
268 -0.262466 -0.493533 0.811751 -0.112612 0.889154 0.137789 -0.42159
269 -0.267987 -0.494583 0.798519 -0.114134 0.890602 0.135758 -0.418773
270 -0.269117 -0.494176 0.797998 -0.11481 0.891789 0.134267 -0.416537
271 -0.269552 -0.49011 0.790096 -0.114499 0.893244 0.133454 -0.413756
272 -0.276369 -0.494601 0.783968 -0.114107 0.895068 0.131542 -0.410524
273 -0.277541 -0.49027 0.775726 -0.114238 0.896915 0.129918 -0.406957
274 -0.279603 -0.489526 0.774775 -0.11439 0.898364 0.129086 -0.403974
275 -0.28074 -0.485208 0.766549 -0.114435 0.899876 0.128454 -0.400784
276 -0.288019 -0.489532 0.760207 -0.114661 0.9014 0.127285 -0.397654
277 -0.289148 -0.485216 0.751986 -0.115516 0.90276 0.125932 -0.394743
278 -0.291712 -0.484291 0.750803 -0.116178 0.903923 0.12522 -0.392105
279 -0.291994 -0.480281 0.742972 -0.116041 0.904986 0.125022 -0.38975
280 -0.294115 -0.479516 0.741993 -0.115897 0.906261 0.124542 -0.386974
281 -0.300874 -0.484028 0.735892 -0.115633 0.907756 0.124163 -0.383655
282 -0.301913 -0.479745 0.727711 -0.115432 0.909418 0.124076 -0.379788
283 -0.304512 -0.478807 0.726512 -0.114562 0.911176 0.124291 -0.375746
284 -0.31048 -0.479696 0.713074 -0.113754 0.912998 0.124784 -0.371382
285 -0.313838 -0.478484 0.711525 -0.112921 0.914795 0.125312 -0.36701
286 -0.316203 -0.473723 0.702733 -0.111383 0.916606 0.125779 -0.362778
287 -0.32007 -0.472328 0.70095 -0.10943 0.918497 0.126075 -0.358461
288 -0.325944 -0.47021 0.698241 -0.106745 0.920498 0.126879 -0.353823
289 -0.329468 -0.46503 0.688914 -0.104257 0.922275 0.127457 -0.349706
290 -0.334717 -0.463137 0.686493 -0.101913 0.924191 0.126949 -0.345497
291 -0.34119 -0.460802 0.683508 -0.100244 0.925964 0.127282 -0.341087
292 -0.345806 -0.455229 0.673678 -0.0984691 0.927361 0.128821 -0.337209
293 -0.352041 -0.45298 0.670802 -0.0959796 0.928852 0.129447 -0.333566
294 -0.358311 -0.450719 0.66791 -0.094121 0.930439 0.129197 -0.329747
295 -0.366966 -0.447597 0.663918 -0.09272 0.932139 0.129011 -0.325386
296 -0.379001 -0.450205 0.655383 -0.0917871 0.933581 0.129354 -0.321355
297 -0.385815 -0.447747 0.65224 -0.0910818 0.934791 0.13065 -0.317491
298 -0.392532 -0.445324 0.649142 -0.089477 0.936035 0.132261 -0.313592
299 -0.400079 -0.442602 0.645661 -0.0876151 0.937386 0.133358 -0.309591
300 -0.406705 -0.440212 0.642605 -0.085613 0.938599 0.134859 -0.305804
301 -0.4189 -0.442763 0.633996 -0.0831687 0.939861 0.136166 -0.301998
302 -0.424356 -0.436887 0.623779 -0.0815478 0.941153 0.137276 -0.297886
303 -0.431913 -0.434161 0.620293 -0.0807333 0.942336 0.138714 -0.293671
304 -0.438119 -0.431922 0.617431 -0.0801786 0.943468 0.140397 -0.289358
305 -0.450463 -0.434419 0.608753 -0.0798797 0.944811 0.141455 -0.284504
306 -0.457401 -0.431916 0.605553 -0.0799806 0.946179 0.141833 -0.279698
307 -0.465481 -0.429002 0.601827 -0.080459 0.947379 0.14242 -0.275167
308 -0.473116 -0.426248 0.598305 -0.0804269 0.948422 0.143908 -0.270772
309 -0.485761 -0.428636 0.589489 -0.0800653 0.949464 0.145493 -0.266345
310 -0.495532 -0.42902 0.592683 -0.0793724 0.950765 0.145935 -0.261629
311 -0.503317 -0.426212 0.589092 -0.0787698 0.952019 0.146396 -0.256951
312 -0.510797 -0.423514 0.585643 -0.0773471 0.953283 0.14722 -0.252182
