# width:480 height:360 psr bound:50 mu:0.8
1 0 0 0 0 0 0 1
31 0.009375 0 -0.000932632 -0.0023566 0.0135284 0.00541461 0.999891
34 0.0357019 0.000298396 0.00161381 -0.00207981 0.0228115 -0.00348307 0.999732
37 0.044248 0.000239287 0.00152093 -0.00182368 0.0368426 0.00223481 0.999317
41 0.0524645 0.000270517 -0.00036792 -0.00216277 0.0532215 0.0078116 0.99855
44 0.0597981 0.000372994 -0.00427676 -0.00255887 0.0681886 0.0130906 0.997583
49 0.15601 0.00286782 -0.0200843 -0.00403324 0.0757087 0.0237344 0.996839
52 0.172126 0.00348481 -0.0552037 -0.00394973 0.0903889 0.0276846 0.995514
55 0.179329 0.00388778 -0.0551354 -0.00305269 0.105318 0.031606 0.993932
58 0.183917 0.011074 -0.0644451 -0.00195435 0.120402 0.0379021 0.991999
61 0.19208 0.0116653 -0.0590869 -0.00268779 0.134628 0.0452967 0.989857
64 0.203028 0.012719 -0.0677729 -0.00252972 0.148841 0.0519909 0.98749
67 0.214079 0.0139502 -0.0755557 -0.00289965 0.163946 0.0580329 0.984757
70 0.225283 0.0153428 -0.0824625 -0.00363164 0.178372 0.0650181 0.981806
73 0.233744 0.0166505 -0.0952451 -0.0041057 0.192975 0.0720366 0.978547
76 0.245677 0.0187347 -0.113525 -0.00385694 0.207389 0.0783064 0.975112
79 0.260186 0.0209186 -0.110243 -0.00497482 0.223372 0.0859216 0.970926
82 0.271429 0.0233691 -0.128112 -0.00442844 0.234862 0.0915411 0.967698
85 0.275843 0.0306101 -0.142488 -0.00410708 0.246464 0.0968085 0.964296
89 0.286525 0.0328412 -0.146835 -0.00272429 0.260467 0.104042 0.959857
93 0.294842 0.0348929 -0.153663 -0.00125385 0.273381 0.109712 0.955628
98 0.303604 0.0377316 -0.169761 0.000214674 0.286463 0.114721 0.951198
104 0.313096 0.0349258 -0.175899 0.0027186 0.29813 0.12011 0.946934
110 0.323248 0.0275007 -0.182366 0.0119785 0.308263 0.119801 0.943652
116 0.331786 0.013637 -0.185431 0.0243831 0.310566 0.116328 0.943092
122 0.328404 0.00177832 -0.185437 0.0361639 0.306982 0.108105 0.944864
127 0.323393 -0.00595975 -0.17647 0.0448445 0.296391 0.102507 0.94849
132 0.316581 -0.00843469 -0.167766 0.0492823 0.285342 0.095716 0.95236
136 0.311955 -0.0112395 -0.154119 0.052505 0.27152 0.0932585 0.956464
139 0.30399 -0.0139398 -0.144557 0.0554354 0.256617 0.0894615 0.960766
143 0.297267 -0.0170441 -0.13097 0.0567774 0.240644 0.0862429 0.965106
147 0.284529 -0.0195959 -0.126172 0.0573633 0.226083 0.0831055 0.96886
151 0.272119 -0.0154817 -0.116917 0.057995 0.213185 0.0789587 0.972088
155 0.254049 -0.0194528 -0.106209 0.0572381 0.198335 0.073941 0.975664
158 0.242811 -0.022164 -0.0970086 0.0567607 0.186394 0.0690919 0.978398
162 0.227459 -0.0238513 -0.0976702 0.0550718 0.171816 0.0629549 0.981572
165 0.213571 -0.0257021 -0.0948073 0.0539895 0.15806 0.0592211 0.984172
168 0.200633 -0.0277112 -0.0892397 0.0535796 0.144604 0.0538815 0.986568
171 0.189508 -0.0301698 -0.0775346 0.0524015 0.130891 0.0487226 0.988811
174 0.187604 -0.0295145 -0.0844597 0.0516396 0.115241 0.0428246 0.99107
177 0.183354 -0.0313406 -0.0710987 0.0498527 0.100312 0.0368539 0.993023
180 0.176377 -0.0320145 -0.0689571 0.0482682 0.0845648 0.0312847 0.994756
183 0.16923 -0.0325415 -0.0676044 0.0475822 0.0705593 0.0276032 0.99599
186 0.166695 -0.0309324 -0.0850528 0.0479186 0.0559598 0.0230689 0.997016
189 0.158592 -0.03078 -0.0899518 0.0479989 0.0419757 0.0166395 0.997826
192 0.151692 -0.0319256 -0.080297 0.0468676 0.0284034 0.0102199 0.998445
195 0.143649 -0.032222 -0.0786797 0.0458511 0.0133915 0.00626301 0.998839
198 0.152264 -0.0330607 -0.0685196 0.0437237 -0.00194108 0.0009391 0.999041
201 0.152248 -0.0334301 -0.0643077 0.0422504 -0.0156212 -0.00396762 0.998977
204 0.142666 -0.0339094 -0.0579097 0.0410273 -0.0291174 -0.00576616 0.998717
207 0.142629 -0.0339606 -0.0572856 0.0404853 -0.0429927 -0.0125098 0.998176
210 0.134359 -0.041863 -0.0708982 0.0386881 -0.0567775 -0.0181447 0.997472
213 0.126353 -0.0413489 -0.0741502 0.0375945 -0.0721404 -0.0236986 0.996404
216 0.12755 -0.048687 -0.0852036 0.0350259 -0.0896006 -0.0290373 0.994938
218 0.136366 -0.0489952 -0.0871673 0.0351686 -0.102816 -0.0324993 0.993547
221 0.135756 -0.049182 -0.0842824 0.034202 -0.120707 -0.0382917 0.99136
225 0.0856567 -0.0449871 -0.0944414 0.0325149 -0.129885 -0.0487772 0.989795
228 0.0694924 -0.0431413 -0.0997478 0.031379 -0.142998 -0.0536872 0.987767
231 0.060255 -0.0423373 -0.0984682 0.0299279 -0.155729 -0.058665 0.985602
234 0.0505632 -0.0414828 -0.0960953 0.0289407 -0.168287 -0.0640071 0.983232
237 0.0410054 -0.0318853 -0.091543 0.0292087 -0.180358 -0.0704721 0.980638
239 0.0378657 -0.0236162 -0.0797176 0.02883 -0.194068 -0.0756163 0.977644
242 0.0398591 -0.0168788 -0.0583872 0.0273124 -0.208343 -0.0806201 0.974345
245 0.0388795 -0.0169257 -0.0562111 0.0250526 -0.222583 -0.0852737 0.970854
249 0.0251088 -0.0137903 -0.0672876 0.0223625 -0.237671 -0.0911585 0.9668
253 0.0200933 -0.00539789 -0.0542598 0.0184995 -0.250555 -0.0972014 0.963033
256 0.0114758 -0.00368433 -0.0559973 0.015823 -0.262847 -0.103246 0.959167
260 0.00389671 -0.00190267 -0.0595979 0.0128515 -0.275455 -0.107955 0.955147
264 -0.00432137 -3.3231e-06 -0.0621906 0.00993345 -0.29046 -0.111291 0.950341
268 -0.0179172 0.00363107 -0.0711236 0.00740604 -0.304535 -0.117176 0.945237
272 -0.0283615 0.00590066 -0.070427 0.00423981 -0.317116 -0.124004 0.940235
276 -0.039678 0.0176921 -0.0784505 -0.0014591 -0.338188 -0.133903 0.931502
280 -0.0413322 0.0272059 -0.0856591 -0.00481302 -0.349456 -0.138691 0.926618
285 -0.0451448 0.0359889 -0.078012 -0.00860452 -0.361163 -0.145279 0.921076
291 -0.0504162 0.04599 -0.0804507 -0.0148687 -0.371108 -0.149531 0.916351
297 -0.0479082 0.0620518 -0.0880305 -0.024623 -0.380687 -0.154646 0.911348
302 -0.05282 0.0716785 -0.0904735 -0.0301066 -0.390527 -0.162613 0.905615
306 -0.0535995 0.0795919 -0.0867849 -0.0326998 -0.40255 -0.16755 0.899339
310 -0.0625028 0.0835663 -0.0976314 -0.0349472 -0.415749 -0.172986 0.892192
314 -0.0700987 0.0865034 -0.0999481 -0.0340599 -0.428911 -0.177174 0.885147
318 -0.0772259 0.0893973 -0.102804 -0.0306666 -0.444201 -0.180619 0.876996
322 -0.0793127 0.091947 -0.118371 -0.0273844 -0.455268 -0.182988 0.870917
328 -0.075763 0.0920512 -0.129446 -0.0222794 -0.466198 -0.182222 0.865424
334 -0.0849855 0.0739407 -0.139038 -0.00786159 -0.466744 -0.176286 0.866609
339 -0.0916512 0.0607304 -0.139767 0.00330491 -0.46477 -0.169703 0.86901
344 -0.0962632 0.0451228 -0.133318 0.0151584 -0.461578 -0.159763 0.872463
350 -0.099019 0.0291037 -0.128008 0.0282517 -0.457174 -0.153393 0.875594
355 -0.101759 0.0143246 -0.131652 0.0365752 -0.452231 -0.144483 0.87936
360 -0.103293 -0.000561388 -0.136026 0.0430263 -0.443731 -0.137144 0.884558
364 -0.103342 -0.00803854 -0.138705 0.0507908 -0.434888 -0.130923 0.889467
367 -0.101623 -0.0177936 -0.133177 0.0567649 -0.424435 -0.124046 0.895123
369 -0.0991775 -0.0278068 -0.127907 0.059535 -0.412343 -0.120783 0.901022
372 -0.0940875 -0.037791 -0.124818 0.0603656 -0.399259 -0.117166 0.907315
375 -0.087327 -0.0476926 -0.123237 0.0608717 -0.384365 -0.113755 0.914121
378 -0.085946 -0.0521535 -0.102658 0.0628824 -0.370575 -0.108855 0.920256
381 -0.0793382 -0.0565257 -0.0862735 0.0650189 -0.356406 -0.10455 0.926184
384 -0.0748379 -0.0586303 -0.0792064 0.0666398 -0.342285 -0.0998703 0.931894
387 -0.0639789 -0.0627507 -0.0663502 0.0689175 -0.327597 -0.095339 0.937465
390 -0.0517728 -0.0666716 -0.0549688 0.0693326 -0.313084 -0.0914888 0.942762
393 -0.0434288 -0.0683836 -0.0518322 0.0676849 -0.299256 -0.0873241 0.947755
396 -0.0294206 -0.072131 -0.0412834 0.0678383 -0.285131 -0.0836772 0.952416
399 -0.0274982 -0.0718484 -0.0441548 0.0674518 -0.269373 -0.0802886 0.95731
402 -0.0223331 -0.0710059 -0.0524509 0.0673827 -0.253005 -0.0772557 0.962019
405 -0.014601 -0.0727793 -0.0474108 0.0661547 -0.237773 -0.072883 0.966321
408 -0.00481748 -0.0740833 -0.0461283 0.0638036 -0.223567 -0.0686803 0.97017
411 0.00783872 -0.0747669 -0.0503607 0.0609843 -0.209608 -0.0637676 0.973796
414 0.0184196 -0.0757779 -0.0506932 0.0580001 -0.195946 -0.0601635 0.977047
417 0.0198258 -0.0754541 -0.0539987 0.0566027 -0.181448 -0.0576553 0.980076
420 0.0249029 -0.0684435 -0.0373559 0.0541482 -0.168794 -0.0537536 0.982694
423 0.0359121 -0.0691009 -0.0398609 0.0506537 -0.155888 -0.0504628 0.985184
426 0.0423793 -0.0617605 -0.026284 0.0473543 -0.144009 -0.0462906 0.987358
430 0.0507449 -0.0628294 -0.0224566 0.0452161 -0.128487 -0.0418121 0.989797
433 0.054199 -0.0530795 -0.0320652 0.044377 -0.115495 -0.0365979 0.991641
436 0.0609506 -0.0458954 -0.0197022 0.040976 -0.101396 -0.032375 0.993475
439 0.0619466 -0.0455302 -0.0244654 0.0383634 -0.085949 -0.0268643 0.995198
441 0.0514009 -0.0381683 -0.00853801 0.0351943 -0.0683226 -0.0212814 0.996815
444 0.0449914 -0.0369873 -0.0213456 0.0327523 -0.0535464 -0.0160277 0.997899
448 0.0437712 -0.0217731 -0.00478307 0.0290151 -0.038213 -0.0107319 0.998791
452 0.0436547 -0.0136612 -0.000714487 0.0210678 -0.025309 -0.00702227 0.999433
457 0.0517734 -0.0144753 0.0159581 0.0109004 -0.0153259 -0.0028072 0.999819
464 0.0690632 -0.0254548 0.0754616 0.000753924 -0.00661272 0.000950567 0.999977
483 0.123756 -0.102352 0.299093 -0.00879614 -0.0145307 -0.00579078 0.999839
495 0.138592 -0.148172 0.430063 -0.0213514 -0.00990964 -0.00400225 0.999715
504 0.126839 -0.190609 0.532835 -0.0272513 0.000754149 0.00203718 0.999626
510 0.108746 -0.223804 0.598844 -0.0284572 0.0127936 0.0117183 0.999444
514 0.10128 -0.239502 0.634396 -0.0279164 0.0236815 0.0202945 0.999124
517 0.102136 -0.247411 0.645623 -0.029491 0.0348378 0.0278325 0.99857
520 0.104199 -0.2543 0.669298 -0.0280201 0.0488059 0.0364762 0.997749
523 0.112333 -0.253688 0.669208 -0.0316197 0.0631742 0.0458894 0.996445
526 0.120127 -0.252913 0.669662 -0.0345866 0.0774242 0.0533721 0.994968
529 0.127691 -0.25214 0.668394 -0.0370402 0.091244 0.0593478 0.993368
532 0.136562 -0.250567 0.675588 -0.0387391 0.106443 0.0666191 0.991328
535 0.139989 -0.249052 0.691805 -0.0409437 0.121182 0.0744363 0.988988
538 0.157626 -0.253509 0.69714 -0.0428667 0.136356 0.0815626 0.986366
541 0.161164 -0.252067 0.710095 -0.0432052 0.152036 0.0870861 0.983582
544 0.177471 -0.256729 0.708686 -0.043359 0.168583 0.0945566 0.980183
546 0.189855 -0.260849 0.719528 -0.0421529 0.183445 0.101123 0.976906
549 0.201943 -0.265067 0.728182 -0.0420881 0.199191 0.109151 0.972953
552 0.213243 -0.269469 0.733699 -0.0389977 0.214528 0.115906 0.969032
555 0.226327 -0.273287 0.742293 -0.0410518 0.229737 0.118951 0.965084
559 0.247221 -0.282444 0.746709 -0.0396961 0.244496 0.124989 0.960741
563 0.264239 -0.292371 0.757501 -0.036551 0.256915 0.130109 0.956938
567 0.282162 -0.301622 0.769363 -0.0306824 0.269298 0.132627 0.953387
572 0.308262 -0.315673 0.764474 -0.0236854 0.283685 0.133761 0.949247
577 0.326822 -0.330544 0.761565 -0.0134872 0.293773 0.132589 0.946539
582 0.343392 -0.352386 0.752456 -0.00134673 0.301467 0.131525 0.944361
586 0.352071 -0.364071 0.759316 0.0105382 0.308421 0.127486 0.94261
591 0.361297 -0.374851 0.755949 0.0245152 0.312786 0.124356 0.941329
595 0.366946 -0.381285 0.760693 0.0372741 0.320856 0.120211 0.938729
599 0.369811 -0.388127 0.761508 0.0480423 0.3282 0.114633 0.936395
603 0.372928 -0.395034 0.762607 0.0576438 0.336817 0.108825 0.933482
610 0.378898 -0.408966 0.764396 0.067691 0.34449 0.10675 0.930241
618 0.373221 -0.426366 0.773493 0.0779853 0.33596 0.106625 0.932566
623 0.363968 -0.437479 0.782106 0.0786252 0.321026 0.100114 0.938476
627 0.355481 -0.448593 0.791961 0.0800185 0.305687 0.0936705 0.944128
631 0.344997 -0.45221 0.802352 0.0804979 0.293182 0.0865119 0.948725
635 0.329417 -0.457451 0.818437 0.0805146 0.279659 0.0823302 0.953169
639 0.311511 -0.455041 0.835268 0.0812757 0.264921 0.0780596 0.957663
643 0.29201 -0.459515 0.846864 0.0815866 0.251457 0.0717384 0.961752
646 0.27874 -0.462447 0.855029 0.0811546 0.238556 0.0680359 0.965337
649 0.267154 -0.465745 0.866401 0.0783654 0.224045 0.0655545 0.969209
652 0.255015 -0.468856 0.877045 0.0784302 0.20809 0.0604673 0.973083
655 0.239152 -0.478324 0.877138 0.075985 0.192726 0.0557809 0.976715
658 0.233228 -0.479865 0.88327 0.0743309 0.174436 0.052283 0.980466
661 0.224967 -0.488427 0.881212 0.0732969 0.158368 0.0478717 0.983491
664 0.217749 -0.489672 0.885693 0.0721128 0.146435 0.0425498 0.98567
668 0.203467 -0.492349 0.896963 0.0712708 0.130963 0.0369407 0.988132
671 0.19374 -0.492386 0.893696 0.0698838 0.117654 0.0338289 0.990015
674 0.184434 -0.492539 0.891514 0.0706692 0.104628 0.0304911 0.991529
678 0.166443 -0.492995 0.888981 0.0728056 0.0877872 0.0274636 0.993095
681 0.157212 -0.492916 0.885883 0.0733703 0.0729382 0.0240044 0.994344
684 0.148556 -0.493209 0.885675 0.0719153 0.0581516 0.0216605 0.995478
687 0.140072 -0.493639 0.886566 0.0708189 0.045619 0.017452 0.996293
691 0.12358 -0.495106 0.893463 0.0680414 0.0298498 0.0127506 0.997154
695 0.114414 -0.494871 0.890327 0.0667124 0.0146835 0.00864368 0.997627
699 0.105381 -0.495604 0.894735 0.0675428 0.000695277 0.00300924 0.997712
703 0.0866431 -0.496634 0.901482 0.0659641 -0.0119052 -0.00246762 0.997748
707 0.0866377 -0.496663 0.901704 0.0655543 -0.0263849 -0.00720224 0.997474
712 0.0671205 -0.497244 0.907721 0.0619439 -0.0402199 -0.0124109 0.997192
717 0.0484739 -0.497266 0.910853 0.0582904 -0.0552735 -0.0170495 0.996622
721 0.0304902 -0.496294 0.906873 0.0548087 -0.0679769 -0.0229576 0.995916
726 0.0123347 -0.495666 0.907515 0.0490664 -0.0821341 -0.027792 0.995025
731 -0.00511561 -0.494421 0.903471 0.042578 -0.0934498 -0.0356564 0.994074
737 -0.0235729 -0.484709 0.908599 0.0345968 -0.104809 -0.0418476 0.993009
743 -0.0309813 -0.474812 0.904485 0.0259595 -0.112401 -0.0510426 0.992012
749 -0.0399878 -0.4649 0.907331 0.0141861 -0.119243 -0.0528688 0.991355
755 -0.0392684 -0.455802 0.908563 0.000229563 -0.124757 -0.0562411 0.990592
760 -0.0394871 -0.447041 0.913367 -0.00583304 -0.136437 -0.0618479 0.988699
764 -0.0309949 -0.439315 0.919176 -0.0102673 -0.149942 -0.0628853 0.986639
768 -0.0159192 -0.432619 0.931341 -0.0151546 -0.165351 -0.0730344 0.98341
771 -0.00759651 -0.425201 0.936812 -0.0218007 -0.176472 -0.0830655 0.980552
774 0.000874401 -0.417926 0.942086 -0.0247639 -0.186857 -0.0926888 0.977691
777 0.00918583 -0.410755 0.947997 -0.0251255 -0.198466 -0.100558 0.974612
780 0.0161637 -0.40319 0.957872 -0.0239038 -0.210981 -0.104084 0.971639
783 0.0279026 -0.387824 0.960917 -0.0218257 -0.223289 -0.107063 0.968609
788 0.039225 -0.363498 0.969206 -0.0212849 -0.237575 -0.111788 0.96468
792 0.0420159 -0.337277 0.97565 -0.0210014 -0.248096 -0.119179 0.961147
796 0.0455965 -0.32016 0.977112 -0.00571883 -0.256522 -0.123597 0.958586
803 0.0508093 -0.250547 1.00129 -0.0095537 -0.261761 -0.136518 0.955381
813 0.0416628 -0.168387 1.04072 -0.00209262 -0.272396 -0.133358 0.952897
828 0.0401912 -0.00917139 1.1037 0.011745 -0.277104 -0.13171 0.951697
840 0.0572291 0.110274 1.13592 0.0207379 -0.281261 -0.12083 0.951768
848 0.0702403 0.178289 1.14698 0.0112386 -0.271942 -0.114631 0.955396
854 0.0702435 0.21349 1.14578 0.0017885 -0.262351 -0.110452 0.958629
860 0.0776501 0.229744 1.14031 -0.00469229 -0.252898 -0.103511 0.961928
862 -0.0645109 0.469541 1.11721 0.0116323 -0.247185 -0.0367814 0.9682
867 -0.0596953 0.478096 1.10977 0.00797678 -0.235559 -0.030551 0.971347
875 -0.0547607 0.503678 1.10372 -0.00411936 -0.228974 -0.0263366 0.973067
885 -0.0565164 0.528857 1.09134 -0.0155973 -0.230633 -0.0334972 0.972339
889 -0.0594198 0.537047 1.08008 -0.0155078 -0.242139 -0.0396028 0.969309
893 -0.0536954 0.544802 1.08779 -0.0141559 -0.256013 -0.0476065 0.965396
896 -0.0597998 0.545393 1.08214 -0.0151917 -0.269934 -0.0548978 0.961193
899 -0.0691354 0.546469 1.06714 -0.0135455 -0.283927 -0.0601336 0.956862
902 -0.073996 0.547125 1.06054 -0.0124245 -0.298612 -0.0657893 0.952023
905 -0.0737179 0.546887 1.07325 -0.0105096 -0.312551 -0.0733123 0.947009
908 -0.0766492 0.547213 1.07724 -0.00841606 -0.324531 -0.0802084 0.94243
911 -0.0723615 0.553628 1.08523 -0.00644592 -0.335507 -0.0855068 0.938127
913 -0.0752807 0.55395 1.08883 -0.00616675 -0.347407 -0.0924434 0.933126
916 -0.0798862 0.555066 1.08347 -0.00420075 -0.358407 -0.0993564 0.928254
919 -0.0836249 0.555511 1.08765 -0.00297108 -0.370101 -0.106282 0.922887
921 -0.0785039 0.563241 1.06446 -0.00131993 -0.378697 -0.10984 0.918979
924 -0.082688 0.56453 1.0594 -0.002471 -0.392435 -0.114137 0.912667
927 -0.0851949 0.565627 1.05304 -0.00255035 -0.404863 -0.119307 0.906557
929 -0.0850575 0.565609 1.05291 -0.000937144 -0.41378 -0.122967 0.902033
931 -0.0881611 0.566039 1.05565 0.00102664 -0.42327 -0.1268 0.897086
933 -0.0752143 0.570278 1.04653 0.00221735 -0.433421 -0.13219 0.891441
935 -0.0613309 0.576177 1.0221 0.00519353 -0.444366 -0.135853 0.885469
937 -0.063454 0.574486 1.03849 0.00900338 -0.455609 -0.138062 0.879363
940 -0.0630239 0.575565 1.03045 0.0142522 -0.471414 -0.140696 0.8705
942 -0.0646168 0.575773 1.03152 0.0192363 -0.482069 -0.141773 0.864373
945 -0.0681355 0.576207 1.03376 0.0246202 -0.4958 -0.144901 0.855909
948 -0.0738353 0.56888 1.04247 0.0286928 -0.509008 -0.147465 0.84755
951 -0.07501 0.564312 1.06572 0.033044 -0.52168 -0.150229 0.83916
954 -0.0777883 0.56463 1.06714 0.0347465 -0.534189 -0.152337 0.8308
957 -0.0818991 0.563423 1.07638 0.0355858 -0.545521 -0.154842 0.8229
960 -0.0835868 0.563628 1.07712 0.0357758 -0.556473 -0.157112 0.815091
963 -0.0859401 0.563926 1.07809 0.0362608 -0.568226 -0.15867 0.806615
966 -0.0901666 0.561051 1.0933 0.040993 -0.580307 -0.160595 0.797353
969 -0.0911279 0.563019 1.08671 0.0441448 -0.592351 -0.164104 0.787554
972 -0.0912014 0.564943 1.07989 0.0459728 -0.605499 -0.166363 0.776905
975 -0.0921367 0.565071 1.08015 0.0472338 -0.618184 -0.167785 0.766463
978 -0.0913506 0.566957 1.07326 0.0480883 -0.630183 -0.168897 0.756327
981 -0.098066 0.561283 1.07241 0.0492332 -0.641653 -0.170224 0.746245
984 -0.103311 0.555425 1.0711 0.0512959 -0.653353 -0.171517 0.735582
989 -0.101754 0.555189 1.07087 0.0571504 -0.67359 -0.171987 0.716541
992 -0.105613 0.551364 1.06243 0.0599961 -0.684057 -0.172595 0.706171
995 -0.108022 0.547263 1.07557 0.062395 -0.693036 -0.173328 0.696969
998 -0.113653 0.539285 1.07996 0.0676293 -0.703835 -0.170487 0.686277
1002 -0.118952 0.531206 1.08415 0.0731948 -0.713648 -0.16608 0.676584
1006 -0.115703 0.533087 1.07776 0.0767856 -0.724446 -0.160353 0.66601
1009 -0.118073 0.52919 1.06885 0.0786552 -0.733528 -0.157942 0.656357
1013 -0.117878 0.524967 1.06009 0.0830108 -0.742675 -0.151266 0.647041
1017 -0.116327 0.520445 1.05123 0.087013 -0.750415 -0.144277 0.639132
1022 -0.120604 0.507459 1.04608 0.0957129 -0.755435 -0.136771 0.633602
1026 -0.116951 0.502798 1.03758 0.105308 -0.759225 -0.128026 0.629363
1031 -0.118158 0.488697 1.03247 0.116741 -0.762785 -0.120344 0.624538
1036 -0.117418 0.474528 1.02759 0.13074 -0.763169 -0.114118 0.622461
1041 -0.117392 0.46005 1.02222 0.140696 -0.76275 -0.10555 0.622315
1046 -0.114601 0.452849 1.02008 0.15128 -0.759714 -0.0983559 0.62472
1052 -0.111199 0.445551 1.01792 0.16248 -0.756137 -0.0924323 0.627147
1058 -0.109729 0.438217 1.01529 0.173712 -0.74941 -0.0867188 0.632999
1062 -0.110728 0.435295 1.02258 0.179094 -0.740498 -0.0829971 0.642417
1067 -0.110235 0.429502 1.03793 0.184984 -0.731532 -0.0801034 0.651326
1072 -0.111372 0.426397 1.04537 0.190621 -0.721243 -0.0759537 0.661591
1076 -0.110923 0.423473 1.05299 0.191708 -0.711835 -0.0739782 0.671615
1081 -0.108214 0.417903 1.06834 0.191375 -0.702049 -0.0690223 0.68245
1087 -0.105789 0.412398 1.08362 0.193409 -0.691278 -0.0650946 0.693175
1091 -0.103099 0.40985 1.09147 0.194403 -0.681686 -0.0618202 0.70263
1095 -0.0999071 0.407431 1.09927 0.193304 -0.67163 -0.0581166 0.71286
1099 -0.0976792 0.404797 1.10722 0.193038 -0.661992 -0.0559923 0.722058
1103 -0.0948804 0.4023 1.11511 0.191974 -0.650763 -0.0520064 0.732768
1107 -0.0925595 0.399747 1.123 0.192599 -0.640335 -0.0510088 0.741805
1111 -0.08974 0.397296 1.1308 0.1913 -0.630402 -0.0505397 0.750629
1115 -0.086098 0.395035 1.13846 0.191595 -0.619738 -0.0503168 0.759397
1120 -0.0803751 0.396397 1.13751 0.174497 -0.605241 -0.0417822 0.775557
1124 -0.0758815 0.394556 1.14492 0.17123 -0.593786 -0.0419584 0.785072
1128 -0.0704642 0.390059 1.16049 0.169321 -0.580132 -0.0425894 0.79559
1131 -0.0677806 0.387854 1.16807 0.167371 -0.569449 -0.0421291 0.803704
1134 -0.0656351 0.385522 1.17582 0.166405 -0.558456 -0.0418836 0.811593
1137 -0.0603674 0.38386 1.18272 0.166449 -0.545266 -0.041601 0.820517
1140 -0.0523172 0.374602 1.18611 0.165547 -0.531698 -0.0375405 0.829748
1143 -0.0451608 0.357346 1.18741 0.16194 -0.519325 -0.0348872 0.838367
1146 -0.0380028 0.345321 1.19982 0.159669 -0.507255 -0.0322612 0.846261
1149 -0.0325544 0.335768 1.2041 0.158134 -0.494953 -0.0290155 0.853916
1152 -0.0298173 0.333627 1.21187 0.155558 -0.483673 -0.0257898 0.860928
1156 -0.0182685 0.331015 1.22454 0.154436 -0.46916 -0.0250042 0.869145
1160 -0.0115122 0.329997 1.2302 0.154087 -0.454787 -0.0237334 0.876848
1164 -0.00359223 0.329347 1.235 0.152293 -0.440403 -0.0215914 0.884526
1168 0.00151496 0.336237 1.24355 0.152183 -0.425861 -0.0203181 0.891667
1171 0.00761149 0.343443 1.25132 0.153317 -0.414119 -0.0174766 0.897047
1174 0.0168524 0.343276 1.25493 0.153673 -0.400831 -0.0146111 0.903054
1177 0.0195495 0.34426 1.25259 0.152275 -0.389008 -0.0115004 0.908489
1181 0.0273847 0.343695 1.25715 0.152018 -0.375335 -0.00888584 0.914295
1185 0.0297487 0.344626 1.25485 0.150954 -0.360573 -0.00746744 0.920404
1189 0.0337073 0.346245 1.25072 0.149693 -0.347453 -0.00646824 0.925649
1192 0.03375 0.346263 1.25067 0.146656 -0.335261 -0.00520042 0.930626
1195 0.0328034 0.345855 1.25178 0.147105 -0.321071 -0.00272836 0.935557
1198 0.0343155 0.346543 1.24989 0.143031 -0.304724 -0.00119993 0.941639
1201 0.0350509 0.346887 1.2489 0.138956 -0.29131 0.00214672 0.94648
1205 0.0359003 0.347294 1.24768 0.136683 -0.276394 0.00529499 0.95126
1209 0.0381294 0.348412 1.24424 0.135306 -0.263268 0.0102901 0.955132
1212 0.0491285 0.349578 1.24376 0.13502 -0.24621 0.0134882 0.959671
1215 0.0600919 0.350744 1.24332 0.136042 -0.23035 0.0169181 0.963403
1218 0.0693488 0.351004 1.2458 0.136329 -0.216171 0.0210945 0.966561
1221 0.0794629 0.351908 1.24635 0.134787 -0.200971 0.0255188 0.969944
1224 0.0880904 0.352016 1.24949 0.134692 -0.186637 0.0307313 0.972667
1227 0.0969636 0.352383 1.25198 0.135977 -0.173682 0.0351257 0.974736
1230 0.105459 0.352497 1.25544 0.137734 -0.160907 0.0386155 0.976549
1233 0.114149 0.352805 1.25834 0.141837 -0.147706 0.0407484 0.97796
1236 0.122697 0.352956 1.26172 0.142598 -0.135403 0.046786 0.979358
1239 0.131761 0.353758 1.26327 0.144893 -0.124672 0.0550043 0.980019
1242 0.140277 0.354258 1.26604 0.14703 -0.111943 0.0577297 0.98108
1246 0.150954 0.347498 1.26251 0.151413 -0.0963273 0.054697 0.982244
1251 0.161545 0.340826 1.25838 0.157636 -0.0830622 0.0531167 0.982563
1256 0.170255 0.341792 1.25912 0.164659 -0.0702281 0.0548473 0.982317
1260 0.180127 0.33545 1.25504 0.170362 -0.0553494 0.052137 0.982443
1264 0.189943 0.329426 1.24984 0.175471 -0.0410387 0.051925 0.982257
1268 0.199661 0.323639 1.24394 0.180648 -0.0268744 0.0534967 0.981724
1272 0.200799 0.316951 1.2371 0.184323 -0.01086 0.0548283 0.981275
1276 0.209909 0.317942 1.23737 0.189892 0.00250267 0.052254 0.98041
1280 0.209906 0.317994 1.23724 0.188254 0.0185015 0.0525857 0.980537
1284 0.210028 0.317189 1.23928 0.182755 0.032475 0.051747 0.981258
1287 0.209993 0.317339 1.23888 0.178301 0.045176 0.052203 0.981551
1290 0.210433 0.315924 1.2427 0.1713 0.0591403 0.0551603 0.981894
1294 0.210597 0.315523 1.24384 0.164557 0.0755796 0.0600649 0.981632
1296 0.210847 0.315056 1.24523 0.154442 0.0915883 0.0634865 0.981697
1299 0.211951 0.306915 1.24418 0.14324 0.10512 0.0686701 0.981691
1302 0.21377 0.297886 1.24563 0.136532 0.115621 0.0755942 0.980957
1307 0.223348 0.283917 1.23771 0.127388 0.126238 0.0803489 0.9805
1310 0.224901 0.27535 1.23709 0.113582 0.133544 0.0842585 0.9809
1313 0.228075 0.258331 1.2358 0.0992776 0.138894 0.0876863 0.981409
1316 0.231931 0.241033 1.23655 0.0834431 0.146757 0.0885121 0.981665
1319 0.236419 0.215864 1.23375 0.0678169 0.154437 0.0906251 0.981497
1322 0.242193 0.190312 1.23486 0.0556211 0.161403 0.0930256 0.980919
1325 0.248221 0.158411 1.2323 0.0443645 0.168365 0.0974138 0.979896
1329 0.25528 0.11972 1.22782 0.0288941 0.173009 0.101247 0.979276
1332 0.261526 0.0831023 1.22216 0.0165997 0.172119 0.106038 0.979212
1337 0.267713 0.0317601 1.20635 0.000420803 0.172669 0.108927 0.978938
1340 0.269779 -0.0125703 1.20554 -0.0102579 0.175555 0.117252 0.977409
1345 0.274158 -0.0477003 1.19414 -0.0241343 0.175151 0.120721 0.976814
1347 0.27569 -0.0546217 1.19362 -0.0379946 0.17518 0.129096 0.975296
1352 0.272365 -0.0777068 1.18955 -0.0514252 0.185339 0.129876 0.972696
1356 0.268921 -0.0933748 1.19044 -0.0569723 0.196825 0.138391 0.968949
1361 0.260059 -0.110204 1.19491 -0.062162 0.210719 0.14224 0.965143
1365 0.252164 -0.120294 1.18901 -0.0648846 0.226546 0.144891 0.960975
1368 0.237745 -0.131454 1.20115 -0.0695565 0.237591 0.151939 0.956884
1372 0.214008 -0.152956 1.21979 -0.071313 0.252432 0.158194 0.951928
1375 0.192701 -0.167183 1.23212 -0.0713915 0.263295 0.164442 0.947912
1378 0.170835 -0.18212 1.24313 -0.0721607 0.272677 0.172703 0.943723
1381 0.149272 -0.197479 1.2543 -0.0727672 0.283785 0.183068 0.938433
1384 0.128473 -0.213188 1.26627 -0.0718851 0.297089 0.193968 0.932173
1386 0.114156 -0.219482 1.26804 -0.0692614 0.307604 0.200481 0.927572
1388 0.10221 -0.224893 1.27346 -0.070097 0.318255 0.206242 0.92264
1391 0.0846955 -0.233139 1.28219 -0.0719619 0.332178 0.213816 0.915839
1394 0.0726815 -0.239201 1.29827 -0.0732697 0.350374 0.216765 0.90823
1396 0.0653022 -0.243093 1.30893 -0.0732619 0.364622 0.221793 0.901383
1399 0.0614162 -0.252664 1.31927 -0.0724685 0.378083 0.229254 0.894004
1402 0.0533049 -0.257806 1.33705 -0.0709518 0.390975 0.233691 0.887408
1404 0.0534763 -0.265943 1.35093 -0.0727084 0.402036 0.238041 0.881145
1405 0.052742 -0.274357 1.36311 -0.074847 0.414329 0.242979 0.873894
1407 0.0520203 -0.282899 1.37496 -0.0721112 0.4265 0.245774 0.867464
1409 0.0519864 -0.291294 1.38711 -0.0733525 0.438015 0.251791 0.859863
1412 0.0489363 -0.30296 1.41141 -0.0709048 0.449858 0.261091 0.851136
1416 0.0512903 -0.327364 1.44011 -0.0683924 0.460926 0.270288 0.842505
1419 0.0484705 -0.339023 1.45605 -0.0614636 0.474321 0.27737 0.833251
1422 0.0467883 -0.350633 1.47229 -0.0579705 0.48678 0.284407 0.823892
1425 0.0416044 -0.357417 1.48838 -0.0549708 0.500529 0.287263 0.814819
1428 0.040494 -0.370581 1.51005 -0.0530238 0.51375 0.291428 0.805182
1431 0.0355912 -0.379446 1.5322 -0.0473949 0.52682 0.296017 0.795355
1433 0.0324059 -0.386261 1.54882 -0.0466843 0.537705 0.299152 0.786894
1435 0.0291064 -0.393353 1.56523 -0.0477481 0.549209 0.303884 0.77701
1437 0.0252785 -0.400954 1.58123 -0.0507177 0.559604 0.309878 0.766972
1439 0.0252007 -0.413391 1.59573 -0.0490859 0.569684 0.314279 0.757812
1442 0.0256807 -0.427866 1.61603 -0.0444339 0.582959 0.318427 0.746183
1445 0.0247585 -0.436799 1.63768 -0.0410165 0.59464 0.320667 0.736134
1448 0.0243497 -0.443626 1.65384 -0.0392508 0.605148 0.322056 0.727004
1450 0.0240988 -0.4483 1.66454 -0.0372303 0.615301 0.32168 0.718708
1453 0.02654 -0.453987 1.68129 -0.0307517 0.627771 0.321227 0.708358
1456 0.0315644 -0.456231 1.69313 -0.0316963 0.637453 0.32205 0.699237
1459 0.0424208 -0.461574 1.70328 -0.0273967 0.648457 0.319669 0.690337
1463 0.0610013 -0.46509 1.71928 -0.0232757 0.659702 0.313904 0.682434
1467 0.0814658 -0.465455 1.72991 -0.0172582 0.670929 0.308359 0.674144
1471 0.105369 -0.472658 1.74289 -0.0141168 0.683277 0.304011 0.66371
1474 0.122849 -0.477643 1.74445 -0.0111182 0.693226 0.296884 0.656638
1478 0.147954 -0.48705 1.74866 -0.00255173 0.703358 0.290276 0.648861
1484 0.170205 -0.498116 1.75215 0.00175687 0.713277 0.281191 0.642001
1488 0.181464 -0.506411 1.75261 0.00659601 0.721852 0.276132 0.634537
1495 0.198521 -0.522486 1.76044 0.00830042 0.731376 0.277683 0.622826
1501 0.208271 -0.531459 1.76047 0.0152241 0.738914 0.277729 0.613711
1506 0.215497 -0.533683 1.75759 0.0115743 0.750146 0.275061 0.601239
