# width:480 height:360 psr bound:50 mu:0.8
1 0 0 0 0 0 0 1
60 0 -0.0166667 0.111383 -0.00868008 -0.00237742 -0.00682634 0.999936
131 0.15022 -0.0801062 0.789988 0.0458974 -0.315479 -0.162139 0.933851
171 0.0133071 -0.0710171 1.07013 0.0393606 -0.581377 -0.184061 0.791564
224 -0.0479711 -0.0531889 1.11893 0.0087072 -0.833538 -0.137023 0.535129
323 -0.505742 -0.121965 0.642252 -0.047151 0.97399 0.0335748 -0.219075
361 -0.618429 -0.0657828 0.328546 -0.0283909 0.981345 0.0650688 -0.178669
415 -0.656375 -0.0726041 -0.121054 -0.0171421 0.998917 0.00903538 -0.0423013
488 -0.781762 -0.153598 -0.769202 -0.0411891 0.992129 -0.102106 -0.059655
512 -0.790644 -0.154091 -0.957104 -0.0262205 0.992166 -0.120548 0.0196951
526 -0.751039 -0.159118 -1.07364 -0.00995908 0.991081 -0.124581 0.0462471
531 -0.748587 -0.145985 -1.10561 -0.000827118 0.991516 -0.113661 0.0630594
538 -0.744794 -0.132246 -1.1375 0.00563245 0.991407 -0.0993888 0.0848675
543 -0.857622 -0.124371 -1.15039 0.00696203 0.990344 -0.0895601 0.105594
547 -0.972243 -0.114491 -1.15671 0.00753987 0.988452 -0.0799327 0.128517
551 -1.08052 -0.10443 -1.16305 0.0113373 0.986041 -0.0718842 0.149758
557 -1.20315 -0.100353 -1.1728 0.0136211 0.982322 -0.0625808 0.1759
562 -1.27385 -0.0979293 -1.18164 0.0110416 0.97989 -0.0546352 0.191596
569 -1.30956 -0.0902195 -1.1989 0.00917643 0.975947 -0.0412193 0.213881
577 -1.31586 -0.0674646 -1.22405 0.0172763 0.968545 -0.0224657 0.247219
586 -1.32958 -0.0518232 -1.24775 0.0111229 0.958903 -0.00124081 0.283513
696 -0.716385 0.0851988 -1.3749 -0.0158229 0.861414 0.0793034 0.501424
900 -0.338731 0.0293463 -0.895002 -0.0424477 0.745946 0.0877424 0.658835
