# width:480 height:360 psr bound:50 mu:0.8
1 6.95189e-310 4.64823e-310 6.95187e-310 -1.15182e-310 -9.48039e-316 1.15183e-310 0.5
2 0 0.00833333 -0.00226409 0.0014099 -0.000192626 -0.000343727 0.999999
3 0 0 -0.00233777 -0.00127845 0.000164669 -0.00024953 0.999999
4 0 0.00833333 -0.00174011 -0.00150447 0.000717142 -0.000433772 0.999999
5 0 0.00833333 -0.00259011 -0.00148817 0.00071779 -0.00093616 0.999998
6 0 0.0166667 -0.00246716 -0.00148777 0.00074041 -0.000673768 0.999998
7 0 0 -0.00192468 -0.00430446 0.00124738 -0.000912816 0.99999
8 0 0.00833333 -0.00121837 -0.00184048 0.000739197 -0.000447068 0.999998
9 0 0.00833333 -0.00166179 -0.00149225 0.000736543 -0.00054898 0.999998
10 0 0.00833333 -0.00129881 -0.00279311 0.00088678 -0.000701625 0.999995
11 0 0.00833333 -0.000274514 -0.00164452 0.00071883 -0.000357591 0.999998
12 0 0 0.000431901 -0.0015054 0.00071973 -0.000356735 0.999999
13 0 0.00833333 0.00105129 0 0 0 1
14 0 0 0.000993376 0 0 0 1
15 0 0.00833333 0.00103626 0.00133321 1.64346e-05 0.00119324 0.999998
16 0 0 0.000952342 0.00141149 -3.14483e-05 0.00118119 0.999998
17 0 0.00833333 0.000361819 0.00141642 -0.000254271 0.000667139 0.999999
18 0 0.00833333 0.000223546 0.00101274 -0.000449462 -1.95738e-05 0.999999
19 0 0.00833333 -3.98912e-05 0.000680764 -0.000327911 -0.00119459 0.999999
20 0 0 -0.000765994 -0.000785596 0.000296327 -0.0041159 0.999991
21 0 0 -0.000741653 -0.00151565 0.000710527 -0.00360186 0.999992
22 0 0 -0.000901663 -0.00151561 0.000709285 -0.00341473 0.999993
23 -0.00833333 0 -0.000779167 -0.00150315 0.000711825 -0.00247525 0.999996
24 -0.00833333 0.00833333 -0.000627462 -0.00150304 0.000715375 -0.00239943 0.999996
25 -0.00833333 0 -0.000699347 -0.00150412 0.000739063 -0.00245948 0.999996
26 -0.00833333 0 -0.000793001 -0.00152345 0.000733614 -0.00322526 0.999993
27 -0.00833333 0 -0.000719244 -0.0015311 0.000734898 -0.00411868 0.99999
28 -0.00833333 0 -0.000341554 -0.00151979 0.000717965 -0.00351034 0.999992
29 -0.00833333 0 -0.000621808 -0.00153208 0.000730353 -0.00386093 0.999991
30 -0.00833333 0 -0.0006386 -0.0015256 0.000729681 -0.00596754 0.999981
31 0 0 -0.000663629 -0.00152957 0.000711048 -0.00693411 0.999975
32 -0.00833333 0.00833333 7.11179e-05 -0.0015086 0.000733944 -0.00381608 0.999991
33 -0.00833333 0.00833333 0.000271331 -0.0015049 0.000734064 -0.00481305 0.999987
34 -0.00833333 0.00833333 -0.000387575 -0.00150207 0.000733631 -0.00501098 0.999986
35 -0.00833333 0.00833333 -0.000164447 -0.00150052 0.000734178 -0.00358376 0.999992
36 -0.00833333 0.00833333 0.000151373 -0.00278391 0.00195587 -0.00548134 0.999979
37 -0.00833333 0.00833333 0.000145157 -0.00267396 0.00329282 -0.00576142 0.999974
38 -0.0166667 0.0166667 -0.000540191 -0.00266317 0.00414505 -0.00494675 0.999976
39 -0.0166667 0.00833333 0.000411147 -0.00476256 0.00500163 -0.00413717 0.999968
40 -0.0166667 0.00833333 0.00244314 -0.00586597 0.00524263 -0.0031123 0.999964
41 -0.0166667 0.00833333 0.00354511 -0.00509835 0.00561432 -0.00227103 0.999969
42 -0.0166667 0.00833333 0.00537034 -0.00497833 0.00588167 -0.00171167 0.999969
43 -0.0166667 0.00833333 0.00730122 -0.00485206 0.00626643 -0.00137755 0.999968
44 -0.0166667 0.00833333 0.00910633 -0.00390311 0.00713912 -0.00173335 0.999965
45 -0.0166667 0.00833333 0.0109742 -0.00350522 0.00800508 -0.00273218 0.999958
46 -0.025 0.0166667 0.0140424 -0.00437856 0.00914615 -0.00386942 0.999941
47 -0.025 0.0166667 0.0185836 -0.00524506 0.0102699 -0.00523882 0.99992
48 -0.025 0.0166667 0.0221695 -0.0054707 0.0106883 -0.00701253 0.999903
49 -0.025 0.0166667 0.0271252 -0.00726706 0.0111122 -0.00896255 0.999872
50 -0.0248704 0.0167498 0.0329214 -0.00896721 0.0115467 -0.0106368 0.999837
51 -0.0247384 0.0168344 0.0388259 -0.00954726 0.0114224 -0.0122287 0.999814
52 -0.0246046 0.0169202 0.0448102 -0.00980235 0.0111287 -0.0134739 0.999799
53 -0.0163456 0.0168613 0.0507713 -0.0112119 0.0109032 -0.0148024 0.999768
54 -0.0161677 0.0169754 0.0587252 -0.0127803 0.0106868 -0.0155663 0.99974
55 -0.015989 0.01709 0.0667184 -0.0133743 0.00947427 -0.0161933 0.999735
56 -0.015817 0.0172003 0.0744113 -0.0133088 0.00755939 -0.0172472 0.999734
57 -0.00762691 0.00906693 0.0838648 -0.0133157 0.00620076 -0.0185754 0.99972
58 -0.00743005 0.00919317 0.092669 -0.0114821 0.00457467 -0.0202758 0.999718
59 0.00101734 0.0172854 0.100482 -0.0099587 0.00322669 -0.0229908 0.999681
60 -0.0247618 -0.0138762 0.110166 -0.00986815 0.00181613 -0.00989685 0.999901
61 -0.024727 -0.0136967 0.119273 -0.00949485 0.000247657 -0.0120095 0.999883
62 -0.0165661 -0.013665 0.129031 -0.00892312 -0.00177044 -0.0145627 0.999853
63 -0.00840666 -0.0136402 0.138438 -0.00894582 -0.00415564 -0.0164607 0.999816
64 -0.00837117 -0.0134576 0.147709 -0.00857047 -0.00662839 -0.0193535 0.999754
65 -0.000212356 -0.0134362 0.156944 -0.00881381 -0.00910477 -0.0222377 0.999672
66 0.00735513 -0.021724 0.167651 -0.010121 -0.0116841 -0.0254916 0.999556
67 0.00719985 -0.0215668 0.176366 -0.00824097 -0.0135082 -0.0293163 0.999445
68 0.015148 -0.0217573 0.185915 -0.00635521 -0.0163234 -0.0324261 0.999321
69 0.0153647 -0.0134939 0.193965 -0.00594394 -0.0190541 -0.0350726 0.999185
70 0.0231028 -0.0139349 0.203856 -0.00640764 -0.0220907 -0.0369099 0.999054
71 0.022789 -0.0138248 0.21218 -0.00573581 -0.0252978 -0.0383098 0.998929
72 0.0305579 -0.0142765 0.221255 -0.00596154 -0.0281652 -0.0396044 0.998801
73 0.0302216 -0.0141585 0.230177 -0.00672885 -0.0315496 -0.0413538 0.998624
74 0.0374162 -0.0227137 0.239416 -0.00568433 -0.0350383 -0.0436717 0.998415
75 0.0449802 -0.0233132 0.247313 -0.00413138 -0.0387475 -0.0468077 0.998144
76 0.0452066 -0.015119 0.254215 -0.00452938 -0.0421832 -0.0499803 0.997849
77 0.0519376 -0.0237868 0.263919 -0.00603658 -0.045774 -0.0537437 0.997487
78 0.0513238 -0.0236595 0.272732 -0.00587123 -0.0485017 -0.0574407 0.997153
79 0.0586535 -0.024459 0.280813 -0.0050879 -0.051918 -0.0605806 0.996799
80 0.0578256 -0.0243101 0.28939 -0.00579434 -0.0563543 -0.0635225 0.996371
81 0.0570046 -0.0241624 0.297897 -0.00640327 -0.0602916 -0.0674976 0.995875
82 0.0559541 -0.0239783 0.306643 -0.00687122 -0.0646835 -0.0712228 0.995337
83 0.0629391 -0.0248879 0.31601 -0.00878835 -0.0686595 -0.074363 0.994826
84 0.0620055 -0.0247243 0.323783 -0.0105226 -0.0728043 -0.0771504 0.994302
85 0.0608517 -0.0244651 0.331755 -0.0110023 -0.0772963 -0.0799027 0.99374
86 0.0677314 -0.0254464 0.341724 -0.011184 -0.0817722 -0.0827353 0.993148
87 0.0664304 -0.0251542 0.350714 -0.0109106 -0.0858934 -0.0857799 0.992545
88 0.0730345 -0.0262373 0.360817 -0.0110026 -0.0894556 -0.0887473 0.991968
89 0.0716286 -0.0259339 0.369028 -0.0105901 -0.0927213 -0.0926151 0.991319
90 0.0778655 -0.0269379 0.381276 -0.00948635 -0.096393 -0.0956001 0.990696
91 0.0761655 -0.026571 0.391206 -0.00950595 -0.0994318 -0.0986946 0.990092
92 0.0741653 -0.0261766 0.401257 -0.0096218 -0.102853 -0.100663 0.989543
93 0.0803697 -0.0274342 0.411969 -0.0106023 -0.106826 -0.102216 0.988953
94 0.0784631 -0.0270583 0.42155 -0.0110126 -0.11114 -0.103964 0.98829
95 0.0845968 -0.028302 0.432617 -0.0120968 -0.116076 -0.106349 0.987456
96 0.0798633 -0.0360231 0.445122 -0.0128986 -0.120949 -0.109881 0.986474
97 0.0857478 -0.0373144 0.456688 -0.011361 -0.125077 -0.113593 0.985557
98 0.091677 -0.0386152 0.468063 -0.0107476 -0.129254 -0.117269 0.984594
99 0.0866875 -0.0463085 0.479463 -0.0105607 -0.133359 -0.121025 0.983594
100 0.0924072 -0.0477871 0.490485 -0.00803235 -0.137592 -0.123716 0.982699
101 0.0900881 -0.0473133 0.499378 -0.00555336 -0.141722 -0.125991 0.98184
102 0.103566 -0.0511128 0.512395 -0.00397557 -0.146253 -0.128296 0.980884
103 0.108826 -0.0527637 0.524028 -0.000808354 -0.151222 -0.130498 0.979848
104 0.0956278 -0.0584044 0.532326 0.00152597 -0.155281 -0.132663 0.978921
105 0.101343 -0.060392 0.542188 0.00379295 -0.159062 -0.134479 0.978059
106 0.0987751 -0.0600696 0.550218 0.00643959 -0.163031 -0.135892 0.977196
107 0.104687 -0.0620818 0.559465 0.00740924 -0.167019 -0.137666 0.976267
108 0.0991088 -0.0701083 0.569427 0.00925946 -0.17136 -0.139281 0.97527
109 0.104394 -0.0722831 0.579625 0.0120851 -0.176515 -0.139804 0.974244
110 0.102133 -0.0720839 0.585942 0.0146244 -0.182637 -0.139941 0.97306
111 0.107387 -0.074256 0.596227 0.0168671 -0.188841 -0.140071 0.97182
112 0.112311 -0.0764912 0.605996 0.018747 -0.19474 -0.140631 0.97054
113 0.109544 -0.0763414 0.612906 0.0212832 -0.20087 -0.141148 0.969162
114 0.106942 -0.0762007 0.619401 0.0231305 -0.206797 -0.142049 0.967741
115 0.111407 -0.0785276 0.629502 0.024535 -0.212212 -0.143476 0.966322
116 0.108237 -0.0784187 0.636619 0.0263659 -0.217691 -0.144193 0.964948
117 0.112072 -0.080724 0.648135 0.0275356 -0.224206 -0.145014 0.963299
118 0.115375 -0.0831064 0.659962 0.0294062 -0.231402 -0.145465 0.961472
119 0.111533 -0.0830018 0.667806 0.0313124 -0.237567 -0.14646 0.959756
120 0.107936 -0.0829039 0.675146 0.0324273 -0.244004 -0.147963 0.957871
121 0.110183 -0.0852979 0.687674 0.034241 -0.250707 -0.150049 0.95575
122 0.106126 -0.0852122 0.695148 0.0355628 -0.257192 -0.15149 0.95375
123 0.108582 -0.0876106 0.707291 0.0368266 -0.263415 -0.152529 0.951836
124 0.110285 -0.0900292 0.719507 0.0383093 -0.270107 -0.153544 0.949736
125 0.111829 -0.0924698 0.731708 0.0401041 -0.276567 -0.155004 0.947563
126 0.11331 -0.0949459 0.743745 0.041123 -0.282576 -0.156957 0.945423
127 0.115144 -0.0973908 0.754647 0.0421812 -0.288512 -0.159287 0.943191
128 0.11634 -0.0998515 0.766291 0.0438949 -0.2944 -0.160639 0.941061
129 0.111885 -0.0997577 0.772742 0.0444639 -0.299861 -0.16217 0.939046
130 0.113553 -0.102275 0.783317 0.0435627 -0.305619 -0.163753 0.936955
131 0.115125 -0.104775 0.793862 0.0431163 -0.31184 -0.164685 0.93476
132 0.110869 -0.104618 0.799576 0.0435368 -0.318003 -0.166345 0.932367
133 0.112545 -0.107058 0.809324 0.0431908 -0.324283 -0.168864 0.929763
134 0.109005 -0.106891 0.813829 0.0444438 -0.330462 -0.170757 0.927179
135 0.119386 -0.104853 0.828242 0.0450004 -0.337247 -0.172749 0.924336
136 0.119979 -0.107293 0.838823 0.0443947 -0.344304 -0.174457 0.921438
137 0.120942 -0.109744 0.848789 0.0436106 -0.350816 -0.175222 0.918871
138 0.121143 -0.112129 0.859478 0.0436738 -0.358099 -0.175057 0.916086
139 0.116817 -0.111837 0.864244 0.0440464 -0.366162 -0.175037 0.912879
140 0.112457 -0.113883 0.879421 0.0419844 -0.381369 -0.175444 0.90665
141 0.107657 -0.113491 0.884217 0.0416401 -0.389402 -0.174704 0.903388
142 0.102995 -0.113096 0.888718 0.0405533 -0.397291 -0.174062 0.900121
143 0.102334 -0.115271 0.899229 0.0393509 -0.404688 -0.17352 0.896978
144 0.0983085 -0.11489 0.902871 0.0389977 -0.411597 -0.173194 0.893908
145 0.0945633 -0.114526 0.906161 0.0396846 -0.418975 -0.172482 0.890581
146 0.088469 -0.113934 0.911339 0.0412672 -0.426231 -0.172213 0.887111
147 0.0827792 -0.113391 0.916016 0.0412516 -0.432847 -0.172851 0.883779
148 0.077895 -0.11291 0.919913 0.0406732 -0.439733 -0.173485 0.880275
149 0.0722482 -0.11233 0.924283 0.0404387 -0.446592 -0.17403 0.876718
150 0.0668913 -0.111762 0.9283 0.0403003 -0.452904 -0.174515 0.873383
151 0.0612383 -0.111146 0.932418 0.0404095 -0.459346 -0.17446 0.870018
152 0.054863 -0.110441 0.936923 0.0411203 -0.466299 -0.174463 0.866278
153 0.0483123 -0.109712 0.941398 0.041937 -0.472767 -0.174582 0.862702
154 0.0420043 -0.109008 0.945572 0.0423898 -0.478613 -0.174861 0.859393
155 0.0299036 -0.109854 0.961958 0.042338 -0.488673 -0.174688 0.85375
156 0.025282 -0.111524 0.973273 0.0415224 -0.494511 -0.174696 0.850421
157 0.0181475 -0.110672 0.977504 0.0414852 -0.500417 -0.174782 0.846943
158 0.0130433 -0.112255 0.98896 0.0409102 -0.506299 -0.175933 0.843229
159 0.0071712 -0.111554 0.992443 0.0405679 -0.512076 -0.176865 0.839554
160 0.000996712 -0.110756 0.995779 0.0411365 -0.517778 -0.178248 0.835728
161 -0.00464814 -0.112224 1.00707 0.041145 -0.522895 -0.180322 0.832089
162 -0.0101997 -0.111506 1.01006 0.0402903 -0.527987 -0.181804 0.828585
163 -0.0153405 -0.113025 1.02067 0.03999 -0.533944 -0.182632 0.824591
164 -0.0216067 -0.112143 1.02376 0.039622 -0.540022 -0.183927 0.820352
165 -0.0270118 -0.111382 1.02643 0.0385562 -0.545733 -0.18473 0.816434
166 -0.0317789 -0.112844 1.03624 0.0379029 -0.551665 -0.18446 0.812529
167 -0.0381713 -0.111865 1.03907 0.038329 -0.557087 -0.184582 0.808774
168 -0.0434292 -0.111059 1.0414 0.0373674 -0.562141 -0.18557 0.805087
169 -0.047627 -0.110381 1.04307 0.0370958 -0.56745 -0.185489 0.801385
170 -0.0543496 -0.111489 1.05332 0.037304 -0.57298 -0.18538 0.797456
171 -0.0541537 -0.106441 1.0636 0.0359636 -0.578244 -0.185774 0.793618
172 -0.0587825 -0.105656 1.06523 0.0338707 -0.583318 -0.185623 0.790023
173 -0.0630576 -0.104932 1.06674 0.0321145 -0.588941 -0.184388 0.786205
174 -0.0627738 -0.0998856 1.07683 0.0304504 -0.595067 -0.18301 0.781969
175 -0.0669908 -0.0991236 1.07812 0.0284727 -0.600728 -0.181796 0.777988
176 -0.0709083 -0.0984156 1.07933 0.0267148 -0.606978 -0.180163 0.773567
177 -0.0747443 -0.0976984 1.08039 0.0249201 -0.613352 -0.179198 0.768809
178 -0.0777975 -0.0971276 1.08123 0.0234128 -0.619679 -0.178206 0.763998
179 -0.0810104 -0.096505 1.08201 0.0221916 -0.626197 -0.176577 0.759082
180 -0.0840877 -0.0959088 1.08275 0.0205303 -0.632467 -0.175128 0.754251
181 -0.0867601 -0.095379 1.08331 0.0189328 -0.638737 -0.173716 0.749319
182 -0.0894024 -0.0948552 1.08385 0.0180023 -0.645262 -0.172135 0.744098
183 -0.0945264 -0.0938195 1.08474 0.0162295 -0.659069 -0.1697 0.732507
184 -0.0968728 -0.0933364 1.08505 0.0168097 -0.666301 -0.168419 0.72622
185 -0.0997686 -0.0927403 1.08544 0.0167536 -0.673207 -0.167758 0.719979
186 -0.101663 -0.0923482 1.08562 0.016161 -0.679715 -0.168365 0.713708
187 -0.104935 -0.0935944 1.09319 0.0155294 -0.686057 -0.168824 0.707519
188 -0.106734 -0.0932078 1.0933 0.0142172 -0.6921 -0.170362 0.701265
189 -0.108387 -0.0948016 1.10064 0.013133 -0.698011 -0.172596 0.694852
190 -0.108471 -0.0947824 1.10064 0.014515 -0.704214 -0.173697 0.68826
191 -0.110902 -0.0961663 1.10774 0.0161255 -0.710441 -0.174188 0.681668
192 -0.113147 -0.0976634 1.11474 0.016101 -0.716017 -0.175321 0.675516
193 -0.113289 -0.0976306 1.11474 0.0157149 -0.721281 -0.176321 0.66964
194 -0.113576 -0.0975618 1.11473 0.0156305 -0.726604 -0.176569 0.663797
195 -0.115936 -0.0991211 1.12186 0.0153085 -0.731628 -0.176581 0.658259
196 -0.11682 -0.0989037 1.1218 0.0146229 -0.736479 -0.176433 0.652882
197 -0.118769 -0.100581 1.12891 0.0138076 -0.741487 -0.176654 0.647147
198 -0.119117 -0.100495 1.12889 0.0135347 -0.746163 -0.176305 0.641853
199 -0.119892 -0.100298 1.12879 0.0130544 -0.750744 -0.175525 0.636713
200 -0.122258 -0.101879 1.13582 0.0117649 -0.755177 -0.175175 0.631571
201 -0.122446 -0.101831 1.1358 0.0108851 -0.759613 -0.174636 0.626396
202 -0.122616 -0.101786 1.13577 0.0104472 -0.763911 -0.173906 0.621359
203 -0.122759 -0.101748 1.13575 0.0101241 -0.768255 -0.172892 0.616271
204 -0.124612 -0.10345 1.14282 0.00996528 -0.772394 -0.171747 0.611401
205 -0.124479 -0.103485 1.14284 0.00947701 -0.776425 -0.170554 0.606618
206 -0.124135 -0.103577 1.14291 0.00972684 -0.780687 -0.168807 0.601613
207 -0.125245 -0.103281 1.14269 0.00957363 -0.784897 -0.165991 0.596902
208 -0.126012 -0.103078 1.1425 0.00903531 -0.788703 -0.164008 0.592424
209 -0.126747 -0.102883 1.14232 0.0076992 -0.792414 -0.162743 0.587822
210 -0.126982 -0.102821 1.14226 0.00656769 -0.795855 -0.161885 0.583408
211 -0.126929 -0.102835 1.14227 0.00545768 -0.79917 -0.160704 0.579199
212 -0.127487 -0.102685 1.14211 0.00456638 -0.80264 -0.159048 0.574849
213 -0.127785 -0.102605 1.14203 0.00374903 -0.805709 -0.157885 0.570869
214 -0.127437 -0.102699 1.14214 0.00296228 -0.808547 -0.156935 0.567111
215 -0.127367 -0.102719 1.14216 0.00268081 -0.811426 -0.15537 0.563419
216 -0.133532 -0.108525 1.13865 0.00246315 -0.814473 -0.153737 0.559458
217 -0.133623 -0.1085 1.13862 0.00205096 -0.81762 -0.151703 0.555409
218 -0.133224 -0.108609 1.13876 0.0019935 -0.820605 -0.149878 0.551489
219 -0.137349 -0.112894 1.128 0.00245022 -0.823612 -0.148178 0.547449
220 -0.137455 -0.112866 1.12796 0.00335222 -0.826458 -0.146233 0.543665
221 -0.137212 -0.112931 1.12805 0.00469521 -0.829062 -0.144616 0.540111
222 -0.141348 -0.117262 1.11709 0.00593879 -0.831393 -0.142712 0.537013
223 -0.1419 -0.117114 1.11687 0.00644484 -0.833751 -0.140332 0.53397
224 -0.141738 -0.117155 1.11695 0.00627747 -0.836216 -0.138122 0.530684
225 -0.148395 -0.12293 1.11268 0.00666682 -0.838955 -0.13571 0.526966
226 -0.146987 -0.121264 1.10522 0.00684007 -0.841622 -0.133556 0.523248
227 -0.147114 -0.121232 1.10517 0.00744464 -0.84416 -0.131114 0.519757
228 -0.148493 -0.120896 1.1045 0.00791096 -0.846266 -0.128529 0.516964
229 -0.148937 -0.120789 1.10429 0.00770809 -0.848031 -0.126554 0.514556
230 -0.153946 -0.125085 1.09236 0.00743758 -0.850039 -0.124364 0.511773
231 -0.154075 -0.125054 1.0923 0.00784813 -0.851973 -0.122082 0.509094
232 -0.154673 -0.124916 1.09199 0.00889947 -0.853872 -0.119502 0.5065
233 -0.162039 -0.130688 1.08697 0.0102172 -0.855419 -0.116872 0.504476
234 -0.16107 -0.129048 1.07911 0.0116025 -0.856707 -0.114724 0.502749
235 -0.161652 -0.128914 1.0788 0.0133031 -0.857801 -0.11289 0.501255
236 -0.162671 -0.128679 1.07828 -0.0142948 0.85881 0.110794 -0.499965
237 -0.169185 -0.134794 1.0735 -0.0174103 0.860714 0.107031 -0.497407
238 -0.167933 -0.133269 1.06571 -0.019272 0.861883 0.104309 -0.495888
239 -0.173767 -0.139523 1.06131 -0.0214943 0.863168 0.101622 -0.494118
240 -0.180838 -0.145524 1.05623 -0.0238775 0.864514 0.0979121 -0.492401
241 -0.181768 -0.145365 1.0557 -0.0263971 0.865783 0.0940695 -0.490789
242 -0.189246 -0.15151 1.05016 -0.0286151 0.866691 0.0905068 -0.489731
243 -0.187904 -0.150049 1.04235 -0.0304729 0.86755 0.0869881 -0.488734
244 -0.196101 -0.156071 1.0364 -0.0315117 0.868203 0.0836853 -0.488086
245 -0.197079 -0.15594 1.03581 -0.0315207 0.86906 0.080851 -0.487037
246 -0.202344 -0.161092 1.02281 -0.0319195 0.87006 0.0776775 -0.48574
247 -0.204863 -0.162302 1.02996 -0.0326185 0.871063 0.0742216 -0.484435
248 -0.210771 -0.167367 1.01658 -0.0339444 0.871967 0.0706465 -0.483251
249 -0.211379 -0.167285 1.01621 -0.0348859 0.87287 0.0672993 -0.482029
250 -0.217787 -0.174067 1.01112 -0.0358959 0.87398 0.0639551 -0.480396
251 -0.218254 -0.174021 1.01082 -0.03747 0.875323 0.0601872 -0.478312
252 -0.22317 -0.179611 0.997892 -0.039457 0.876602 0.0570437 -0.476191
253 -0.223591 -0.179569 0.99763 -0.0414969 0.878024 0.0538905 -0.473758
254 -0.228965 -0.18526 0.984408 -0.0438413 0.879409 0.0502763 -0.47137
255 -0.229895 -0.185198 0.983802 -0.046108 0.880683 0.0468765 -0.469121
256 -0.231 -0.185125 0.983081 -0.048162 0.882052 0.0434677 -0.466664
257 -0.237174 -0.191931 0.977976 -0.0500886 0.883304 0.0410031 -0.464309
258 -0.238699 -0.191883 0.97693 -0.0511808 0.884564 0.0390188 -0.461957
259 -0.24317 -0.197909 0.963973 -0.0521633 0.886063 0.0363535 -0.459184
260 -0.24492 -0.197854 0.962772 -0.0539739 0.887651 0.03322 -0.456134
261 -0.250942 -0.204883 0.957522 -0.0555797 0.889017 0.0307672 -0.453446
262 -0.25301 -0.204872 0.956023 -0.0567037 0.890503 0.0288885 -0.450504
263 -0.256414 -0.210344 0.934005 -0.0576146 0.89224 0.0268411 -0.447065
264 -0.260706 -0.211295 0.940082 -0.0592411 0.894072 0.023969 -0.443341
265 -0.263069 -0.211282 0.938369 -0.0611283 0.89555 0.0221171 -0.440187
266 -0.266343 -0.211341 0.935839 -0.0620365 0.896914 0.0213964 -0.437308
267 -0.26877 -0.210499 0.924563 -0.0630585 0.898438 0.0200698 -0.434085
268 -0.271734 -0.218001 0.921049 -0.0646453 0.899942 0.0182596 -0.430804
269 -0.275154 -0.218062 0.918406 -0.0665247 0.901106 0.0160775 -0.428164
270 -0.277824 -0.218159 0.916222 -0.0674819 0.902071 0.0144689 -0.426034
271 -0.280524 -0.217423 0.904412 -0.0675385 0.903389 0.0134979 -0.423255
272 -0.28231 -0.224113 0.892054 -0.0675691 0.90493 0.0113951 -0.420008
273 -0.286563 -0.2251 0.898178 -0.0681688 0.906531 0.00957919 -0.416489
274 -0.287915 -0.224316 0.88747 -0.0687133 0.907841 0.00859134 -0.413558
275 -0.290887 -0.224479 0.884871 -0.0691812 0.909249 0.00779612 -0.41039
276 -0.29354 -0.223902 0.872674 -0.0698153 0.910588 0.00646967 -0.407326
277 -0.296697 -0.224075 0.869912 -0.0710399 0.911741 0.00497269 -0.404545
278 -0.299018 -0.224203 0.867882 -0.0720443 0.912794 0.00413498 -0.401994
279 -0.301268 -0.223604 0.856038 -0.0722212 0.913815 0.00382103 -0.39964
280 -0.301538 -0.230637 0.843927 -0.0722788 0.91504 0.00368254 -0.396818
281 -0.306227 -0.223265 0.840985 -0.07263 0.91644 0.00266534 -0.393517
282 -0.310192 -0.223541 0.837293 -0.0729554 0.918075 0.00238459 -0.389628
283 -0.314488 -0.223839 0.833293 -0.0726304 0.919843 0.00241346 -0.385497
284 -0.318663 -0.224142 0.829158 -0.072434 0.921722 0.00269917 -0.381018
285 -0.320127 -0.223574 0.816669 -0.0721826 0.923564 0.00301796 -0.376578
286 -0.323685 -0.223833 0.813144 -0.0712214 0.925422 0.00328687 -0.372171
287 -0.32727 -0.224093 0.809594 -0.0698661 0.927347 0.00337981 -0.367607
288 -0.331658 -0.224383 0.8049 -0.0678236 0.92945 0.00395791 -0.362639
289 -0.336522 -0.224705 0.799699 -0.0659051 0.931303 0.00434593 -0.358208
290 -0.343166 -0.217238 0.794125 -0.0641605 0.933162 0.00362569 -0.353664
291 -0.348332 -0.21754 0.78826 -0.0630881 0.93497 0.00375938 -0.349053
292 -0.354443 -0.209992 0.78279 -0.0618662 0.936577 0.00513949 -0.34492
293 -0.360856 -0.210367 0.77551 -0.0598749 0.938141 0.00561363 -0.340992
294 -0.370186 -0.211538 0.776804 -0.0585493 0.939705 0.00519581 -0.336898
295 -0.376195 -0.211819 0.769477 -0.0576463 0.941244 0.00506871 -0.332732
296 -0.382102 -0.212091 0.76214 -0.0572621 0.942714 0.00528077 -0.328609
297 -0.388091 -0.212358 0.75457 -0.0570798 0.944077 0.00644576 -0.324684
298 -0.394497 -0.212618 0.746335 -0.0560155 0.945519 0.00793225 -0.320613
299 -0.400776 -0.212834 0.738121 -0.0546987 0.947003 0.00887867 -0.316409
300 -0.4036 -0.212275 0.721941 -0.0532323 0.948402 0.0102525 -0.312403
301 -0.414021 -0.213183 0.720377 -0.0513173 0.949829 0.0114257 -0.308319
302 -0.420561 -0.213294 0.711353 -0.0502604 0.951256 0.0124208 -0.304025
303 -0.427023 -0.213371 0.70227 -0.0500109 0.952608 0.0137332 -0.299746
304 -0.433049 -0.213412 0.693639 -0.0500299 0.953942 0.0152926 -0.295395
305 -0.443268 -0.214198 0.69192 -0.0503771 0.955399 0.0162141 -0.290538
306 -0.453932 -0.214977 0.689405 -0.0511127 0.956788 0.016459 -0.285784
307 -0.463981 -0.215765 0.687682 -0.0521864 0.958037 0.016925 -0.281345
308 -0.465326 -0.214901 0.671806 -0.0527354 0.959252 0.0183022 -0.276983
309 -0.475671 -0.215691 0.669373 -0.0529654 0.960479 0.0197633 -0.272551
310 -0.486184 -0.216463 0.666538 -0.05291 0.961818 0.0200952 -0.267775
311 -0.496781 -0.217223 0.663411 -0.0529279 0.963112 0.0204153 -0.263053
312 -0.502271 -0.217099 0.654124 -0.0521516 0.96447 0.021128 -0.25813
313 -0.512707 -0.210391 0.652631 -0.0510424 0.966006 0.0215419 -0.252515
314 -0.522108 -0.211119 0.651121 -0.0502399 0.967476 0.0223058 -0.246917
315 -0.532662 -0.211777 0.647368 -0.0501595 0.968837 0.0235147 -0.241427
316 -0.542568 -0.212441 0.644632 -0.0505205 0.969888 0.0247677 -0.236965
317 -0.547319 -0.212193 0.63552 -0.0502931 0.970797 0.0269316 -0.233021
318 -0.551686 -0.211916 0.626981 -0.0495551 0.971609 0.0287296 -0.229553
319 -0.561382 -0.212515 0.62429 -0.0485045 0.972435 0.029437 -0.226168
320 -0.565912 -0.197347 0.61877 -0.0474473 0.973177 0.0298318 -0.223127
321 -0.575949 -0.197859 0.615187 -0.0464755 0.973822 0.0307506 -0.220377
322 -0.579919 -0.197497 0.606907 -0.0450644 0.974437 0.0323438 -0.217706
323 -0.578275 -0.196213 0.592935 -0.0441558 0.975142 0.0334166 -0.21455
324 -0.583064 -0.195688 0.582641 -0.0438042 0.975859 0.0343088 -0.211195
325 -0.587504 -0.19517 0.572927 -0.0434694 0.976471 0.0355535 -0.20821
326 -0.591816 -0.194629 0.563341 -0.0430008 0.977059 0.0368787 -0.205295
327 -0.595831 -0.194089 0.554276 -0.042429 0.977482 0.0378177 -0.20322
328 -0.600207 -0.19347 0.544283 -0.0418562 0.977755 0.0389741 -0.201803
329 -0.598427 -0.19198 0.529652 -0.0410123 0.977974 0.0400741 -0.200694
330 -0.602566 -0.191333 0.520073 -0.0403013 0.978195 0.0412305 -0.199523
331 -0.607075 -0.190593 0.509569 -0.0398257 0.978402 0.0424713 -0.198345
332 -0.610799 -0.189953 0.500839 -0.0394106 0.978522 0.0440587 -0.197484
333 -0.61473 -0.18924 0.491585 -0.0395623 0.978658 0.0451508 -0.196534
334 -0.616833 -0.181484 0.488447 -0.0402597 0.978679 0.0463226 -0.196011
335 -0.620273 -0.180819 0.480288 -0.0401647 0.978499 0.0494441 -0.196167
336 -0.62357 -0.18013 0.472484 -0.0400683 0.978439 0.0518745 -0.195861
337 -0.627355 -0.179292 0.463517 -0.0401199 0.978519 0.0536002 -0.194982
338 -0.630199 -0.178634 0.45675 -0.0398854 0.978692 0.0554439 -0.19364
339 -0.639244 -0.178863 0.454451 -0.0393439 0.978928 0.0562562 -0.192322
340 -0.642373 -0.178083 0.446898 -0.0388339 0.979225 0.0562572 -0.190905
341 -0.646283 -0.177097 0.43738 -0.039207 0.979484 0.0562159 -0.189511
342 -0.650828 -0.175945 0.426226 -0.039207 0.979484 0.0562159 -0.189511
343 -0.65449 -0.175016 0.41724 -0.0389927 0.979481 0.0576427 -0.189142
344 -0.657524 -0.174222 0.409781 -0.0384872 0.979574 0.0588695 -0.188383
345 -0.660733 -0.173356 0.401861 -0.0385019 0.979746 0.0592368 -0.187369
346 -0.664504 -0.172325 0.392499 -0.0384064 0.979887 0.0591555 -0.186672
347 -0.668849 -0.171133 0.381668 -0.0384064 0.979887 0.0591555 -0.186672
348 -0.672794 -0.170051 0.371835 -0.0376849 0.979866 0.0598387 -0.186714
349 -0.676801 -0.168935 0.361849 -0.0368095 0.979808 0.0608176 -0.186877
350 -0.674293 -0.166958 0.348063 -0.0358046 0.979787 0.0617166 -0.186886
351 -0.678284 -0.1658 0.338129 -0.0347676 0.979778 0.0630535 -0.186683
352 -0.681828 -0.164741 0.329299 -0.0338123 0.979797 0.064256 -0.186349
353 -0.684752 -0.163844 0.322 -0.0327153 0.979929 0.0650893 -0.185559
354 -0.68771 -0.162917 0.314583 -0.0320161 0.98012 0.0649138 -0.184732
355 -0.684315 -0.161139 0.302881 -0.0312105 0.98035 0.0647892 -0.18369
356 -0.686964 -0.160298 0.296158 -0.0298086 0.980719 0.0646393 -0.181997
357 -0.689487 -0.159488 0.289689 -0.0287299 0.981228 0.0637123 -0.179743
358 -0.693532 -0.158186 0.279164 -0.0283866 0.981666 0.0624796 -0.177824
359 -0.697029 -0.157069 0.269952 -0.0276863 0.981981 0.0630782 -0.175974
360 -0.699855 -0.156145 0.262422 -0.0264467 0.982405 0.0646978 -0.173189
361 -0.702723 -0.155161 0.254649 -0.0256751 0.982989 0.0655827 -0.169626
362 -0.706034 -0.154025 0.245674 -0.025423 0.983651 0.0660475 -0.165595
363 -0.702292 -0.152335 0.234211 -0.0255319 0.984208 0.0672661 -0.161732
364 -0.704296 -0.151647 0.228777 -0.0254167 0.984776 0.0681694 -0.157869
365 -0.706567 -0.150736 0.221982 -0.0258622 0.985394 0.0673128 -0.15427
366 -0.703159 -0.148615 0.207922 -0.0267172 0.98597 0.0663443 -0.150825
367 -0.710493 -0.141621 0.211989 -0.0268251 0.986529 0.0674158 -0.146616
368 -0.63898 -0.142988 0.181659 -0.0254167 0.984776 0.0681694 -0.157869
369 -0.710116 -0.145822 0.187103 -0.0271064 0.987764 0.0690694 -0.137177
370 -0.694746 -0.144529 0.181911 -0.0271064 0.987764 0.0690694 -0.137177
371 -0.714544 -0.143743 0.171747 -0.0266429 0.98921 0.0677906 -0.127116
372 -0.710858 -0.149122 0.153136 -0.0261005 0.989945 0.0666901 -0.121983
373 -0.712542 -0.148258 0.146529 -0.0256818 0.990713 0.0647145 -0.116795
374 -0.715032 -0.146981 0.136761 -0.0254234 0.991445 0.062204 -0.111897
375 -0.717313 -0.145811 0.127808 -0.0245881 0.991972 0.0614193 -0.107774
376 -0.719769 -0.152592 0.114448 -0.0231688 0.992418 0.0611648 -0.10406
377 -0.720652 -0.144016 0.112884 -0.0219931 0.992939 0.0588186 -0.100638
378 -0.72302 -0.142743 0.1023 -0.0216244 0.993434 0.0574162 -0.0965633
379 -0.72496 -0.1417 0.0936268 -0.0214576 0.993851 0.0576234 -0.0920822
380 -0.708469 -0.14062 0.0890342 -0.0214576 0.993851 0.0576234 -0.0920822
381 -0.728325 -0.139695 0.0759171 -0.0205284 0.994596 0.0566389 -0.0845525
382 -0.729668 -0.138894 0.06885 -0.0191022 0.994913 0.0565958 -0.0811168
383 -0.739503 -0.138487 0.0627815 -0.017759 0.995273 0.0562421 -0.0771582
384 -0.740666 -0.13767 0.0554376 -0.0166144 0.995607 0.055539 -0.0735247
385 -0.750599 -0.137148 0.0486091 -0.0158098 0.995883 0.054964 -0.0703225
386 -0.751822 -0.13629 0.0408916 -0.0151984 0.996153 0.054717 -0.0667412
387 -0.753552 -0.143601 0.0274979 -0.0146638 0.996459 0.0537674 -0.0629542
388 -0.754859 -0.142683 0.0192507 -0.0147819 0.996725 0.0523051 -0.0598681
389 -0.764327 -0.142331 0.0138767 -0.0149632 0.996955 0.0511158 -0.0569522
390 -0.765608 -0.149771 0.00082767 -0.0147823 0.997142 0.050315 -0.0543859
391 -0.766495 -0.149019 -0.00641549 -0.0149344 0.997345 0.0485302 -0.0521992
392 -0.775981 -0.148651 -0.0119401 -0.0145083 0.9975 0.0469326 -0.0507903
393 -0.776813 -0.147946 -0.0187339 -0.0139173 0.997653 0.0455744 -0.049177
394 -0.778276 -0.155232 -0.0332681 -0.0130363 0.997798 0.044438 -0.0474714
395 -0.787757 -0.154868 -0.0387558 -0.0125324 0.997896 0.0430319 -0.0468587
396 -0.788303 -0.154379 -0.0444842 -0.0123004 0.998045 0.0409665 -0.0455808
397 -0.797665 -0.153856 -0.052713 -0.012376 0.998214 0.0385664 -0.0439185
398 -0.798404 -0.153194 -0.060466 -0.0129256 0.998321 0.0375178 -0.042199
399 -0.799341 -0.160702 -0.0729139 -0.0131451 0.998432 0.0370421 -0.0398598
400 -0.808496 -0.160366 -0.0789673 -0.0133007 0.998603 0.0349764 -0.0373062
401 -0.809153 -0.159777 -0.0858588 -0.0137685 0.998746 0.0335283 -0.0345388
402 -0.809603 -0.159352 -0.0922726 -0.0136555 0.998888 0.0316541 -0.0321592
403 -0.810132 -0.158853 -0.0997947 -0.0134393 0.999042 0.0289243 -0.0299616
404 -0.819083 -0.158699 -0.105379 -0.0140304 0.999201 0.0259394 -0.0269829
405 -0.819602 -0.166524 -0.116416 -0.0153047 0.999269 0.0245946 -0.02495
406 -0.820012 -0.166137 -0.122259 -0.0159738 0.999364 0.0218227 -0.0232322
407 -0.820332 -0.165846 -0.129027 -0.0161974 0.999441 0.0196873 -0.0216352
408 -0.82066 -0.165548 -0.13596 -0.0162172 0.999502 0.0185641 -0.0197172
409 -0.820908 -0.165322 -0.14122 -0.0156335 0.999558 0.0178718 -0.0178954
410 -0.82113 -0.173409 -0.151894 -0.0152356 0.999635 0.0156331 -0.0159306
411 -0.829953 -0.173422 -0.157754 -0.0154175 0.999687 0.0134616 -0.0143919
412 -0.830257 -0.173146 -0.164185 -0.0153417 0.999729 0.0118101 -0.0129642
413 -0.830581 -0.172851 -0.171043 -0.0148018 0.999765 0.0108204 -0.0115383
414 -0.83075 -0.172698 -0.178243 -0.0136607 0.999801 0.010489 -0.0100704
415 -0.830914 -0.172548 -0.185276 -0.0120873 0.999849 0.00939698 -0.0082567
416 -0.830875 -0.180486 -0.193969 -0.0102272 0.999898 0.00822395 -0.00568059
417 -0.839201 -0.18054 -0.20263 -0.00927591 0.999931 0.00659359 -0.00280009
418 -0.83939 -0.180368 -0.210684 -0.00911563 0.99995 0.00406337 -0.000681077
419 -0.83958 -0.180195 -0.218817 -0.00953862 0.999954 0.000786168 0.000761879
420 -0.839566 -0.18018 -0.228097 -0.00998102 0.999948 -0.00065077 0.00190527
421 -0.839552 -0.180166 -0.23715 -0.0102566 0.999944 -0.00207255 0.00163687
422 -0.839377 -0.188693 -0.245593 -0.0105175 0.999937 -0.00348906 0.00178797
423 -0.839362 -0.188677 -0.255628 -0.0107583 0.999929 -0.00478616 0.00167348
424 -0.839347 -0.188661 -0.265478 -0.011583 0.999903 -0.00776344 0.000624548
425 -0.839333 -0.188646 -0.2747 -0.0131226 0.999868 -0.00951311 -0.000768509
426 -0.83932 -0.188633 -0.283499 -0.0148562 0.999835 -0.0101708 -0.00238096
427 -0.839303 -0.188615 -0.294258 -0.0164019 0.999801 -0.0102658 -0.00477373
428 -0.839288 -0.188599 -0.304427 -0.0177282 0.999764 -0.010906 -0.00621571
429 -0.839405 -0.188813 -0.314115 -0.0177282 0.999764 -0.010906 -0.00621571
430 -0.839544 -0.189067 -0.325651 -0.0185706 0.999732 -0.0113715 -0.00790849
431 -0.839661 -0.189281 -0.335364 -0.018202 0.99972 -0.0126236 -0.00830691
432 -0.839791 -0.18952 -0.346213 -0.0181202 0.999697 -0.0142181 -0.0087312
433 -0.839911 -0.189739 -0.35616 -0.0176421 0.999677 -0.0152678 -0.0100498
434 -0.83974 -0.198516 -0.367 -0.016644 0.999681 -0.015826 -0.0105211
435 -0.839864 -0.198743 -0.377283 -0.016403 0.999638 -0.0181859 -0.0111544
436 -0.831438 -0.198642 -0.386504 -0.017201 0.999556 -0.0211352 -0.0120272
437 -0.831561 -0.198867 -0.396708 -0.0185657 0.999477 -0.022793 -0.0134992
438 -0.82314 -0.198775 -0.406318 -0.020336 0.999376 -0.0245879 -0.0151465
439 -0.823388 -0.199196 -0.414775 -0.0215156 0.999282 -0.0267853 -0.0159544
440 -0.815116 -0.199295 -0.423863 -0.0226972 0.999173 -0.0290074 -0.0172328
441 -0.815335 -0.199667 -0.431336 -0.0231317 0.999064 -0.0316446 -0.0183048
442 -0.815513 -0.19997 -0.437408 -0.0234455 0.998967 -0.03368 -0.0195359
443 -0.815743 -0.200361 -0.445243 -0.0233445 0.998904 -0.0346961 -0.021009
444 -0.816027 -0.200843 -0.454928 -0.0229699 0.998897 -0.0346136 -0.0218901
445 -0.816277 -0.201269 -0.463471 -0.02312 0.998904 -0.0341492 -0.0221371
446 -0.816524 -0.201689 -0.471885 -0.0231188 0.99894 -0.0330935 -0.022109
447 -0.816749 -0.202072 -0.479576 -0.0231744 0.998907 -0.0337593 -0.0225495
448 -0.817351 -0.19397 -0.488455 -0.0237442 0.998845 -0.0347989 -0.0230856
449 -0.817816 -0.19476 -0.504311 -0.0221207 0.998885 -0.0344387 -0.0235341
450 -0.81806 -0.195175 -0.512639 -0.0212543 0.998811 -0.0367171 -0.0240285
451 -0.818778 -0.187431 -0.520739 -0.0206886 0.998725 -0.0390021 -0.0244947
452 -0.819055 -0.187875 -0.526674 -0.0198702 0.998627 -0.0411339 -0.0256553
453 -0.819526 -0.188665 -0.53613 -0.0195607 0.99856 -0.0423349 -0.0264986
454 -0.828388 -0.189884 -0.546279 -0.0195607 0.99856 -0.0423349 -0.0264986
455 -0.828937 -0.1908 -0.556931 -0.0195607 0.99856 -0.0423349 -0.0264986
456 -0.829293 -0.191395 -0.563851 -0.0198279 0.998456 -0.0443564 -0.0269337
457 -0.829798 -0.192265 -0.573506 -0.0195751 0.998388 -0.0457832 -0.0272382
458 -0.83024 -0.193041 -0.581849 -0.0195554 0.998271 -0.0485312 -0.0267809
459 -0.830708 -0.193931 -0.590872 -0.0204298 0.998151 -0.0507765 -0.0264234
460 -0.831181 -0.19483 -0.599999 -0.0209474 0.998072 -0.0522497 -0.026138
461 -0.831976 -0.187393 -0.60943 -0.0211171 0.99789 -0.0554367 -0.0264077
462 -0.840775 -0.188615 -0.61829 -0.0217769 0.997744 -0.0576877 -0.0265659
463 -0.841131 -0.189292 -0.625155 -0.0229364 0.997594 -0.0595988 -0.0269741
464 -0.841644 -0.190267 -0.635047 -0.0240748 0.997438 -0.0611864 -0.0281739
465 -0.85058 -0.191749 -0.646542 -0.0248152 0.997369 -0.0617541 -0.0287487
466 -0.851153 -0.192836 -0.657579 -0.0252823 0.997342 -0.0616489 -0.0294646
467 -0.851287 -0.202039 -0.666063 -0.0252063 0.997283 -0.0620909 -0.0305868
468 -0.851819 -0.203191 -0.675165 -0.0249582 0.99714 -0.0638718 -0.0317849
469 -0.860204 -0.213192 -0.686058 -0.024778 0.997119 -0.0641992 -0.0318949
470 -0.861143 -0.206221 -0.695593 -0.0258019 0.996808 -0.0679453 -0.0330315
471 -0.86128 -0.215521 -0.704462 -0.0271763 0.996312 -0.0736924 -0.0345546
472 -0.862291 -0.208709 -0.715246 -0.0290074 0.995801 -0.0788111 -0.0364513
473 -0.870814 -0.210619 -0.723912 -0.0301198 0.995566 -0.0806985 -0.0378026
474 -0.871499 -0.212219 -0.733819 -0.0307453 0.995375 -0.082115 -0.0392423
475 -0.871674 -0.221609 -0.742407 -0.0315175 0.995059 -0.0850837 -0.0403141
476 -0.880345 -0.223866 -0.753221 -0.0326252 0.994825 -0.0868427 -0.0414321
477 -0.880496 -0.233199 -0.761456 -0.032603 0.994737 -0.0875031 -0.0421624
478 -0.889009 -0.235086 -0.769978 -0.0323398 0.994623 -0.0891357 -0.041635
479 -0.889637 -0.236556 -0.779079 -0.0323285 0.994478 -0.0911087 -0.0408295
480 -0.890212 -0.2379 -0.7874 -0.032581 0.994385 -0.0925674 -0.0395954
481 -0.898739 -0.239819 -0.796122 -0.0326996 0.994302 -0.0940713 -0.0380205
482 -0.89974 -0.233722 -0.803986 -0.032642 0.994045 -0.0972386 -0.0367976
483 -0.900211 -0.23501 -0.810639 -0.0329609 0.993928 -0.0987882 -0.0355245
484 -0.908107 -0.236626 -0.816134 -0.0333873 0.993882 -0.0994802 -0.0344631
485 -0.908589 -0.237942 -0.822935 -0.0332668 0.993875 -0.100021 -0.0331785
486 -0.909119 -0.239389 -0.830411 -0.0327012 0.993851 -0.100976 -0.0315436
487 -0.90965 -0.240838 -0.837895 -0.0321047 0.993799 -0.10228 -0.0295376
488 -0.910033 -0.241883 -0.843295 -0.0317968 0.993664 -0.104332 -0.0271067
489 -0.910372 -0.243386 -0.850316 -0.0319796 0.993609 -0.105425 -0.0245573
490 -0.910689 -0.244787 -0.856862 -0.031114 0.99368 -0.105779 -0.0210505
491 -0.911034 -0.246312 -0.863988 -0.0305141 0.993751 -0.105937 -0.0174766
492 -0.911338 -0.247658 -0.870277 -0.0304063 0.99373 -0.10681 -0.0129458
493 -0.911682 -0.24918 -0.877386 -0.0300673 0.993738 -0.107226 -0.00916618
494 -0.919494 -0.244038 -0.885832 -0.0295622 0.993606 -0.10888 -0.00423851
495 -0.919586 -0.245714 -0.893494 -0.0285733 0.993483 -0.110342 0.000584523
496 -0.91965 -0.246866 -0.898762 -0.027892 0.993357 -0.111553 0.00448655
497 -0.920131 -0.240327 -0.902923 -0.0278145 0.993214 -0.112716 0.00682154
498 -0.919996 -0.241856 -0.90959 -0.0275394 0.993204 -0.1127 0.00930756
499 -0.912564 -0.243158 -0.91702 -0.0273293 0.993191 -0.112687 0.0112057
500 -0.920495 -0.230865 -0.926811 -0.0269637 0.992877 -0.11516 0.0143822
501 -0.920341 -0.232608 -0.934407 -0.0261169 0.992514 -0.117985 0.017708
502 -0.920144 -0.234828 -0.944085 -0.0266305 0.992392 -0.11849 0.0201998
503 -0.91999 -0.236568 -0.951673 -0.0266559 0.992334 -0.118515 0.0227369
504 -0.919491 -0.238836 -0.961083 -0.0263055 0.992273 -0.118492 0.0257278
505 -0.919029 -0.24094 -0.969815 -0.0246045 0.992291 -0.117916 0.0291566
506 -0.918995 -0.235591 -0.978703 -0.0232763 0.992081 -0.118808 0.0334459
507 -0.918563 -0.237559 -0.98687 -0.0221637 0.991911 -0.119396 0.0369666
508 -0.918571 -0.232019 -0.994968 -0.0213815 0.991651 -0.120677 0.0401109
509 -0.917828 -0.234105 -1.00346 -0.0196801 0.991324 -0.122266 0.044058
510 -0.91707 -0.236229 -1.01211 -0.0183548 0.991128 -0.122607 0.0479129
511 -0.916261 -0.238498 -1.02135 -0.0173203 0.990987 -0.122708 0.0508638
512 -0.908075 -0.240713 -1.03138 -0.0153377 0.990895 -0.123293 0.051871
513 -0.900133 -0.235839 -1.04309 -0.013917 0.990682 -0.124252 0.0540164
514 -0.892215 -0.230855 -1.05265 -0.0124595 0.99052 -0.125079 0.0554164
515 -0.884311 -0.23248 -1.05946 -0.0104541 0.99033 -0.126404 0.0562033
516 -0.876353 -0.227584 -1.06936 -0.00904369 0.990204 -0.127019 0.0572816
517 -0.868288 -0.229565 -1.07757 -0.00748589 0.990031 -0.128013 0.0582629
518 -0.867309 -0.231734 -1.08611 -0.00586801 0.989837 -0.129097 0.0593498
519 -0.866553 -0.233407 -1.09269 -0.00547052 0.989605 -0.130266 0.0606904
520 -0.86565 -0.235407 -1.10057 -0.00446136 0.989474 -0.130597 0.0621778
521 -0.857421 -0.237752 -1.11021 -0.00288952 0.989316 -0.130794 0.064328
522 -0.856433 -0.239745 -1.11759 -0.00258046 0.989171 -0.13072 0.0666794
523 -0.855319 -0.234995 -1.12717 -0.00222258 0.988996 -0.130633 0.0694016
524 -0.847246 -0.23695 -1.13412 -0.00138312 0.988988 -0.129302 0.071987
525 -0.84628 -0.2389 -1.14134 -0.000472468 0.988933 -0.127975 0.0750604
526 -0.845498 -0.24048 -1.14719 0.00109761 0.98883 -0.126733 0.0784392
527 -0.844567 -0.241988 -1.15294 0.00310489 0.988802 -0.124653 0.0819897
528 -0.843575 -0.236694 -1.15984 0.00571319 0.988724 -0.12282 0.0854795
529 -0.842681 -0.238141 -1.16536 0.00751775 0.988626 -0.1208 0.0892667
530 -0.841464 -0.233214 -1.17366 0.00867297 0.988598 -0.118338 0.0927054
531 -0.840484 -0.227456 -1.179 0.00983579 0.988655 -0.115634 0.0953539
532 -0.839633 -0.228563 -1.18349 0.0105831 0.988653 -0.113073 0.0983259
533 -0.838629 -0.222837 -1.18895 0.0121805 0.988442 -0.112012 0.101424
534 -0.837672 -0.21705 -1.19418 0.0133118 0.988289 -0.110494 0.104401
535 -0.836698 -0.218316 -1.19931 0.0149051 0.988106 -0.108693 0.10775
536 -0.836064 -0.218975 -1.20219 0.0152476 0.987899 -0.107141 0.111106
537 -0.834802 -0.212985 -1.20772 0.0158583 0.987848 -0.104365 0.11407
538 -0.833668 -0.206862 -1.21267 0.0157701 0.987793 -0.101302 0.117279
539 -0.832863 -0.207699 -1.21633 0.0157879 0.987691 -0.0988152 0.12022
540 -0.831884 -0.20853 -1.22031 0.015867 0.987417 -0.0966409 0.124161
541 -0.830761 -0.202212 -1.22464 0.0164325 0.987055 -0.0948347 0.12829
542 -0.895373 -0.199415 -1.22887 0.0163735 0.986637 -0.0928578 0.132878
543 -0.923634 -0.198558 -1.2326 0.0167157 0.986045 -0.0915742 0.138019
544 -0.952305 -0.197354 -1.23536 0.0176604 0.985365 -0.0905689 0.143321
545 -0.921743 -0.192615 -1.23904 0.017557 0.984709 -0.0883304 0.149124
546 -0.920608 -0.186152 -1.24282 0.0174172 0.98412 -0.0848816 0.154916
547 -0.949164 -0.185012 -1.24658 0.0169077 0.983403 -0.0820932 0.160914
548 -0.918331 -0.173008 -1.24952 0.0194714 0.982708 -0.0792816 0.166195
549 -0.947915 -0.171632 -1.25323 0.0194786 0.98195 -0.0767583 0.171767
550 -0.969477 -0.170914 -1.25781 0.0202082 0.981089 -0.0753498 0.177139
551 -0.991646 -0.169891 -1.26065 0.0203795 0.980269 -0.0740677 0.182133
552 -0.990361 -0.162817 -1.26372 0.022094 0.979526 -0.072187 0.186628
553 -1.0378 -0.167507 -1.26597 0.0219686 0.978807 -0.0696982 0.191302
554 -1.05985 -0.166756 -1.2713 0.0211003 0.978036 -0.0676852 0.196008
555 -1.08272 -0.165642 -1.27491 0.0222879 0.977172 -0.0668707 0.200418
556 -1.05732 -0.16008 -1.27709 0.0231266 0.976328 -0.0664165 0.204543
557 -1.15399 -0.161314 -1.27932 0.0222983 0.975677 -0.0648747 0.208203
558 -1.13668 -0.162818 -1.28186 0.0215539 0.975119 -0.0628128 0.211503
559 -1.15189 -0.162314 -1.28666 0.0205801 0.974562 -0.0613807 0.214565
560 -1.16732 -0.161768 -1.29102 0.0201587 0.973938 -0.0599255 0.217824
561 -1.18283 -0.161203 -1.29523 0.0196417 0.973337 -0.0585979 0.220897
562 -1.18198 -0.161447 -1.29701 0.0193515 0.972771 -0.0571492 0.223777
563 -1.20549 -0.160553 -1.30289 0.0180333 0.972176 -0.055438 0.22688
564 -1.22111 -0.159971 -1.30692 0.0177845 0.971551 -0.0534055 0.230044
565 -1.23082 -0.159136 -1.30496 0.0169201 0.970913 -0.0517103 0.233171
566 -1.18583 -0.154293 -1.3071 0.0166788 0.970184 -0.0501421 0.23654
567 -1.1938 -0.154048 -1.30938 0.0163314 0.96952 -0.0484586 0.239616
568 -1.20936 -0.153645 -1.31466 0.0168176 0.968847 -0.0460399 0.242762
569 -1.22503 -0.153218 -1.31974 0.0169217 0.968131 -0.0439574 0.245974
570 -1.19068 -0.146581 -1.31525 0.0188415 0.967335 -0.041559 0.249362
571 -1.18925 -0.146848 -1.31784 0.0188008 0.966436 -0.0388682 0.253252
572 -1.20437 -0.146425 -1.32407 0.0200704 0.965332 -0.0371058 0.257593
573 -1.20305 -0.146671 -1.32647 0.0213594 0.964211 -0.0350709 0.261937
574 -1.19263 -0.139239 -1.32828 0.0219194 0.963109 -0.0328168 0.266204
575 -1.21537 -0.138365 -1.33771 0.0229986 0.961916 -0.0303011 0.270684
576 -1.18896 -0.131606 -1.33402 0.0237886 0.960719 -0.0277677 0.275105
577 -1.21201 -0.130687 -1.34295 0.0242474 0.95961 -0.0251758 0.279154
578 -1.22631 -0.130063 -1.34995 0.0241388 0.958463 -0.0228252 0.283274
579 -1.24069 -0.129428 -1.35682 0.0233589 0.957325 -0.0204728 0.287339
580 -1.21578 -0.122813 -1.3513 0.0221167 0.95618 -0.0184554 0.291358
581 -1.22978 -0.122223 -1.35876 0.020518 0.954954 -0.0165798 0.295579
582 -1.22783 -0.122374 -1.36162 0.0198486 0.95368 -0.0141749 0.299832
583 -1.2564 -0.121195 -1.37297 0.019394 0.952434 -0.0123561 0.303875
584 -1.22572 -0.11502 -1.36432 0.0182399 0.951414 -0.00966527 0.307223
585 -1.22432 -0.115129 -1.36636 0.0174993 0.950148 -0.00661341 0.311237
586 -1.22364 -0.115156 -1.36729 0.0172601 0.948842 -0.00436202 0.315249
587 -1.22269 -0.107688 -1.36822 0.0168521 0.947612 -0.00204698 0.318973
588 -1.22137 -0.10774 -1.37002 0.0163044 0.946314 0.000369457 0.322837
589 -1.22044 -0.107777 -1.37128 0.0160347 0.945047 0.00260017 0.326532
590 -1.22008 -0.10049 -1.37137 0.0161629 0.943827 0.00432961 0.330017
591 -1.21979 -0.100493 -1.37173 0.0158297 0.94252 0.00705375 0.333701
592 -1.21971 -0.100494 -1.37184 0.0155118 0.94143 0.00933909 0.336723
593 -1.22532 -0.100261 -1.37649 0.0152717 0.940215 0.0109576 0.340063
594 -1.22502 -0.100256 -1.37686 0.0153087 0.939114 0.012878 0.343023
595 -1.22489 -0.0929705 -1.37659 0.0151861 0.937956 0.0150914 0.346093
596 -1.2248 -0.092969 -1.3767 0.0154315 0.936949 0.0168742 0.348717
597 -1.22455 -0.092965 -1.37701 0.0157346 0.935796 0.0183008 0.351715
598 -1.22466 -0.0929668 -1.37687 0.015748 0.934607 0.0192072 0.354813
599 -1.22413 -0.092947 -1.37747 0.0157662 0.933347 0.0202393 0.358059
600 -1.22393 -0.0858692 -1.37724 0.0160736 0.932111 0.0216518 0.361167
601 -1.22383 -0.0858655 -1.37735 0.016308 0.930836 0.0234347 0.364319
602 -1.22386 -0.0787963 -1.37685 0.0165967 0.929562 0.0259783 0.367376
603 -1.22384 -0.078795 -1.37688 0.0164822 0.928203 0.0281051 0.370646
604 -1.22361 -0.0787814 -1.37712 0.0164343 0.926632 0.0295452 0.374446
605 -1.22288 -0.0787368 -1.37788 0.0163945 0.925203 0.0302912 0.377906
606 -1.22194 -0.0786788 -1.37882 0.0162741 0.923867 0.0309436 0.381114
607 -1.22096 -0.0786163 -1.37981 0.0158158 0.922642 0.0315166 0.384042
608 -1.22176 -0.0716048 -1.37849 0.0155285 0.921428 0.0320905 0.386911
609 -1.22068 -0.0715331 -1.37955 0.0152049 0.920051 0.0338096 0.390042
610 -1.2203 -0.0715066 -1.37991 0.0153486 0.91866 0.0347864 0.393215
611 -1.2188 -0.0713991 -1.38134 0.0153841 0.916995 0.0361744 0.396956
612 -1.21744 -0.0781526 -1.38314 0.0153765 0.915618 0.03722 0.400027
613 -1.21672 -0.0780979 -1.38381 0.0171526 0.913958 0.0370523 0.403749
614 -1.21729 -0.0712878 -1.38272 0.019439 0.911674 0.0374358 0.408744
615 -1.21691 -0.0644129 -1.38245 0.0205436 0.909315 0.0389229 0.413775
616 -1.21556 -0.064317 -1.38362 0.0202626 0.907481 0.0408424 0.417611
617 -1.21307 -0.064129 -1.38575 0.0202922 0.905767 0.0426161 0.421139
618 -1.21116 -0.0639794 -1.38735 0.0192821 0.903771 0.0454598 0.425157
619 -1.20949 -0.063836 -1.38873 0.0182992 0.901475 0.0476845 0.429807
620 -1.20738 -0.0636453 -1.39043 0.0178354 0.899436 0.0481532 0.434024
621 -1.20416 -0.0633531 -1.39297 0.0174577 0.897659 0.0480437 0.437715
622 -1.20187 -0.0631468 -1.39475 0.0168416 0.896185 0.0482751 0.440726
623 -1.19846 -0.0628372 -1.39737 0.016121 0.894417 0.0485807 0.444295
624 -1.19132 -0.0630346 -1.39442 0.0150066 0.893029 0.0494242 0.447025
625 -1.18969 -0.0628822 -1.39563 0.0146316 0.891348 0.0496273 0.450358
626 -1.18562 -0.0625007 -1.39862 0.0153162 0.889366 0.0496482 0.454235
627 -1.18348 -0.0623044 -1.40016 0.0152366 0.887654 0.0507461 0.457452
628 -1.17808 -0.0684403 -1.40458 0.0149975 0.885887 0.0513668 0.460805
629 -1.17547 -0.0681935 -1.40641 0.0153661 0.88439 0.0499484 0.463814
630 -1.16635 -0.0682042 -1.4046 0.0150057 0.883013 0.0491317 0.466528
631 -1.16319 -0.067925 -1.40675 0.0142501 0.881364 0.0490513 0.469668
632 -1.15818 -0.0741276 -1.41067 0.0137078 0.879506 0.0490282 0.473157
633 -1.15 -0.0742022 -1.40809 0.014204 0.877724 0.048063 0.476539
634 -1.1416 -0.0742715 -1.40559 0.0147754 0.875964 0.0470376 0.479851
635 -1.13767 -0.073953 -1.40809 0.0149766 0.873898 0.0463067 0.483668
636 -1.12942 -0.0740569 -1.4054 0.015009 0.872096 0.0454005 0.486993
637 -1.12374 -0.0677156 -1.40053 0.015376 0.870411 0.0440864 0.490107
638 -1.11421 -0.0677437 -1.39851 0.0151165 0.868732 0.0439127 0.4931
639 -1.10607 -0.0678699 -1.39561 0.0149548 0.867153 0.0434493 0.495918
640 -1.09743 -0.0679612 -1.39296 0.0149037 0.865736 0.0428929 0.498437
641 -1.08737 -0.0679568 -1.3911 0.0151094 0.864136 0.0419044 0.501282
642 -1.07875 -0.0680607 -1.38835 0.0146947 0.862803 0.0418369 0.503591
643 -1.06951 -0.068118 -1.38591 0.0151761 0.861676 0.0412055 0.505556
644 -1.05971 -0.0681525 -1.38376 0.0155437 0.860604 0.0409471 0.507387
645 -1.05106 -0.0682691 -1.38092 0.0151154 0.859394 0.0418009 0.509378
646 -1.04292 -0.0684082 -1.37779 0.01507 0.858431 0.0417863 0.511002
647 -1.03412 -0.0685055 -1.37498 0.0155274 0.85744 0.0410887 0.512706
648 -1.02379 -0.0685195 -1.37296 0.0151632 0.856319 0.0410304 0.514592
649 -1.01556 -0.0686581 -1.36979 0.0143313 0.855545 0.0414548 0.515866
650 -1.00751 -0.0687934 -1.36651 0.0135234 0.85485 0.0414689 0.517038
651 -1.00192 -0.068434 -1.36942 0.012761 0.853955 0.0411296 0.518562
652 -0.992368 -0.0684476 -1.36688 0.0123904 0.853338 0.0408612 0.519606
653 -0.975696 -0.0686205 -1.36049 0.011617 0.853603 0.0413162 0.519154
654 -0.966803 -0.068655 -1.35759 0.011617 0.853603 0.0413162 0.519154
655 -0.956869 -0.0686209 -1.35522 0.011617 0.853603 0.0413162 0.519154
656 -0.947959 -0.0686544 -1.35233 0.011617 0.853603 0.0413162 0.519154
657 -0.938624 -0.0686598 -1.34966 0.0118053 0.853196 0.0415299 0.5198
658 -0.929598 -0.0686883 -1.34682 0.0119621 0.852615 0.042166 0.520699
659 -0.92098 -0.0687447 -1.34375 0.0119621 0.852615 0.042166 0.520699
660 -0.911307 -0.0687306 -1.34122 0.0119621 0.852615 0.042166 0.520699
661 -0.902253 -0.0687577 -1.33838 0.0115355 0.852518 0.0429534 0.520802
662 -0.892674 -0.0687374 -1.3358 0.0115355 0.852518 0.0429534 0.520802
663 -0.886264 -0.0622835 -1.33112 0.0107119 0.853165 0.0433118 0.51973
664 -0.878793 -0.0557411 -1.327 0.00977848 0.853492 0.0442973 0.519128
665 -0.868719 -0.0556422 -1.32471 0.00829485 0.85366 0.0459944 0.51873
666 -0.858352 -0.0554798 -1.32257 0.0069563 0.853487 0.0474934 0.518899
667 -0.848412 -0.0553157 -1.32021 0.00520511 0.853336 0.0485556 0.519069
668 -0.841225 -0.0486924 -1.31598 0.00320284 0.85313 0.0494297 0.519342
669 -0.834667 -0.048093 -1.31935 0.000168746 0.85301 0.0510128 0.519395
670 -0.828729 -0.0475111 -1.3224 -0.00250394 0.853083 0.0521958 0.519152
671 -0.824743 -0.0404279 -1.32407 -0.00404646 0.853089 0.0525222 0.5191
672 -0.817061 -0.0396138 -1.32803 -0.00592322 0.852984 0.0544425 0.519056
673 -0.807959 -0.0392486 -1.32522 -0.0073093 0.852691 0.0568807 0.519258
674 -0.80026 -0.0383384 -1.32917 -0.00737354 0.85213 0.057874 0.520069
675 -0.791523 -0.0312948 -1.3258 -0.00737354 0.85213 0.057874 0.520069
676 -0.783327 -0.030311 -1.32999 -0.00839344 0.851606 0.0590896 0.520773
677 -0.775306 -0.0293206 -1.33407 -0.00868729 0.851026 0.0600235 0.521609
678 -0.766915 -0.0282681 -1.33831 -0.00860688 0.84984 0.0612655 0.523397
679 -0.759045 -0.027266 -1.34225 -0.00785865 0.848522 0.0627713 0.525365
680 -0.750496 -0.0261643 -1.34648 -0.00622467 0.846929 0.0631418 0.527907
681 -0.741079 -0.0249676 -1.35106 -0.00466573 0.844983 0.0635986 0.530978
682 -0.732164 -0.0238499 -1.35531 -0.00336951 0.843444 0.0643927 0.533334
683 -0.722457 -0.0226385 -1.35988 -0.00179159 0.84223 0.0646208 0.535228
684 -0.714924 -0.0150426 -1.36289 -0.000664953 0.841885 0.0644197 0.535797
685 -0.704467 -0.013777 -1.36773 -0.00140783 0.84174 0.0660005 0.535831
686 -0.694665 -0.012553 -1.37226 -0.00276103 0.841769 0.0679176 0.535541
687 -0.684537 -0.0112348 -1.37695 -0.00360824 0.842111 0.0696989 0.534769
688 -0.674288 -0.00985431 -1.38171 -0.00457107 0.842453 0.0714942 0.533986
689 -0.664935 -0.00855031 -1.38608 -0.00580827 0.842709 0.0736634 0.533275
690 -0.651676 -0.0130963 -1.39278 -0.00663922 0.842845 0.0738978 0.533017
691 -0.644378 -0.0111804 -1.40332 -0.00695506 0.843208 0.0727061 0.532603
692 -0.633288 -0.00957316 -1.40853 -0.00763717 0.843793 0.071573 0.53182
693 -0.622646 -0.00804281 -1.41357 -0.00886885 0.844355 0.0715958 0.530905
694 -0.611987 -0.00649125 -1.41864 -0.00992997 0.84469 0.0719194 0.530309
695 -0.602259 -0.0050552 -1.42329 -0.0110232 0.844841 0.0728577 0.529919
696 -0.582988 -0.00782542 -1.44008 -0.0121875 0.844903 0.0741343 0.529617
697 -0.572853 -0.00625741 -1.44494 -0.0115181 0.845606 0.0741182 0.528511
698 -0.559224 -0.00336357 -1.45844 -0.0126844 0.846458 0.0773687 0.526651
699 -0.55039 -0.00193033 -1.46274 -0.013093 0.846778 0.0780647 0.526025
700 -0.541673 -0.000498527 -1.467 -0.0135141 0.847124 0.0792543 0.525279
701 -0.533288 0.000903674 -1.47112 -0.0142221 0.847102 0.0814983 0.524952
702 -0.526137 0.00213724 -1.47463 -0.014984 0.847058 0.0847775 0.524482
703 -0.518776 0.00346091 -1.47825 -0.0150152 0.847447 0.0871265 0.523466
704 -0.510775 0.00493876 -1.4822 -0.0149333 0.848056 0.08882 0.522196
705 -0.503356 0.00633554 -1.48588 -0.0159207 0.848551 0.091149 0.520961
706 -0.493484 0.0021729 -1.49128 -0.0172665 0.848701 0.0933684 0.52028
707 -0.489968 0.0038427 -1.49979 -0.0180013 0.848688 0.0938218 0.520195
708 -0.481902 0.0054749 -1.50384 -0.0177546 0.849244 0.0936316 0.519329
709 -0.474799 0.00690938 -1.50742 -0.0181589 0.849979 0.0949881 0.517865
710 -0.468736 0.0081558 -1.5105 -0.0185537 0.850638 0.0964117 0.516503
711 -0.461314 0.00970943 -1.5143 -0.0182894 0.851885 0.0964536 0.514445
712 -0.454109 0.0112211 -1.51803 -0.0194999 0.853154 0.0971444 0.512163
713 -0.448446 0.01243 -1.521 -0.0215617 0.854217 0.0985997 0.510026
714 -0.43926 0.00834668 -1.52632 -0.0229517 0.855545 0.0992831 0.5076
715 -0.430803 0.0092126 -1.52402 -0.0231015 0.857324 0.0985876 0.50472
716 -0.421065 0.0103658 -1.52248 -0.0231045 0.859404 0.0975224 0.501378
717 -0.412174 0.0113617 -1.52077 -0.0229637 0.861436 0.0972511 0.497938
718 -0.402929 0.0124355 -1.51933 -0.0229918 0.863398 0.0973587 0.494506
719 -0.393641 0.013524 -1.51798 -0.0236193 0.865305 0.0985211 0.4909
720 -0.382505 0.00916231 -1.51817 -0.0242806 0.867102 0.100429 0.487297
721 -0.370925 0.00987354 -1.51203 -0.0234212 0.869227 0.100671 0.483489
722 -0.362394 0.0108656 -1.51067 -0.0226687 0.871191 0.101126 0.479882
723 -0.354085 0.0117989 -1.50923 -0.0224724 0.873084 0.101364 0.476388
724 -0.342198 0.012534 -1.50348 -0.0226426 0.875005 0.101631 0.472784
725 -0.333663 0.0135316 -1.50231 -0.0232977 0.876657 0.102435 0.469507
726 -0.319575 0.00914107 -1.49852 -0.0240216 0.87852 0.104199 0.465583
727 -0.305142 0.00487026 -1.49504 -0.0233229 0.8804 0.104751 0.461929
728 -0.292819 0.00574327 -1.48985 -0.0214371 0.882565 0.104872 0.457844
729 -0.281456 0.00632162 -1.48408 -0.0203255 0.884443 0.106961 0.453769
730 -0.271017 0.00671969 -1.47822 -0.0196491 0.886616 0.109169 0.449009
731 -0.26047 0.00712595 -1.47251 -0.0189104 0.888867 0.110565 0.444222
732 -0.24971 0.00756941 -1.46702 -0.0182985 0.891045 0.111814 0.439547
733 -0.239036 0.00797285 -1.46154 -0.0177157 0.893392 0.112664 0.434561
734 -0.228268 0.00838631 -1.4562 -0.0174492 0.895612 0.112908 0.429914
735 -0.217394 0.00882223 -1.45101 -0.0175002 0.897743 0.113088 0.425396
736 -0.207146 0.0090788 -1.44539 -0.0180759 0.899779 0.114024 0.420797
737 -0.197434 0.00918828 -1.43938 -0.0184885 0.901898 0.114925 0.41597
738 -0.186842 0.00956297 -1.43416 -0.0181479 0.904036 0.115109 0.411265
739 -0.179626 0.0103244 -1.43324 -0.0183942 0.905791 0.116409 0.407005
740 -0.173766 0.0106822 -1.43118 -0.0199451 0.90732 0.118864 0.402794
741 -0.164424 0.0106858 -1.42502 -0.0217553 0.908929 0.120806 0.398474
742 -0.158816 0.0110101 -1.42281 -0.0236003 0.91038 0.121973 0.394683
743 -0.152834 0.0114839 -1.42097 -0.0251726 0.91178 0.122654 0.391126
744 -0.144923 0.00713284 -1.42137 -0.0268653 0.912793 0.123666 0.388322
745 -0.139941 0.00730199 -1.41864 -0.0274638 0.913539 0.122758 0.38681
746 -0.136508 0.0124562 -1.41409 -0.0269203 0.914281 0.121119 0.38561
747 -0.126454 0.0128298 -1.40875 -0.0300154 0.915453 0.123574 0.381803
748 -0.121564 0.0129989 -1.40596 -0.0308979 0.91628 0.123673 0.379711
749 -0.116389 0.0132805 -1.40347 -0.03126 0.916999 0.123286 0.378069
750 -0.11168 0.0133965 -1.40052 -0.0315055 0.91766 0.12324 0.376457
751 -0.106818 0.0135696 -1.39773 -0.031001 0.918609 0.122242 0.374505
752 -0.100846 0.0141415 -1.39607 -0.0293417 0.919955 0.12114 0.371682
753 -0.0954583 0.0144802 -1.39385 -0.028364 0.921315 0.121224 0.368347
754 -0.0899998 0.0148323 -1.39172 -0.0272344 0.922887 0.120759 0.364631
755 -0.0838145 0.0154986 -1.39068 -0.0260978 0.924567 0.120685 0.360457
756 -0.0775867 0.0161691 -1.38974 -0.0265199 0.926147 0.122384 0.355767
757 -0.072189 0.0165416 -1.38794 -0.0277929 0.927701 0.125601 0.350462
758 -0.0667974 0.016929 -1.38617 -0.0288083 0.929478 0.128474 0.34458
759 -0.0608987 0.0175377 -1.38503 -0.0285594 0.931146 0.130537 0.339282
760 -0.0545943 0.0183218 -1.38441 -0.0278839 0.932582 0.133124 0.334351
761 -0.0451225 0.0185428 -1.37952 -0.0268791 0.934165 0.136207 0.328726
762 -0.0391448 0.0191912 -1.37862 -0.0255131 0.935854 0.138903 0.32285
763 -0.0325695 0.0201114 -1.37854 -0.0236561 0.937529 0.141383 0.317003
764 -0.0264396 0.0208164 -1.37796 -0.022717 0.939029 0.144583 0.311135
765 -0.0183785 0.0171551 -1.38043 -0.0225232 0.940576 0.147632 0.304981
766 -0.012513 0.0177452 -1.37962 -0.0215112 0.942222 0.149273 0.299119
767 -0.00614504 0.0185979 -1.37957 -0.0202653 0.943609 0.150563 0.294146
768 -0.000510181 0.0190541 -1.37855 -0.0193389 0.944674 0.152401 0.289812
769 0.00510121 0.0194923 -1.37752 -0.0173513 0.945594 0.153297 0.286445
770 0.0122536 0.0207721 -1.37879 -0.0144658 0.946308 0.153344 0.284213
771 0.0184531 0.0214871 -1.37869 -0.0119628 0.946508 0.155394 0.282546
772 0.024157 0.0219005 -1.37787 -0.00990419 0.946485 0.156994 0.281818
773 0.0302911 0.0225386 -1.37769 -0.00851232 0.946466 0.157418 0.28169
774 0.0363659 0.0231273 -1.37743 -0.00851232 0.946466 0.157418 0.28169
775 0.0422389 0.0236007 -1.37686 -0.00908469 0.946337 0.156232 0.282762
776 0.0481579 0.0241028 -1.37636 -0.0106556 0.946183 0.155312 0.283729
777 0.0552978 0.0200337 -1.37831 -0.0131598 0.945873 0.154837 0.284914
778 0.0584443 0.0165131 -1.38357 -0.0145865 0.945692 0.152099 0.286913
779 0.0594064 0.0170423 -1.38499 -0.0157141 0.945526 0.147827 0.289622
780 0.0605868 0.0176697 -1.3867 -0.0174457 0.945174 0.143543 0.292809
781 0.0613774 0.0180756 -1.38783 -0.0196785 0.94474 0.13939 0.296055
782 0.0625414 0.0186536 -1.38949 -0.0213325 0.944651 0.135317 0.298109
783 0.0638188 0.0192685 -1.39129 -0.0216648 0.944567 0.132213 0.29974
784 0.0651304 0.0198834 -1.39312 -0.0215321 0.944248 0.130873 0.301337
785 0.0679328 0.0160772 -1.39736 -0.0220625 0.943867 0.130587 0.302615
786 0.0707422 0.0122663 -1.40158 -0.0214245 0.943591 0.128904 0.304237
787 0.0735253 0.00842362 -1.40574 -0.020509 0.943522 0.126924 0.305346
788 0.0758322 0.0043507 -1.40924 -0.0205351 0.943548 0.124798 0.30614
789 0.0781151 0.000250278 -1.41268 -0.0194938 0.943895 0.12076 0.306756
790 0.0789494 0.000598786 -1.41382 -0.0177014 0.944353 0.116451 0.307121
791 0.0831038 0.00044866 -1.41104 -0.0164265 0.944564 0.113608 0.307606
792 0.0852898 -0.00376512 -1.41434 -0.0152649 0.944385 0.110921 0.309192
793 0.0872632 -0.0080793 -1.41735 -0.0142197 0.94418 0.107318 0.311135
794 0.0891846 -0.0124362 -1.42027 -0.0129331 0.944098 0.103265 0.312806
795 0.0907746 -0.0169325 -1.42273 -0.0124317 0.943959 0.0989643 0.314632
796 0.0923518 -0.0214551 -1.42514 -0.0119774 0.943746 0.0925303 0.317235
797 0.0920795 -0.0215383 -1.42479 -0.0117365 0.943368 0.0853358 0.32037
798 0.0920521 -0.0215459 -1.42475 -0.0120217 0.943074 0.079877 0.322624
799 0.0922832 -0.0214856 -1.42505 -0.011938 0.942482 0.0763099 0.32521
800 0.0924847 -0.0214356 -1.4253 -0.0118558 0.941642 0.0741621 0.328131
801 0.0965966 -0.0215664 -1.42211 -0.0113299 0.940586 0.0720895 0.331622
802 0.100544 -0.0217308 -1.41871 -0.0104614 0.939365 0.0705646 0.335417
803 0.104148 -0.0219706 -1.41489 -0.00987586 0.938087 0.0689596 0.339323
804 0.104445 -0.0219071 -1.41525 -0.00914156 0.936871 0.0670731 0.343059
805 0.108281 -0.0220873 -1.41173 -0.00841497 0.935544 0.0654394 0.346994
806 0.112265 -0.022236 -1.40837 -0.00872071 0.934314 0.0646956 0.350421
807 0.112375 -0.0222145 -1.4085 -0.00955617 0.933018 0.0640061 0.353963
808 0.116123 -0.0223872 -1.40488 -0.0100148 0.93181 0.0629371 0.357307
809 0.116455 -0.0223236 -1.40525 -0.0103627 0.930419 0.0617473 0.36111
810 0.120312 -0.0224755 -1.40175 -0.0109653 0.928874 0.0613441 0.365115
811 0.124144 -0.0226319 -1.39823 -0.0116393 0.927072 0.0616291 0.369599
812 0.128137 -0.0227192 -1.39487 -0.0124796 0.925303 0.0622019 0.373884
813 0.13178 -0.0228695 -1.39115 -0.0129904 0.923528 0.0633733 0.378037
814 0.132364 -0.0227645 -1.39176 -0.0139075 0.921663 0.0652983 0.382204
815 0.135973 -0.0229208 -1.388 -0.0146813 0.919734 0.0673134 0.38645
816 0.139465 -0.0230815 -1.38413 -0.0150135 0.917808 0.0692683 0.390646
817 0.142767 -0.0232809 -1.38009 -0.0157313 0.915933 0.071381 0.394619
818 0.145837 -0.0235261 -1.37583 -0.016326 0.914034 0.0732814 0.398628
819 0.14851 -0.0238526 -1.37121 -0.0171672 0.912009 0.0753328 0.402827
820 0.151202 -0.0241755 -1.36662 -0.0182843 0.910076 0.0774286 0.406734
821 0.151001 -0.024218 -1.36644 -0.0184692 0.908177 0.0795481 0.410542
822 0.153542 -0.0245787 -1.36175 -0.0191391 0.906326 0.0824348 0.414018
823 0.153332 -0.0246252 -1.36157 -0.0200087 0.904428 0.0851076 0.417571
824 0.152945 -0.024713 -1.36124 -0.0214546 0.90272 0.0880063 0.420585
825 0.152192 -0.0248893 -1.36061 -0.0230924 0.900858 0.090869 0.423869
826 0.153962 -0.025411 -1.3556 -0.0246566 0.899172 0.0931283 0.42686
827 0.153385 -0.0255536 -1.35513 -0.0261611 0.897641 0.0957355 0.429408
828 0.151907 -0.0259287 -1.35395 -0.0282284 0.896015 0.0984265 0.432057
829 0.150509 -0.0262833 -1.35283 -0.029496 0.894853 0.100104 0.433989
830 0.148678 -0.0277233 -1.34496 -0.03221 0.891976 0.102169 0.439208
831 0.1475 -0.0280221 -1.34402 -0.0327769 0.890915 0.102592 0.441216
832 0.145553 -0.0285511 -1.34255 -0.033714 0.889169 0.103374 0.444472
833 0.143128 -0.0292099 -1.34071 -0.0349788 0.887248 0.104243 0.447997
834 0.14321 -0.0301747 -1.33451 -0.0353896 0.885393 0.104366 0.451592
835 0.138433 -0.0263858 -1.33069 -0.0358791 0.883207 0.104508 0.45578
836 0.136246 -0.0269818 -1.32915 -0.0372436 0.881054 0.105095 0.459687
837 0.133693 -0.0276774 -1.32735 -0.0393312 0.87913 0.105682 0.463049
838 0.128217 -0.0240753 -1.32328 -0.0415307 0.877385 0.105879 0.466112
839 0.126304 -0.0245966 -1.32193 -0.0432613 0.875929 0.106255 0.4686
840 0.121242 -0.020897 -1.31843 -0.0457039 0.874364 0.107451 0.471012
841 0.118752 -0.0215924 -1.31678 -0.0488623 0.872349 0.109778 0.473887
842 0.115719 -0.0224395 -1.31477 -0.0514859 0.870128 0.111585 0.477259
843 0.11018 -0.0188729 -1.31095 -0.0530047 0.867869 0.112703 0.480929
844 0.1072 -0.0197661 -1.30909 -0.0548509 0.865139 0.11445 0.485209
845 0.103836 -0.0207743 -1.307 -0.0565492 0.862467 0.116032 0.489376
846 0.10081 -0.0216811 -1.30512 -0.057367 0.859896 0.116843 0.493594
847 0.109384 -0.0224925 -1.28697 -0.057367 0.859896 0.116843 0.493594
848 0.0945394 -0.0236144 -1.30147 -0.057251 0.853749 0.116612 0.504219
849 0.091619 -0.0245148 -1.29978 -0.0564662 0.85042 0.115878 0.510068
850 0.0888863 -0.0253294 -1.29833 -0.0561318 0.846365 0.114695 0.517069
851 0.0845595 -0.0258369 -1.30146 -0.0567126 0.842063 0.113466 0.524251
852 0.0819764 -0.0265807 -1.3002 -0.0578297 0.838237 0.112355 0.530463
853 0.0769143 -0.0231051 -1.2976 -0.0589067 0.834683 0.111436 0.536112
854 0.0729208 -0.0193217 -1.29552 -0.0599661 0.831212 0.110803 0.541492
855 0.0689024 -0.0161596 -1.28842 -0.0622186 0.827929 0.111967 0.546009
856 0.0661142 -0.0169429 -1.28719 -0.0647406 0.824707 0.11364 0.550231
857 0.0643143 -0.0180929 -1.28117 -0.0652907 0.821799 0.114267 0.55437
858 0.061996 -0.019383 -1.27508 -0.0656726 0.818837 0.115347 0.558469
859 0.0552146 -0.0164006 -1.27226 -0.0663506 0.815801 0.116117 0.562657
860 0.0522145 -0.0178887 -1.2659 -0.0662873 0.813221 0.11578 0.566456
861 0.0485474 -0.0189533 -1.26443 -0.0661234 0.811146 0.115518 0.569497
862 0.0489642 -0.0206061 -1.24932 -0.0661234 0.811146 0.115518 0.569497
863 0.0387826 -0.0223678 -1.25585 -0.0654148 0.807271 0.114878 0.575184
864 0.0317513 -0.0200392 -1.24812 -0.0640641 0.805573 0.113795 0.577927
865 0.0269268 -0.0220252 -1.24131 -0.0636581 0.803358 0.113601 0.581084
866 0.0204716 -0.0244828 -1.23392 -0.0640184 0.801131 0.113901 0.584052
867 0.0136193 -0.0269568 -1.22673 -0.063345 0.799398 0.112874 0.586693
868 0.00626721 -0.0295704 -1.21937 -0.0626415 0.79782 0.111487 0.589177
869 -0.00141281 -0.0322756 -1.21192 -0.0613371 0.796484 0.109283 0.591531
870 -0.0105329 -0.0304396 -1.20384 -0.0597949 0.795204 0.107016 0.59382
871 -0.0203745 -0.0288051 -1.19554 -0.0596474 0.79368 0.10689 0.595893
872 -0.0300032 -0.0318176 -1.18759 -0.0603052 0.792157 0.108387 0.597581
873 -0.0369428 -0.039273 -1.18058 -0.0587424 0.79118 0.107684 0.599156
874 -0.0460608 -0.0416255 -1.17798 -0.0560448 0.790643 0.105432 0.600522
875 -0.057696 -0.0400191 -1.16927 -0.0541677 0.790279 0.103187 0.601563
876 -0.0671483 -0.0429861 -1.16137 -0.0528965 0.789763 0.101252 0.602681
877 -0.0756258 -0.0457016 -1.15375 -0.0520328 0.789079 0.0987963 0.604058
878 -0.0849951 -0.0486472 -1.14587 -0.052727 0.787809 0.0972823 0.605898
879 -0.09498 -0.0514166 -1.1381 -0.052545 0.786644 0.0946049 0.607849
880 -0.103491 -0.053847 -1.13071 -0.0511804 0.785356 0.0909501 0.610184
881 -0.11197 -0.0562701 -1.12333 -0.0510505 0.78399 0.0889445 0.612244
882 -0.123833 -0.0543627 -1.11488 -0.0514836 0.782194 0.087865 0.614656
883 -0.130576 -0.061022 -1.1133 -0.0522414 0.780111 0.087003 0.617356
884 -0.139571 -0.0632987 -1.10585 -0.0523927 0.778081 0.0858053 0.620066
885 -0.148078 -0.0654729 -1.09852 -0.052599 0.776078 0.0849368 0.622673
886 -0.156539 -0.0672487 -1.09655 -0.0526668 0.773728 0.0845106 0.625643
887 -0.167282 -0.0645847 -1.08855 -0.0525273 0.7709 0.0845706 0.629127
888 -0.175361 -0.0665987 -1.0814 -0.052563 0.767459 0.0853752 0.63321
889 -0.185993 -0.0239131 -1.08915 -0.0629551 0.764533 0.07282 0.637356
890 -0.194149 -0.0257062 -1.08215 -0.0620972 0.760172 0.0728891 0.642627
891 -0.201767 -0.0272181 -1.08076 -0.0605379 0.755513 0.0728896 0.648245
892 -0.209226 -0.028873 -1.07388 -0.0587449 0.750601 0.0726078 0.654122
893 -0.216618 -0.0304631 -1.0674 -0.0568822 0.745705 0.0721434 0.659912
894 -0.224066 -0.0318851 -1.06638 -0.055505 0.741196 0.0714431 0.665165
895 -0.230912 -0.0333711 -1.05997 -0.0543857 0.736937 0.070912 0.670028
896 -0.238254 -0.0347002 -1.05928 -0.0541396 0.732606 0.0705165 0.674822
897 -0.245845 -0.0362496 -1.05312 -0.0534394 0.728043 0.069949 0.679857
898 -0.253278 -0.0375953 -1.05243 -0.0517522 0.723069 0.0691516 0.685355
899 -0.259796 -0.0387275 -1.05209 -0.0499385 0.717945 0.0691032 0.690859
900 -0.26646 -0.0398853 -1.05174 -0.0497525 0.713188 0.0699482 0.695698
901 -0.273397 -0.0410904 -1.05138 -0.0497332 0.708712 0.0699059 0.700263
902 -0.28057 -0.0429905 -1.02882 -0.0497332 0.708712 0.0699059 0.700263
903 -0.287432 -0.0434933 -1.05125 -0.0501619 0.700631 0.0691756 0.708389
904 -0.294861 -0.0447652 -1.05118 -0.0504435 0.696702 0.0685012 0.712298
905 -0.302255 -0.0460204 -1.05136 -0.0504257 0.692519 0.0672839 0.716483
906 -0.309226 -0.0472036 -1.05153 -0.0502541 0.688363 0.0660782 0.7206
907 -0.319127 -0.0431805 -1.05161 -0.0505286 0.684221 0.0656979 0.72455
908 -0.330395 -0.0397271 -1.0296 -0.0505286 0.684221 0.0656979 0.72455
909 -0.339708 -0.0415555 -1.01326 -0.0505286 0.684221 0.0656979 0.72455
910 -0.341446 -0.0468772 -1.05294 -0.0506126 0.674154 0.0645961 0.734017
911 -0.35165 -0.0428666 -1.0534 -0.0506986 0.671149 0.0645719 0.736763
912 -0.361713 -0.0447328 -1.03679 -0.0506986 0.671149 0.0645719 0.736763
913 -0.366546 -0.0453135 -1.05482 -0.0501833 0.665361 0.0629092 0.742172
914 -0.375927 -0.0410145 -1.0497 -0.0497438 0.66234 0.0618714 0.744985
915 -0.382728 -0.0420607 -1.05621 -0.0492484 0.659495 0.0613724 0.747579
916 -0.391979 -0.0436552 -1.03913 -0.0492484 0.659495 0.0613724 0.747579
917 -0.403015 -0.0393699 -1.0282 -0.0492484 0.659495 0.0613724 0.747579
918 -0.404513 -0.0393807 -1.05883 -0.0491466 0.651866 0.0615092 0.754236
919 -0.409959 -0.0402849 -1.05344 -0.0481729 0.649612 0.0610293 0.75628
920 -0.415371 -0.0411385 -1.05413 -0.047232 0.647556 0.0608132 0.758118
921 -0.420944 -0.0419971 -1.05503 -0.0457877 0.645898 0.0602317 0.759665
922 -0.425578 -0.0427553 -1.04966 -0.0434165 0.644301 0.0592904 0.761233
923 -0.429594 -0.0433297 -1.05642 -0.0411031 0.64281 0.0579766 0.762721
924 -0.433684 -0.044004 -1.05096 -0.0396392 0.641743 0.0572389 0.763753
925 -0.437789 -0.0446364 -1.05162 -0.039255 0.640352 0.0569592 0.76496
926 -0.44131 -0.0451788 -1.05218 -0.0384845 0.638653 0.0563022 0.766467
927 -0.4454 -0.045811 -1.04659 -0.0376342 0.637298 0.0551494 0.76772
928 -0.448545 -0.0462334 -1.04718 -0.0359911 0.635858 0.0534856 0.769109
929 -0.448478 -0.05253 -1.0474 -0.0349038 0.634572 0.0518169 0.770335
930 -0.451369 -0.0529183 -1.04794 -0.0339671 0.633857 0.0503553 0.771062
931 -0.453609 -0.0532191 -1.04836 -0.0328902 0.633427 0.0491912 0.771537
932 -0.456439 -0.0535993 -1.04888 -0.0318225 0.633466 0.0480787 0.771619
933 -0.458942 -0.0540183 -1.043 -0.030398 0.633405 0.0467832 0.771806
934 -0.457841 -0.060176 -1.04303 -0.0281331 0.63358 0.0450648 0.771851
935 -0.459341 -0.0603305 -1.04333 -0.0263833 0.633784 0.0436801 0.771825
936 -0.460252 -0.0604244 -1.04351 -0.0251192 0.633812 0.0426778 0.7719
937 -0.461025 -0.0605041 -1.04367 -0.0240142 0.633847 0.0416754 0.771962
938 -0.461274 -0.0605298 -1.04372 -0.0234183 0.633918 0.0410086 0.771957
939 -0.461673 -0.0605709 -1.0438 -0.0230944 0.634415 0.0403295 0.771594
940 -0.460123 -0.0666936 -1.0437 -0.0224872 0.635232 0.0394415 0.770985
941 -0.460433 -0.0667255 -1.04377 -0.0214619 0.636095 0.0383816 0.770357
942 -0.460434 -0.0667257 -1.04377 -0.0202013 0.636647 0.0369473 0.770005
943 -0.460635 -0.0667465 -1.04381 -0.0192447 0.637118 0.0356451 0.769701
944 -0.460478 -0.0667302 -1.04378 -0.017881 0.637556 0.0343867 0.769428
945 -0.460668 -0.066744 -1.04381 -0.0166433 0.63807 0.033148 0.769085
946 -0.46061 -0.0667398 -1.0438 -0.01564 0.638748 0.0322028 0.768583
947 -0.460542 -0.0667349 -1.04379 -0.0145139 0.639558 0.0310383 0.767979
948 -0.459181 -0.0731103 -1.04373 -0.013183 0.640273 0.0299589 0.76745
949 -0.457967 -0.0730219 -1.0435 -0.0123239 0.640688 0.0291883 0.767147
950 -0.45769 -0.0728941 -1.05001 -0.0115844 0.640868 0.0285403 0.767033
951 -0.457466 -0.0729854 -1.0434 -0.0105282 0.641271 0.0272876 0.766757
952 -0.456717 -0.0728232 -1.04983 -0.00971318 0.641522 0.0265916 0.766582
953 -0.456235 -0.0728958 -1.04317 -0.00920302 0.641893 0.0263405 0.766286
954 -0.455885 -0.0727627 -1.04967 -0.0080288 0.642241 0.025884 0.766023
955 -0.453787 -0.0790844 -1.04947 -0.00709356 0.642592 0.0257656 0.765742
956 -0.45339 -0.0790666 -1.0494 -0.00609637 0.642945 0.0255125 0.765463
957 -0.453019 -0.07905 -1.04933 -0.00508619 0.643448 0.0259251 0.765033
958 -0.452158 -0.0790116 -1.04918 -0.00393143 0.643708 0.0262657 0.76481
959 -0.451719 -0.0789919 -1.04911 -0.00329213 0.644212 0.0267475 0.764372
960 -0.450758 -0.078949 -1.04894 -0.00258644 0.644508 0.0272387 0.764108
961 -0.449957 -0.0787671 -1.05535 -0.00161093 0.644964 0.0276413 0.763711
962 -0.449194 -0.078733 -1.05521 -0.000528163 0.645516 0.027956 0.763235
963 -0.448228 -0.0786898 -1.05504 0.000363167 0.646106 0.0282182 0.762726
964 -0.447438 -0.078661 -1.05491 0.00123269 0.646892 0.0280593 0.762064
