# width:480 height:360 psr bound:50 mu:0.8
1 0 0 0 0 0 0 1
2 0 0 -0.00102539 0.00119883 -0.000162877 -0.000273813 0.999999
3 -3.32635e-08 -2.44329e-07 -0.000923482 -0.00100024 -0.000336833 -0.000138177 0.999999
4 -1.10703e-09 -3.39862e-07 -0.000971235 -0.000999848 0.000469907 -0.000140509 0.999999
5 -3.27338e-07 -1.03375e-06 -0.00131825 -0.000999848 0.000469907 -0.000140509 0.999999
6 -4.16975e-07 -1.2244e-06 -0.0014136 -0.00215075 0.00072844 -0.000449253 0.999997
7 2.65232e-07 7.86868e-07 -0.00094596 -0.00340029 0.000835014 -0.000162651 0.999994
8 4.26694e-07 1.4439e-06 -0.000849343 -0.00257477 0.000672387 -7.87973e-05 0.999996
9 5.25888e-07 1.82362e-06 -0.000775604 -0.00257477 0.000672387 -7.87973e-05 0.999996
10 8.24003e-07 2.96482e-06 -0.000553989 -0.00336147 0.000718399 -3.34647e-05 0.999994
11 1.51244e-06 6.18557e-06 -7.49263e-05 -0.00336147 0.000718399 -3.34647e-05 0.999994
12 2.05801e-06 8.73794e-06 0.000304719 -0.00227413 0.000831561 0.000142751 0.999997
13 2.2502e-06 9.26378e-06 0.000420327 -0.00122182 0.000635185 0.000522346 0.999999
14 2.41299e-06 9.5773e-06 0.000548592 -0.000555535 0.000324799 0.00101097 0.999999
15 2.35384e-06 9.4759e-06 0.000457382 0.00013566 -1.72729e-05 0.00122198 0.999999
16 2.34776e-06 9.42769e-06 0.000635057 0.00013566 -1.72729e-05 0.00122198 0.999999
17 2.35027e-06 9.44763e-06 0.000561572 0.00013566 -1.72729e-05 0.00122198 0.999999
18 2.36374e-06 9.55443e-06 0.000167975 0.00013566 -1.72729e-05 0.00122198 0.999999
19 2.37462e-06 9.64073e-06 -0.000150041 0.00013566 -1.72729e-05 0.00122198 0.999999
20 2.38263e-06 9.70427e-06 -0.000384188 -0.000582987 0.000184029 0.000384201 1
21 2.29404e-06 9.42324e-06 -0.000625188 -0.000582987 0.000184029 0.000384201 1
22 2.21558e-06 9.17436e-06 -0.000838612 -0.000582987 0.000184029 0.000384201 1
23 2.11617e-06 8.859e-06 -0.00110905 -0.000582987 0.000184029 0.000384201 1
24 2.09112e-06 8.77956e-06 -0.00117717 -0.000582987 0.000184029 0.000384201 1
25 2.1197e-06 8.87022e-06 -0.00109942 -0.000582987 0.000184029 0.000384201 1
26 2.17067e-06 9.03188e-06 -0.000960795 -0.000582987 0.000184029 0.000384201 1
27 2.2128e-06 9.16554e-06 -0.000846174 -0.000582987 0.000184029 0.000384201 1
28 2.19331e-06 9.10372e-06 -0.00089919 -0.000582987 0.000184029 0.000384201 1
29 2.18511e-06 9.0777e-06 -0.000921504 -0.000582987 0.000184029 0.000384201 1
30 2.26667e-06 9.33643e-06 -0.000699631 -0.000582987 0.000184029 0.000384201 1
31 2.26414e-06 9.32839e-06 -0.00070652 -0.000582987 0.000184029 0.000384201 1
32 2.32815e-06 9.53145e-06 -0.000532387 -0.00153155 0.000189957 -7.73377e-05 0.999999
33 2.39709e-06 1.00869e-05 -0.000351051 -0.00153155 0.000189957 -7.73377e-05 0.999999
34 2.28e-06 9.14346e-06 -0.000659054 -0.00153155 0.000189957 -7.73377e-05 0.999999
35 2.26579e-06 9.02899e-06 -0.000696426 -0.00226352 0.00075472 -0.0003081 0.999997
36 2.24921e-06 8.97931e-06 -0.000707401 -0.00227385 0.00175504 -0.00030937 0.999996
37 2.76622e-06 9.64872e-06 -0.00056017 -0.00228379 0.00270563 -0.000309623 0.999994
38 1.36222e-07 7.43016e-06 -0.00104606 -0.00229735 0.00401042 -0.000310826 0.999989
39 3.33973e-06 9.26395e-06 -0.000646742 -0.00444916 0.00486935 0.00053695 0.999978
40 1.05134e-05 1.58256e-05 9.01833e-05 -0.00556858 0.00518068 0.00159776 0.99997
41 1.46099e-05 2.0243e-05 0.000486192 -0.00478007 0.00555353 0.00242033 0.99997
42 2.13041e-05 2.60331e-05 0.0010901 -0.00478007 0.00555353 0.00242033 0.99997
43 2.81904e-05 3.19895e-05 0.00171134 -0.00478007 0.00555353 0.00242033 0.99997
44 3.51245e-05 3.79871e-05 0.0023369 -0.00385803 0.00636655 0.0019762 0.99997
45 4.1914e-05 4.21198e-05 0.00287071 -0.00343282 0.00740172 0.000888458 0.999966
46 5.49228e-05 4.81672e-05 0.00374975 -0.00438029 0.00850513 -0.000392627 0.999954
47 7.87442e-05 6.04238e-05 0.00514969 -0.00524079 0.00946613 -0.00187375 0.99994
48 9.28605e-05 6.82045e-05 0.00589441 -0.00524079 0.00946613 -0.00187375 0.99994
50 -0.0180448 -0.0119292 0.00784599 -0.00692919 0.0082559 -0.0492409 0.998729
52 -0.0324108 -0.0347627 0.0102124 -0.0066594 0.00763967 -0.0783499 0.996874
53 -0.059106 -0.0488851 0.0109013 -0.00650928 0.00763441 -0.124366 0.992186
54 -0.0517107 -0.0444891 0.0137576 -0.00862553 0.0075717 -0.110347 0.993827
56 -0.0470466 -0.0516223 0.0193697 -0.0114358 0.00482461 -0.0885252 0.995997
58 -0.0442152 -0.0703757 0.0265382 -0.0139665 0.00184108 -0.075688 0.997032
60 -0.0242302 -0.0555092 0.0338464 -0.0157496 -0.00132072 -0.0534838 0.998444
61 -0.0368845 0.591305 0.0266274 -0.0109633 -0.00163952 -0.202 0.979323
63 0.00475746 0.73231 0.0317895 -0.0135086 -0.00663035 -0.0570004 0.998261
64 -0.437936 0.507095 0.0332691 0.00183523 0.00571847 0.880062 -0.474822
66 -0.505636 0.467876 0.0391433 -0.00963782 -0.00844918 -0.819613 0.572775
67 -0.452703 0.51068 0.0407342 0.00827553 0.00971927 0.889927 -0.455923
68 -0.651628 0.840817 0.0310789 0.00363782 0.00947953 0.960107 -0.279447
71 -0.662834 0.827188 0.0398389 0.012878 0.0117107 0.955749 -0.293669
73 -0.661254 0.835143 0.0444171 0.0185634 0.0133376 0.964209 -0.264157
74 -0.651202 0.90648 0.0431781 0.0181138 0.0145675 0.979229 -0.201421
75 -0.645971 0.908776 0.0451767 0.0205968 0.0165599 0.984428 -0.17379
79 -0.657652 0.892794 0.0549246 0.0347018 0.0192305 0.981846 -0.185485
80 -0.649084 0.902257 0.0568153 0.0387096 0.0199293 0.985598 -0.163407
83 -0.653888 0.900829 0.0644701 0.0518359 0.0177594 0.984444 -0.166935
86 -0.666192 0.902834 0.0716044 0.063965 0.014876 0.977141 -0.202193
89 -0.672089 0.919381 0.0803079 0.0744761 0.0141194 0.970565 -0.2286
91 -0.67386 0.924972 0.0862832 0.0812021 0.0161917 0.972892 -0.21593
95 -0.674871 0.918015 0.0985576 0.0984088 0.0193691 0.97249 -0.210247
96 -0.578378 0.961882 0.0636349 0.0725168 0.0130865 0.975211 -0.208648
97 -0.577874 0.962089 0.067303 0.076579 0.0160071 0.97561 -0.205097
98 -0.582698 0.959965 0.0713187 0.0814874 0.0182787 0.975937 -0.201427
99 -0.429368 1.08319 0.0378661 0.030889 -0.00678571 0.979098 -0.200916
100 -0.42912 1.08319 0.0417732 0.0347364 -0.00313819 0.979574 -0.198036
101 -0.428924 1.08321 0.0445997 0.0380542 0.000223266 0.979907 -0.195791
102 -0.434073 1.08102 0.0479771 0.0427484 0.00337401 0.980179 -0.193418
103 -0.433827 1.08109 0.050946 0.0466406 0.00760971 0.980402 -0.191256
104 -0.433517 1.0812 0.0544401 0.0503447 0.0112512 0.980616 -0.189029
105 -0.433264 1.08131 0.0571002 0.0533584 0.0142709 0.980774 -0.187169
106 -0.432994 1.08144 0.0598003 0.0565572 0.0179618 0.980817 -0.18568
107 -0.43266 1.08162 0.0629784 0.0604464 0.0200913 0.980866 -0.183968
108 -0.432286 1.08183 0.0663148 0.0644879 0.0232849 0.980851 -0.182295
109 -0.431959 1.08202 0.0690668 0.0686936 0.0275949 0.980567 -0.181681
110 -0.431629 1.08223 0.0716828 0.0738402 0.0319041 0.980105 -0.181452
111 -0.431236 1.08249 0.0745936 0.0793415 0.036127 0.97956 -0.181278
112 -0.436498 1.0806 0.0777302 0.0851491 0.0401623 0.979035 -0.180629
113 -0.436031 1.08093 0.080744 0.0905763 0.0446331 0.978475 -0.179974
114 -0.435772 1.08113 0.0823198 0.0954956 0.0479143 0.978033 -0.178986
115 -0.435382 1.08142 0.0845661 0.100303 0.0507057 0.977673 -0.177552
116 -0.43498 1.08172 0.0867665 0.10501 0.0540033 0.97715 -0.176733
117 -0.434516 1.08208 0.0891892 0.110935 0.057033 0.97647 -0.175916
119 -0.433435 1.08291 0.094519 0.122772 0.0646208 0.974876 -0.174265
121 -0.432145 1.08391 0.100237 0.134957 0.0711905 0.973463 -0.170553
123 -0.436891 1.08274 0.106495 0.146751 0.0774261 0.971731 -0.167954
125 -0.441497 1.08171 0.112915 0.158783 0.084471 0.969719 -0.16522
127 -0.48964 1.078 0.115984 0.176221 0.0769511 0.972999 -0.127662
130 -0.493505 1.07776 0.124 0.193208 0.08276 0.969855 -0.123298
132 -0.498019 1.07717 0.129809 0.205748 0.0860463 0.967297 -0.120833
134 -0.502467 1.07662 0.135559 0.218341 0.0901019 0.96471 -0.116379
136 -0.501065 1.0774 0.138669 0.2325 0.0937139 0.96149 -0.112692
138 -0.499625 1.07819 0.141626 0.24644 0.0969401 0.957756 -0.112129
140 -0.503036 1.07824 0.148825 0.270122 0.102006 0.950868 -0.111711
142 -0.501397 1.07909 0.151607 0.286226 0.105341 0.945625 -0.113013
144 -0.499613 1.08 0.154413 0.300854 0.10807 0.940673 -0.113762
146 -0.497732 1.08094 0.157177 0.314798 0.114582 0.935285 -0.114084
148 -0.495694 1.08198 0.159985 0.328672 0.117836 0.930292 -0.112454
150 -0.493342 1.08315 0.163026 0.342157 0.121242 0.925156 -0.110972
152 -0.490781 1.08442 0.166137 0.355455 0.125951 0.91957 -0.110361
154 -0.487981 1.08581 0.169338 0.36761 0.130755 0.914241 -0.109225
156 -0.483357 1.0881 0.174335 0.383948 0.134614 0.907004 -0.108662
158 -0.480162 1.08967 0.177538 0.396224 0.13741 0.901511 -0.106785
160 -0.476929 1.09124 0.180597 0.408123 0.140847 0.896019 -0.103669
163 -0.472165 1.09353 0.184853 0.425453 0.144189 0.888004 -0.0982207
165 -0.468968 1.09502 0.187474 0.438148 0.146172 0.881799 -0.0953429
167 -0.465849 1.09645 0.189876 0.449812 0.149377 0.875452 -0.0945504
170 -0.461828 1.09829 0.192791 0.4665 0.153112 0.866253 -0.0924097
172 -0.459556 1.09931 0.1943 0.478082 0.152921 0.86004 -0.0915662
174 -0.457562 1.10019 0.195546 0.49077 0.153421 0.852576 -0.0933851
176 -0.455929 1.1009 0.196497 0.503693 0.15372 0.844729 -0.0953718
178 -0.45463 1.10147 0.197202 0.517508 0.154557 0.836082 -0.0962512
180 -0.453508 1.10195 0.197761 0.531154 0.155959 0.827003 -0.0980691
182 -0.452678 1.1023 0.19814 0.544504 0.157538 0.817765 -0.0997877
183 -0.451922 1.10262 0.198455 0.558742 0.160039 0.807505 -0.100649
185 -0.451104 1.10297 0.19876 0.573059 0.164955 0.796428 -0.100479
187 -0.450459 1.10325 0.198971 0.587019 0.167599 0.786001 -0.0975788
189 -0.450225 1.10335 0.199038 0.600781 0.168667 0.775976 -0.0920581
191 -0.450369 1.10329 0.199003 0.613562 0.175022 0.764902 -0.0885144
193 -0.45049 1.10324 0.198978 0.62549 0.17781 0.754999 -0.084396
195 -0.450778 1.10312 0.198929 0.636743 0.180632 0.745103 -0.0821651
197 -0.451103 1.10299 0.198886 0.647738 0.182258 0.735374 -0.0802679
199 -0.451398 1.10287 0.198856 0.657831 0.184562 0.725859 -0.079526
201 -0.451732 1.10274 0.198832 0.667891 0.185334 0.716499 -0.0787519
203 -0.451952 1.10265 0.198822 0.677296 0.187476 0.707062 -0.0786565
206 -0.452596 1.10239 0.198814 0.690399 0.191066 0.693104 -0.0803155
209 -0.452599 1.10239 0.198814 0.70283 0.193646 0.679415 -0.0832236
212 -0.452433 1.10246 0.198803 0.71461 0.194265 0.666661 -0.0845958
215 -0.451921 1.10267 0.198749 0.724601 0.195654 0.655181 -0.0860854
218 -0.452066 1.10261 0.198769 0.734207 0.198371 0.643155 -0.0891056
221 -0.452062 1.10261 0.198768 0.742245 0.20409 0.631679 -0.0916564
224 -0.45172 1.10276 0.198698 0.748989 0.208458 0.621593 -0.0958253
227 -0.451286 1.10296 0.198596 0.756689 0.212715 0.610023 -0.100233
231 -0.449974 1.10357 0.198245 0.764256 0.216408 0.598079 -0.10669
235 -0.448025 1.10452 0.197657 0.76827 0.224322 0.588727 -0.113318
236 0.379381 0.602403 1.92774 -0.000378998 0.865451 0.0566316 -0.497782
239 0.374562 0.59545 1.92446 -0.00750552 0.869243 0.047048 -0.492084
242 0.371957 0.595677 1.9229 -0.0145744 0.872062 0.0356088 -0.487881
243 0.371003 0.59573 1.92232 -0.0164207 0.872693 0.0320171 -0.486942
244 0.370002 0.595777 1.9217 -0.0174435 0.873123 0.0286408 -0.486346
245 0.369035 0.595815 1.92111 -0.0174514 0.87377 0.0257569 -0.485343
246 0.368195 0.595842 1.92058 -0.0178363 0.874542 0.0225152 -0.484098
247 0.367246 0.595867 1.91999 -0.0185123 0.875302 0.0189447 -0.48285
248 0.366336 0.595884 1.91942 -0.0198195 0.875966 0.015283 -0.481724
249 0.365271 0.595893 1.91874 -0.0207415 0.876638 0.0118464 -0.480557
250 0.363954 0.595895 1.9179 -0.0217326 0.877518 0.00839145 -0.478977
251 0.362744 0.595886 1.91712 -0.0232852 0.878608 0.00449566 -0.476954
252 0.361366 0.595862 1.91623 -0.0252435 0.879686 0.00121628 -0.474883
253 0.359789 0.595821 1.91519 -0.0272587 0.880908 -0.00207496 -0.472498
254 0.358275 0.595768 1.91418 -0.0295775 0.882066 -0.0057933 -0.470162
257 0.354011 0.595572 1.91132 -0.0357792 0.885365 -0.0154669 -0.463259
261 0.348409 0.595158 1.90741 -0.0411767 0.890394 -0.026272 -0.452562
264 0.34436 0.594735 1.90445 -0.0447597 0.894991 -0.0335944 -0.44256
268 0.339447 0.594114 1.90067 -0.0500777 0.900518 -0.0399297 -0.430075
272 0.336199 0.593372 1.88918 -0.0529404 0.905054 -0.047322 -0.419328
276 0.332219 0.592685 1.88579 -0.0551088 0.910396 -0.0528678 -0.406629
281 0.329047 0.591624 1.87423 -0.0578284 0.915983 -0.0573155 -0.392869
284 0.325926 0.590965 1.87123 -0.0575279 0.921229 -0.0578579 -0.380368
287 0.322923 0.590315 1.86819 -0.0548682 0.92682 -0.0577936 -0.366951
290 0.319379 0.58954 1.86438 -0.0490597 0.93252 -0.0581796 -0.353008
293 0.315864 0.588769 1.86037 -0.0446936 0.937533 -0.056756 -0.340312
296 0.311284 0.587779 1.85486 -0.0419904 0.942004 -0.0576101 -0.327942
299 0.306186 0.586647 1.84839 -0.0393502 0.946482 -0.0545156 -0.315676
302 0.297677 0.585691 1.84812 -0.0348218 0.950889 -0.0514656 -0.30323
305 0.288773 0.584763 1.84743 -0.0348657 0.95527 -0.0482027 -0.28969
308 0.28044 0.583988 1.84768 -0.0371499 0.959276 -0.0466207 -0.276107
311 0.271847 0.58312 1.84728 -0.037258 0.963257 -0.0450122 -0.262148
314 0.264043 0.582444 1.84836 -0.0344801 0.967673 -0.0436903 -0.245991
317 0.261757 0.581953 1.84413 -0.0344695 0.971293 -0.0395423 -0.23203
321 0.253636 0.581289 1.84466 -0.0305987 0.974502 -0.0361498 -0.219325
325 0.250642 0.580698 1.83831 -0.0275324 0.97742 -0.0317362 -0.207088
332 0.242719 0.58682 1.82114 -0.0234389 0.979995 -0.0235677 -0.196226
339 0.235196 0.585733 1.80306 -0.0233619 0.98127 -0.011509 -0.190869
353 0.219459 0.592347 1.76494 -0.0171347 0.98295 -0.00217517 -0.183062
360 0.213635 0.592176 1.74984 -0.0107591 0.985263 -0.00287117 -0.170685
364 0.210594 0.592092 1.74132 -0.00970195 0.987817 0.000173053 -0.155316
368 0.207956 0.592069 1.73314 -0.0112178 0.990175 6.10236e-05 -0.139386
371 0.205812 0.592046 1.72567 -0.0108351 0.99215 -0.0010134 -0.124578
374 0.204078 0.592013 1.71888 -0.00956508 0.993921 -0.00698926 -0.109453
378 0.202009 0.59186 1.70959 -0.00572455 0.995463 -0.0121354 -0.0942028
382 0.20004 0.591595 1.69927 -0.00316983 0.996798 -0.0133041 -0.0787784
386 0.198159 0.591271 1.68744 0.000746229 0.997801 -0.0154914 -0.0644343
390 0.188568 0.590983 1.67829 0.00117601 0.998435 -0.0201447 -0.0521602
396 0.178315 0.590344 1.66242 0.00368328 0.998606 -0.0296743 -0.0435
401 0.177167 0.589567 1.64931 0.00223051 0.99877 -0.037319 -0.0325785
405 0.176496 0.588801 1.63907 0.000686325 0.998654 -0.0464255 -0.0231336
411 0.175856 0.587519 1.6253 0.000628192 0.998251 -0.0577287 -0.0127526
417 0.175465 0.585754 1.6101 0.0068252 0.997873 -0.0648205 -0.00130426
424 0.17539 0.582982 1.58885 0.00443383 0.996861 -0.0790244 0.00184969
433 0.17547 0.578727 1.56218 -0.0016321 0.996223 -0.0863687 -0.00882796
439 0.182852 0.575503 1.54352 -0.00549935 0.995087 -0.0977257 -0.0148862
451 0.181819 0.576522 1.51014 -0.00464854 0.993661 -0.109804 -0.0236604
460 0.173264 0.571443 1.48797 -0.00361972 0.991992 -0.123419 -0.0265638
468 0.164841 0.566038 1.46702 -0.00755847 0.990301 -0.134895 -0.0324207
472 0.156811 0.562742 1.45583 -0.0116081 0.987966 -0.149647 -0.03733
479 0.148465 0.550101 1.44058 -0.0149146 0.985829 -0.161753 -0.0418888
486 0.147316 0.545373 1.42664 -0.0152808 0.984483 -0.171709 -0.0327892
491 0.146756 0.542171 1.41777 -0.013108 0.983962 -0.176889 -0.0189223
494 0.146597 0.540468 1.4132 -0.0121773 0.983565 -0.18005 -0.0058524
498 0.146355 0.544264 1.40323 -0.0102512 0.982854 -0.183942 0.0075773
503 0.146468 0.546307 1.38891 -0.00931722 0.981513 -0.190028 0.0208379
507 0.146832 0.543255 1.38132 -0.00490555 0.980942 -0.191116 0.0346901
511 0.14744 0.539999 1.37328 -0.000106402 0.97969 -0.194585 0.048412
517 0.156302 0.539929 1.35497 0.0096533 0.978179 -0.199924 0.0556958
524 0.165725 0.538657 1.3348 0.0156848 0.976946 -0.201378 0.0691247
528 0.166427 0.536502 1.32985 0.0227768 0.977012 -0.195141 0.0827549
532 0.168115 0.540155 1.32036 0.027633 0.977548 -0.185653 0.0957522
536 0.169767 0.544622 1.31258 0.0322872 0.977129 -0.179913 0.108668
540 0.170182 0.54388 1.31069 0.0328899 0.977382 -0.169658 0.121896
543 0.171844 0.549403 1.30475 0.033715 0.976354 -0.164759 0.135836
546 0.173464 0.555223 1.29956 0.0343879 0.974883 -0.158245 0.152904
549 0.174926 0.561444 1.29544 0.0364393 0.973251 -0.150286 0.169911
552 0.177128 0.567357 1.28973 0.0390208 0.9711 -0.145815 0.184878
555 0.178201 0.566439 1.28698 0.0391944 0.969117 -0.140583 0.198776
559 0.178514 0.566198 1.28625 0.0375089 0.966903 -0.135168 0.213123
563 0.17877 0.566021 1.28569 0.0349861 0.964979 -0.129295 0.225553
567 0.178886 0.565949 1.28546 0.0333032 0.962842 -0.122389 0.238428
571 0.179349 0.565691 1.28458 0.0357703 0.960391 -0.11284 0.252265
574 0.17977 0.565484 1.28383 0.0388829 0.957433 -0.106803 0.265338
577 0.179863 0.565442 1.28367 0.0411875 0.954437 -0.0991687 0.278423
580 0.179853 0.565446 1.28369 0.039044 0.951511 -0.0924525 0.290782
583 0.180186 0.565324 1.28319 0.0362996 0.948233 -0.0863297 0.303453
586 0.180579 0.565196 1.28264 0.0340727 0.94526 -0.0783102 0.314944
589 0.18057 0.565199 1.28265 0.0327396 0.941999 -0.071318 0.326313
593 0.179709 0.565419 1.28375 0.0318561 0.937803 -0.0629172 0.339931
597 0.178749 0.56563 1.2849 0.0322106 0.933924 -0.0554983 0.351665
601 0.179795 0.572589 1.28393 0.0326682 0.929347 -0.0502684 0.364308
605 0.178515 0.572811 1.28532 0.0326184 0.924227 -0.0432927 0.377978
609 0.17763 0.572945 1.28622 0.0313262 0.91936 -0.0396301 0.390162
613 0.177857 0.572914 1.286 0.0331397 0.913479 -0.0361791 0.403918
616 0.176639 0.573068 1.28712 0.0360938 0.907231 -0.0321551 0.417845
619 0.177887 0.572921 1.28604 0.033975 0.901762 -0.0250983 0.430163
623 0.179326 0.572783 1.28488 0.0316393 0.894819 -0.0239338 0.444663
627 0.18233 0.572515 1.28259 0.0306125 0.888242 -0.021512 0.457849
631 0.186349 0.572187 1.27972 0.0294948 0.881854 -0.022959 0.470038
635 0.195131 0.571578 1.28285 0.0300688 0.874196 -0.0253892 0.483976
639 0.204187 0.570926 1.28602 0.0299037 0.867258 -0.0279701 0.496172
644 0.215693 0.570043 1.28794 0.0303586 0.860531 -0.0301806 0.507596
651 0.234506 0.568621 1.29466 0.0274055 0.853956 -0.0297105 0.518773
668 0.278647 0.572953 1.30565 0.0178185 0.853992 -0.0208154 0.519564
674 0.294144 0.572152 1.30607 0.00706981 0.853781 -0.0122439 0.520441
681 0.310726 0.571625 1.29752 0.0097212 0.846825 -0.00575919 0.531751
698 0.365481 0.578118 1.26264 0.00179913 0.84942 0.00782273 0.527656
705 0.381955 0.578328 1.2545 -0.0014053 0.852556 0.0214674 0.522192
713 0.400478 0.57912 1.24506 -0.00661271 0.859167 0.0284157 0.510862
717 0.412815 0.579542 1.24689 -0.00790612 0.866295 0.0267628 0.498753
721 0.425102 0.579979 1.24843 -0.00825349 0.874318 0.0298527 0.484365
725 0.437054 0.580438 1.24981 -0.0080002 0.88185 0.03131 0.470421
728 0.446819 0.580745 1.25229 -0.00604274 0.887889 0.0335081 0.458796
731 0.456156 0.580994 1.25487 -0.0034155 0.894536 0.0389529 0.445282
734 0.465361 0.581207 1.25732 -0.00185552 0.901408 0.0410418 0.431017
737 0.473588 0.581328 1.26005 -0.00277366 0.90784 0.042837 0.417113
740 0.481437 0.581432 1.26293 -0.0041367 0.913557 0.0465896 0.404012
743 0.488989 0.581529 1.26592 -0.00930174 0.918367 0.0502384 0.392418
748 0.502572 0.581736 1.27253 -0.0149295 0.923027 0.0511019 0.381033
754 0.510893 0.582152 1.27421 -0.0111862 0.929343 0.0479902 0.365914
757 0.518319 0.582347 1.27694 -0.0116789 0.934502 0.0527132 0.35184
760 0.525926 0.582609 1.27902 -0.0116841 0.939918 0.060118 0.335863
762 0.532961 0.582776 1.28161 -0.00927101 0.94356 0.0658433 0.324457
764 0.540327 0.582976 1.28369 -0.00645131 0.947088 0.0714929 0.312843
766 0.547809 0.583167 1.28549 -0.00518818 0.950594 0.0761457 0.300908
769 0.555762 0.583469 1.28651 -0.000976517 0.95418 0.0801283 0.288302
781 0.575345 0.577922 1.28214 -0.00336065 0.95223 0.0664143 0.298054
786 0.57663 0.578213 1.28029 -0.00513819 0.950356 0.0558894 0.306061
790 0.57742 0.578362 1.2792 -0.00135531 0.95016 0.0433342 0.308735
794 0.577497 0.578373 1.27909 0.00342256 0.948878 0.0301084 0.314187
797 0.577383 0.578363 1.27924 0.00464482 0.946837 0.0121225 0.321452
800 0.577338 0.578361 1.2793 0.00452785 0.94431 0.000961029 0.329024
804 0.583184 0.578295 1.28333 0.00717024 0.93899 -0.00600114 0.343816
808 0.583237 0.578294 1.28327 0.00619223 0.933647 -0.0100287 0.358
811 0.582865 0.578307 1.28368 0.00448119 0.928846 -0.0111935 0.370269
814 0.587741 0.578316 1.28883 0.00211323 0.923745 -0.00737283 0.382931
817 0.59238 0.578336 1.29421 0.000184035 0.918488 -0.00111654 0.395448
820 0.591415 0.578339 1.29512 -0.0024532 0.913115 0.00513588 0.407662
823 0.589962 0.578317 1.29643 -0.00423901 0.908051 0.0129828 0.418637
826 0.58869 0.578272 1.29751 -0.00894285 0.903463 0.0211813 0.428049
830 0.58565 0.578091 1.3 -0.0165716 0.897065 0.0304441 0.440537
834 0.582489 0.577814 1.30244 -0.0198462 0.890715 0.0328671 0.452938
837 0.579753 0.577554 1.30444 -0.0238595 0.884637 0.0343904 0.464397
841 0.57594 0.577168 1.30707 -0.0334638 0.878345 0.0387219 0.475279
844 0.572805 0.576792 1.30913 -0.0395459 0.871607 0.0436496 0.486654
847 0.569306 0.576317 1.31129 -0.042302 0.86365 0.046389 0.500167
849 0.566883 0.575972 1.31269 -0.0414052 0.857079 0.0456467 0.511485
851 0.564661 0.575665 1.31389 -0.0418092 0.848575 0.0436081 0.525615
853 0.562519 0.575381 1.31496 -0.0441652 0.841112 0.0418561 0.537427
856 0.55932 0.574962 1.31645 -0.0502125 0.831434 0.0444313 0.551563
859 0.555318 0.574395 1.31815 -0.0519656 0.822801 0.0473111 0.563968
863 0.548372 0.573368 1.32085 -0.0511978 0.814057 0.0464674 0.576655
867 0.540506 0.572108 1.33114 -0.0493012 0.805979 0.0448269 0.588181
872 0.527542 0.570212 1.34276 -0.0463948 0.798356 0.0406883 0.599015
877 0.512599 0.568249 1.35473 -0.0381858 0.794449 0.0312469 0.605323
880 0.503435 0.567307 1.36505 -0.0374274 0.790179 0.0235928 0.611277
881 0.500528 0.567056 1.3658 -0.0373465 0.788692 0.0216684 0.61327
882 0.497555 0.56681 1.36656 -0.0378247 0.786894 0.0206861 0.61558
883 0.494823 0.566587 1.36725 -0.0386222 0.78487 0.0199053 0.618135
884 0.491998 0.566356 1.36793 -0.0388231 0.782833 0.0188246 0.620734
885 0.488534 0.566079 1.36875 -0.0389005 0.780749 0.0187012 0.623353
886 0.48556 0.565841 1.36943 -0.0389828 0.778374 0.0185598 0.626315
887 0.483062 0.565642 1.36998 -0.0390775 0.775565 0.0183928 0.629788
888 0.480478 0.565436 1.37052 -0.0391594 0.77226 0.0193876 0.633802
889 0.478531 0.565428 1.37856 -0.0387378 0.768748 0.0199852 0.638064
890 0.475604 0.565189 1.37911 -0.0378734 0.764327 0.0202199 0.643398
891 0.47305 0.564982 1.37956 -0.0362881 0.759708 0.0204108 0.64893
892 0.4703 0.564763 1.38 -0.0344438 0.754717 0.0203132 0.654831
893 0.46776 0.564569 1.38036 -0.0325834 0.749838 0.0200328 0.660515
894 0.465131 0.564374 1.3807 -0.0311923 0.745254 0.0194958 0.665766
895 0.462715 0.564202 1.38097 -0.030073 0.741018 0.0191234 0.670538
897 0.457582 0.563847 1.38149 -0.0291671 0.732074 0.0184254 0.680351
899 0.452514 0.563508 1.38186 -0.0256625 0.721951 0.0179652 0.691235
901 0.447669 0.563209 1.38208 -0.0254794 0.712771 0.0190957 0.700674
902 0.445059 0.563045 1.38212 -0.0256111 0.708577 0.0189578 0.704914
903 0.442645 0.562892 1.38213 -0.0257317 0.704652 0.018831 0.708836
904 0.439982 0.562724 1.38212 -0.0258515 0.700685 0.0186991 0.712757
905 0.437386 0.56256 1.38208 -0.0258454 0.696369 0.017627 0.717002
906 0.434812 0.562401 1.382 -0.0256804 0.692207 0.0165885 0.721051
907 0.432261 0.562248 1.3819 -0.025786 0.68806 0.0164519 0.725009
908 0.429878 0.562104 1.38177 -0.0258795 0.684302 0.0163265 0.728556
909 0.427219 0.561944 1.38161 -0.0259588 0.681108 0.0162157 0.731543
910 0.42466 0.561789 1.38143 -0.0254358 0.677962 0.01571 0.734489
911 0.422225 0.561646 1.38123 -0.0255064 0.674968 0.0156095 0.73724
912 0.419639 0.561493 1.381 -0.0255774 0.671996 0.0155096 0.739951
913 0.417009 0.561338 1.38075 -0.025103 0.669119 0.0144957 0.742589
914 0.414603 0.561201 1.3805 -0.0246663 0.666052 0.0135862 0.745374
915 0.412061 0.56106 1.38022 -0.0247245 0.663136 0.0134932 0.747969
916 0.409713 0.56093 1.37993 -0.0247798 0.660229 0.0134049 0.750536
917 0.407813 0.560825 1.37969 -0.0248259 0.657799 0.0133334 0.752666
918 0.405671 0.560706 1.3794 -0.0248724 0.655493 0.0132638 0.754675
919 0.403664 0.560594 1.37912 -0.0239235 0.653234 0.012869 0.756668
920 0.401859 0.560498 1.37885 -0.0229712 0.651165 0.0127604 0.758481
921 0.400171 0.56041 1.37859 -0.0215328 0.64947 0.012245 0.759984
922 0.398619 0.560333 1.37835 -0.0191753 0.647786 0.0113706 0.761496
926 0.393314 0.560097 1.37749 -0.0142534 0.641927 0.00864643 0.766584
927 0.392259 0.560061 1.3773 -0.0134168 0.64052 0.00755844 0.767787
933 0.387944 0.559928 1.37651 -0.00614827 0.63606 -0.000577653 0.771615
942 0.386662 0.559917 1.37626 0.00397573 0.638536 -0.0104107 0.769512
951 0.388813 0.559875 1.37667 0.01359 0.642426 -0.0201646 0.765962
