# width:480 height:360 psr bound
1 0 0 0 0 0 0 1
102 0.290625 0.0375 -0.0940804 -0.002026 0.294285 0.130115 0.94681
169 0.181361 -0.0309884 -0.0374868 0.0513051 0.141131 0.0640662 0.98658
223 0.125627 -0.0414154 -0.00355854 0.0354271 -0.129536 -0.0291205 0.990514
269 -0.0459459 0.0213691 -0.0414778 0.0102081 -0.307736 -0.106293 0.945461
442 -0.0265826 -0.0251972 -0.0283861 0.0338959 -0.0621099 -0.00638304 0.997473
549 0.133015 -0.243845 0.764835 -0.045134 0.198888 0.120874 0.971492
592 0.300882 -0.3525 0.796999 0.0262994 0.31568 0.133296 0.939088
612 0.459943 -0.592551 0.695868 0.0318526 0.321702 0.128079 0.93759
618 0.422504 -0.665972 0.726157 0.0318526 0.321702 0.128079 0.937597
620 0.305826 -0.412085 0.826948 0.0747144 0.332676 0.115222 0.932989
684 -0.29872 -0.533147 1.25073 0.0666863 0.1333 0.0300231 0.988374
693 -0.555229 -0.527969 1.3211 0.0666863 0.1333 0.0300231 0.988374
705 -0.843254 -0.55386 1.41866 0.0666863 0.1333 0.0300231 0.988374
715 -1.04267 -0.543873 1.49432 0.0666863 0.1333 0.0300231 0.988374
721 -1.1839 -0.501814 1.54811 0.0666863 0.1333 0.0300231 0.988374
728 -1.32148 -0.452222 1.6048 0.0666863 0.1333 0.0300231 0.988374
735 -1.4446 -0.365199 1.65724 0.0666863 0.1333 0.0300231 0.988374
743 -1.5324 -0.267106 1.70591 0.0666863 0.1333 0.0300231 0.988374
744 -2.01018 -0.371732 1.84522 0.0466253 0.257754 -0.0560131 0.963458
857 -1.78881 0.30245 2.00265 -0.00067849 0.112713 -0.103289 0.988244
873 -1.77965 0.326198 1.9817 -0.00644237 0.143305 -0.0851927 0.985984
879 -1.78973 0.370139 1.98057 -0.0141281 0.146988 -0.0771757 0.986022
891 -1.82298 0.391183 1.97291 -0.0248158 0.124896 -0.0925467 0.98753
898 -1.82974 0.392819 1.97862 -0.0309738 0.0932413 -0.10715 0.989376
911 -1.85218 0.398066 1.98461 -0.0373908 0.0336668 -0.134764 0.98959
913 -1.85183 0.398368 1.98923 -0.0404154 0.0209018 -0.141266 0.988925
917 -1.84424 0.397494 2.00406 -0.0423063 0.00452295 -0.150489 0.987696
920 -1.82887 0.400676 2.01244 -0.0438651 -0.00837604 -0.157301 0.98654
923 -1.83521 0.402875 2.01374 -0.0464878 -0.0232867 -0.161471 0.985507
926 -1.80939 0.40307 2.03751 -0.0491704 -0.0373254 -0.165491 0.984277
929 -1.80942 0.403116 2.03793 -0.050944 -0.0518419 -0.171145 0.98256
931 -1.80977 0.403603 2.04203 -0.0511359 -0.0625047 -0.175343 0.98119
933 -1.80605 0.407372 2.02646 -0.0526717 -0.0739603 -0.180675 0.979343
935 -1.81184 0.413879 1.99911 -0.0519564 -0.0864106 -0.185055 0.977542
937 -1.80247 0.411138 2.01256 -0.0499544 -0.0992584 -0.188386 0.975788
942 -1.81188 0.408329 2.0177 -0.0435335 -0.129817 -0.195274 0.971144
947 -1.81778 0.410792 2.01658 -0.0386549 -0.155706 -0.202707 0.966008
964 -1.81849 0.396429 2.04474 -0.0393871 -0.236467 -0.216622 0.946365
984 -1.83866 0.391198 2.04613 -0.0365576 -0.337267 -0.230944 0.91191
996 -1.84211 0.394527 2.03009 -0.0284984 -0.392548 -0.235189 0.888696
1006 -1.85843 0.389888 2.01184 -0.0140666 -0.430389 -0.227369 0.873425
1144 -1.75361 0.196736 2.04956 0.135307 -0.178616 -0.160422 0.961277
1205 -1.39055 0.151201 2.11918 0.148218 0.0462652 -0.115102 0.981143
1216 -1.01265 0.0693687 2.03482 0.148218 0.0462652 -0.115102 0.981143
1224 -0.745715 -0.00153009 1.97488 0.148218 0.0462652 -0.115102 0.981143
1229 -0.628285 -0.0523787 1.94502 0.148218 0.0462652 -0.115102 0.98114
1235 -0.477529 -0.119436 1.90772 0.148218 0.0462652 -0.115102 0.98114
1238 -0.41564 -0.166935 1.88152 0.148218 0.0462652 -0.115102 0.981143
1245 -0.244649 -0.245221 1.83518 0.148218 0.0462652 -0.115102 0.981143
1254 -0.114468 -0.342803 1.79183 0.148218 0.0462652 -0.115102 0.981143
1260 -0.0153776 -0.429343 1.75033 0.148218 0.0462652 -0.115102 0.981143
1269 0.148834 -0.557561 1.66947 0.148218 0.0462652 -0.115102 0.981143
1281 0.377639 -0.689117 1.56677 0.148218 0.0462652 -0.115102 0.981143
1289 0.609199 -0.705473 1.54498 0.162348 0.0267645 0.031974 0.985852
1301 0.995962 -0.501175 1.59093 0.162548 0.0255254 0.0394925 0.98558
1310 1.14315 -0.397468 1.63693 0.162548 0.0255254 0.0394925 0.98558
1318 1.26788 -0.217047 1.7184 0.162548 0.0255254 0.0394925 0.9855
1326 1.40669 -0.10959 1.77811 0.162548 0.0255254 0.0394925 0.9855
1329 1.03649 0.822219 2.11284 -0.131049 0.0575877 0.0819148 0.986306
1419 0.743352 0.441286 2.46035 -0.222234 0.397713 0.19731 0.868047
1473 0.735667 0.391177 2.78905 -0.151559 0.635068 0.192272 0.732632
