# width:480 height:360 psr bound:50 mu:0.8
1 0 0 0 0 0 0 1
71 0.0525 0.0175 -0.0590559 -0.0106478 0.15887 0.0390064 0.986471
336 0.540486 -0.195593 1.15785 -0.0112952 0.0159755 -0.0435218 0.998861
381 0.30879 -0.226223 1.34289 0.00959698 -0.127961 -0.0805775 0.988454
421 0.111921 -0.246066 1.48072 0.00404795 -0.295533 -0.114529 0.948434
451 -0.0133205 -0.247051 1.55195 0.00692844 -0.441415 -0.127744 0.888136
491 -0.122868 -0.222612 1.61296 -0.0479413 -0.565431 -0.1467 0.810228
521 -0.153946 -0.225481 1.65704 -0.0335221 -0.693307 -0.164839 0.700736
566 -0.289439 -0.2077 1.51702 0.0197834 -0.790813 -0.159842 0.590486
601 -0.428515 -0.178504 1.33315 -0.0220776 0.873759 0.172206 -0.454316
651 -0.615175 -0.139663 0.984253 -0.0304329 0.93344 0.175419 -0.31143
711 -0.730893 -0.0721617 0.472903 -0.0426704 0.968327 0.183295 -0.164088
776 -0.808246 -0.050996 0.076121 -0.0600469 0.988962 0.133268 -0.024233
821 -0.810074 -0.0212884 -0.125164 -0.0500862 0.980482 0.13028 0.138467
876 -0.580154 0.0181607 -0.366404 -0.0507392 0.943138 0.140353 0.29701
906 -0.456197 0.055295 -0.543789 -0.0534292 0.886595 0.13406 0.439458
941 -0.237222 0.0703032 -0.646028 -0.0573056 0.811238 0.118274 0.569754
976 0.00868741 0.0988339 -0.69768 -0.0654794 0.709333 0.105315 0.693878
1016 0.273743 0.100031 -0.660099 -0.0738214 0.587214 0.0876343 0.80128
1056 0.484971 0.0859429 -0.499487 -0.0862941 0.438908 0.0560248 0.892622
1076 0.561702 0.0575548 -0.416285 -0.0762667 0.37696 0.0313977 0.92255
1106 0.641819 0.0272269 -0.241826 -0.065721 0.290579 0.0121131 0.954514
1181 0.789123 -0.0261438 0.238007 0.000121056 0.184338 0.00730885 0.98283
