# width:480 height:360 psr bound
1 0 0 0 0 0 0 1
131 0.166667 -0.0583333 0.788706 0.0372367 -0.312564 -0.181203 0.93170
177 0.019403 -0.0291101 1.10983 0.0137141 -0.613824 -0.192515 0.765487
238 -0.0593827 -0.0452225 1.11118 -0.00381708 0.862179 0.112862 -0.493857
326 -0.501027 -0.0686212 0.66572 -0.0254591 0.977766 0.0401406 -0.204242
367 -0.621457 -0.0118552 0.322277 -0.00932822 0.987015 0.0704352 -0.144057
442 -0.734693 -0.0558079 -0.318816 -0.00573754 0.999265 -0.0330229 -0.0186235
517 -0.800955 -0.0899178 -0.953225 0.0105031 0.989879 -0.129408 0.0573044
527 -0.777981 -0.103268 -1.02838 0.021015 0.988442 -0.126461 0.0809174
536 -0.769207 -0.0809066 -1.07787 0.033143 0.987255 -0.109442 0.110684
540 -0.764592 -0.070647 -1.09589 0.0337397 0.986746 -0.0991745 0.123928
544 -0.862694 -0.0571067 -1.11075 0.0354801 0.984636 -0.0934424 0.143183
546 -0.919893 -0.0525486 -1.11685 0.0352079 0.983377 -0.0879599 0.154894
548 -0.91712 -0.0395027 -1.12356 0.0372288 0.981912 -0.0825535 0.166278
553 -0.910478 -0.0279775 -1.14078 0.0396367 0.97793 -0.073413 0.191555
560 -0.902824 -0.0312722 -1.15979 0.0377591 0.973047 -0.0641165 0.218272
566 -0.982806 -0.0247829 -1.17547 0.034254 0.969319 -0.0546946 0.237183
575 -1.02064 -0.00771894 -1.20691 0.0404232 0.960875 -0.035442 0.271714
579 -1.0132 0.00742048 -1.21725 0.0407066 0.956249 -0.0259148 0.288547
590 -1.00098 0.0297285 -1.23303 0.0331807 0.942824 -0.00196127 0.33163
870 0.210443 0.10236 -1.05372 -0.0455197 0.795273 0.0967388 0.59675
