# width:480 height:360 psr bound:50 mu:0.8
1 0 0 0 0 0 0 1
91 0.125 0.00833333 0.393831 -0.0114088 -0.0992693 -0.116654 0.988133
121 0.15705 -0.0423662 0.684918 0.029649 -0.251281 -0.167046 0.952929
141 0.173548 -0.0502562 0.875753 0.0345887 -0.389991 -0.19057 0.900218
161 0.0810997 -0.0407614 1.00923 0.0317109 -0.523572 -0.194862 0.828791
186 -0.00944697 -0.0139389 1.10522 0.00411407 -0.679934 -0.180933 0.710588
206 -0.0182995 -0.0104523 1.16067 -0.00434864 -0.78085 -0.17911 0.598476
241 -0.0770352 -0.0501156 1.07 -0.0112414 0.866111 0.103021 -0.488991
281 -0.202731 -0.119585 0.849327 -0.0566504 0.9177 0.00987648 -0.39309
316 -0.445846 -0.0845508 0.678684 -0.0333879 0.97072 0.0292976 -0.23607
346 -0.587748 -0.0394284 0.476605 -0.0214958 0.980547 0.0631793 -0.184592
401 -0.734913 -0.0113451 0.0169118 0.00425544 0.998837 0.0353268 -0.0325214
471 -0.784512 -0.0611216 -0.605785 -0.00761664 0.996715 -0.0723419 -0.0356135
516 -0.802299 -0.0897338 -0.965632 0.0104846 0.990246 -0.127483 0.055231
531 -0.889874 -0.0928192 -1.0742 0.0293263 0.988304 -0.116835 0.0935133
541 -0.880101 -0.0687789 -1.11968 0.0359114 0.986546 -0.0966745 0.126852
546 -1.01404 -0.0517449 -1.13722 0.0368596 0.983572 -0.0872443 0.153676
551 -1.00733 -0.0337183 -1.15519 0.0397642 0.97964 -0.0769611 0.181109
561 -0.997553 -0.0383499 -1.18106 0.0389431 0.972683 -0.0622435 0.22022
576 -1.00379 -0.00975158 -1.21974 0.0429516 0.959919 -0.0324898 0.275053
581 -1.00358 0.00603864 -1.23344 0.0395492 0.9542 -0.0218537 0.295736
591 -0.994974 0.0201345 -1.24439 0.0345777 0.941843 0.000886412 0.334269
631 -0.931097 0.074846 -1.25931 0.0317646 0.880647 0.0401939 0.470996
761 0.173413 0.116107 -1.26943 -0.00827769 0.934434 0.131387 0.330911
841 0.350152 0.0815579 -1.18527 -0.0312153 0.872929 0.102268 0.47598
876 0.158928 0.0735459 -1.02541 -0.0366794 0.790444 0.091047 0.604618
906 -0.0861929 0.0394309 -0.902331 -0.0235314 0.688034 0.0650827 0.72237
