# width:480 height:360 psr bound:50 mu:0.8
1 0 0 0 0 0 0 1
48 0.035 0.00875 -0.0362627 -0.00363353 0.0744215 0.0192478 0.997034
68 0.0467945 0.0164288 -0.0540194 -0.00842901 0.149015 0.0351125 0.988175
89 0.0951963 0.0125894 -0.0905857 -0.0160304 0.222871 0.0465406 0.973604
134 0.799351 -0.00454704 -0.275895 -0.0358609 0.0629824 0.0372622 0.996674
183 0.905762 -0.0596789 0.0439434 -0.0107719 -0.00592858 0.0141448 0.999824
302 0.519614 -0.171639 0.745711 -0.0124724 -0.0794301 -0.00808748 0.99673
325 0.444382 -0.188077 0.865809 -0.0115315 -0.152328 -0.0296559 0.987818
338 0.395915 -0.198013 0.925768 -0.00019775 -0.222639 -0.0499925 0.973618
356 0.31005 -0.211379 0.973337 0.0138251 -0.292656 -0.0719073 0.95341
369 0.0891852 -0.268871 0.905717 0.0157892 -0.292556 -0.0783052 0.952906
371 0.114025 -0.259784 0.939328 0.0256874 -0.326322 -0.0720745 0.942157
384 0.0148925 -0.262094 0.929736 0.0285676 -0.363444 -0.0808013 0.927666
398 -0.297538 -0.235964 0.724824 0.035537 -0.362829 -0.0985886 0.925944
399 -0.0618657 -0.26568 0.932835 0.032101 -0.423282 -0.0907674 0.900868
401 -0.0705675 -0.265465 0.940078 0.0307878 -0.431063 -0.0923738 0.897053
419 -0.172413 -0.277519 0.970667 0.0290963 -0.496684 -0.109756 0.860472
431 -0.2363 -0.285151 0.987362 0.0423059 -0.561394 -0.121063 0.817552
448 -0.30514 -0.282497 0.989794 0.038993 -0.624231 -0.123827 0.770378
470 -0.419235 -0.268947 0.971333 0.0116132 -0.682187 -0.122494 0.720751
488 -0.452528 -0.256621 0.975085 -0.0137484 -0.729079 -0.150515 0.667533
501 -0.597228 -0.882589 0.961477 -0.0516289 -0.759131 -0.256609 0.595992
509 -0.522276 -0.840232 0.663197 -0.0516289 -0.759131 -0.256609 0.595992
510 -0.634076 -0.861117 0.972923 -0.0464732 -0.795495 -0.255273 0.547598
513 -0.636353 -0.859889 0.972197 -0.0441746 -0.804349 -0.257389 0.533687
531 -0.661892 -0.843718 0.936627 0.0397007 0.844047 0.255537 -0.469797
554 -0.70404 -0.823226 0.844072 0.0197237 0.881921 0.23236 -0.409677
