# width:480 height:360 psr bound:50 mu:0.8
1 0 0 0 0 0 0 1
48 0.035 0.00875 -0.0362627 -0.00363353 0.0744215 0.0192478 0.997034
68 0.0467928 0.0164287 -0.0540308 -0.00842901 0.149015 0.0351125 0.988175
89 0.0951946 0.0125893 -0.0905971 -0.0160304 0.222871 0.0465406 0.973604
271 0.619873 -0.141003 0.767105 -0.00504887 0.16453 0.00139672 0.986358
322 0.545892 -0.180905 1.07513 -0.018295 0.0902789 -0.0212463 0.995522
336 0.532298 -0.190858 1.15667 -0.0113063 0.0157726 -0.0441139 0.998838
342 0.518956 -0.195867 1.18651 -0.0123352 -0.0109086 -0.0561439 0.998287
345 0.511715 -0.194816 1.19636 -0.00771794 -0.025237 -0.0598236 0.99786
346 0.511467 -0.194723 1.20138 -0.00822555 -0.0287769 -0.0614139 0.997664
347 0.511157 -0.194614 1.20686 -0.00918425 -0.0322484 -0.0632703 0.997433
348 0.510765 -0.194475 1.21305 -0.00986078 -0.0355971 -0.0649417 0.997205
349 0.510342 -0.194328 1.2191 -0.00958104 -0.0392262 -0.0666957 0.996956
350 0.509953 -0.194205 1.22413 -0.00864507 -0.0426307 -0.0680371 0.996734
351 0.50964 -0.194118 1.22786 -0.00705606 -0.0461751 -0.0691663 0.996511
352 0.509198 -0.194019 1.23269 -0.00651181 -0.0507271 -0.0700341 0.996233
354 0.500991 -0.192801 1.24212 -0.00490238 -0.0591509 -0.0716812 0.99566
355 0.500523 -0.192728 1.24609 -0.00366341 -0.0631486 -0.072428 0.995366
356 0.492568 -0.191572 1.24985 -0.00328406 -0.0664828 -0.0732158 0.995092
358 0.482793 -0.197739 1.2588 -0.00367477 -0.0708803 -0.0731947 0.994789
369 0.405252 -0.209176 1.30663 0.00938265 -0.0982523 -0.0748566 0.992298
370 0.396831 -0.208071 1.31092 0.00817346 -0.100096 -0.0752923 0.992091
390 0.261569 -0.212279 1.36352 0.00875491 -0.165089 -0.0909554 0.982037
408 0.18104 -0.216351 1.43036 0.0079389 -0.237481 -0.102949 0.965889
412 0.164006 -0.221331 1.44448 0.00600072 -0.250183 -0.105966 0.962364
416 0.146102 -0.226072 1.45902 0.00678694 -0.265553 -0.111012 0.95766
419 0.126254 -0.230681 1.47492 0.00286931 -0.284878 -0.113561 0.951809
423 0.103592 -0.234721 1.49342 0.00547675 -0.311654 -0.120541 0.942503
429 0.0803797 -0.238544 1.50988 0.0119979 -0.345768 -0.127332 0.929563
437 0.0506957 -0.241499 1.53115 0.0146203 -0.385794 -0.127883 0.913562
450 -0.0105475 -0.237275 1.55071 0.00764362 -0.438915 -0.128621 0.889242
469 -0.0963691 -0.228852 1.58097 -0.0108994 -0.491019 -0.122031 0.862491
485 -0.131107 -0.251659 1.59556 -0.0539216 -0.541056 -0.141866 0.827179
499 -0.132738 -0.253463 1.62975 -0.0549652 -0.599023 -0.159946 0.782667
505 -0.135415 -0.25452 1.6472 -0.0528327 -0.630622 -0.161544 0.757251
506 -0.136739 -0.25412 1.64748 -0.0519312 -0.635876 -0.16171 0.752871
508 -0.139691 -0.253229 1.64807 -0.0478055 -0.646508 -0.160972 0.744198
524 -0.163187 -0.246298 1.65203 -0.0384996 -0.702142 -0.169428 0.690514
543 -0.225195 -0.237579 1.61866 -0.0170245 -0.753091 -0.163035 0.637168
568 -0.299198 -0.234138 1.50911 0.0106395 -0.79686 -0.161632 0.582045
586 -0.349561 -0.218365 1.43012 0.00722651 -0.838533 -0.167875 0.518294
