# width:480 height:360 psr bound:50 mu:0.8
1 0 0 0 0 0 0 1 12620.8
56 0 0.0416667 0.080001 0 -5.27927e-313 2.60867e-321 1 0.0344305
66 -0.065 -0.0233333 0.160051 -0 -6.23913e-313 3.08297e-321 1 0.0341112
71 -0.138125 -0.0720833 0.202332 -0 -6.71907e-313 3.32012e-321 1 0.0342516
76 -0.235625 -0.0720833 0.239298 -0 -7.199e-313 3.55727e-321 1 0.0343152
81 -0.3575 -0.0720833 0.277625 -0 -7.67893e-313 3.79442e-321 1 0.0345272
86 -0.4875 -0.0314583 0.309932 -0 -8.15887e-313 4.03158e-321 1 0.034477
91 -0.593125 -0.0395833 0.349257 -0 -8.6388e-313 4.26873e-321 1 0.0342529
96 -0.718125 -0.03125 0.38241 -0 -9.11873e-313 4.50588e-321 1 0.03441
101 -0.826458 -0.05625 0.411941 -0 -9.59867e-313 4.74303e-321 1 0.0344367
106 -0.928958 -0.150208 0.437903 -0 -1.00786e-312 4.98018e-321 1 0.0344307
111 -1.04271 -0.237708 0.455603 -0 -1.05585e-312 5.21733e-321 1 0.0341774
116 -1.19646 -0.323125 0.473728 -0 -1.10385e-312 5.45448e-321 1 0.0341026
121 -1.31604 -0.34875 0.482155 -0 -1.15184e-312 5.69164e-321 1 0.0340868
126 -1.42167 -0.373125 0.494006 -0 -1.19983e-312 5.92879e-321 1 0.0341339
131 -1.56417 -0.373125 0.510684 -0 -1.24783e-312 6.16594e-321 1 0.0340858
136 -1.69083 -0.373125 0.519703 -0 -1.29582e-312 6.40309e-321 1 0.0340734
146 -2.10708 -0.427083 0.531704 -0 -1.39181e-312 6.87739e-321 1 0.0339383
156 -2.495 -0.474583 0.54535 -0 -1.48779e-312 7.3517e-321 1 0.0338875
161 -2.61063 -0.482292 0.559035 -0 -1.53579e-312 7.58885e-321 1 0.0339356
171 -2.97292 -0.497708 0.570862 -0 -1.63177e-312 8.06315e-321 1 0.0337994
176 -3.13792 -0.505208 0.576128 -0 -1.67977e-312 8.3003e-321 1 0.0338836
181 -3.3275 -0.519792 0.576334 -0 -1.72776e-312 8.53745e-321 1 0.0338896
191 -3.845 -0.572292 0.574832 -0 -1.82375e-312 9.01176e-321 1 0.0337774
196 -4.04188 -0.579583 0.570863 -0 -1.87174e-312 9.24891e-321 1 0.0338878
201 -4.23688 -0.594583 0.569439 -0 -1.91973e-312 9.48606e-321 1 0.0339015
211 -4.54438 -0.662083 0.569235 -0 -2.01572e-312 9.96036e-321 1 0.0337636
221 -4.79938 -0.752083 0.571972 -0 -2.11171e-312 1.04347e-320 1 0.0336954
231 -5.05438 -0.932083 0.58006 -0 -2.20769e-312 1.0909e-320 1 0.0337832
241 -5.20438 -1.19458 0.596368 -0 -2.30368e-312 1.13833e-320 1 0.0336762
251 -5.30938 -1.46458 0.631998 -0 -2.39967e-312 1.18576e-320 1 0.0336141
261 -5.50625 -1.73438 0.681537 -0 -2.49565e-312 1.23319e-320 1 0.0335326
271 -5.72375 -1.89188 0.730425 -0 -2.59164e-312 1.28062e-320 1 0.0335235
291 -6.24125 -1.95188 0.812269 -0 -2.78361e-312 1.37548e-320 1 0.0334825
301 -6.45708 -1.8825 0.863104 -0 -2.8796e-312 1.42291e-320 1 0.0334869
311 -6.66708 -1.8525 0.910323 -0 -2.97559e-312 1.47034e-320 1 0.033517
321 -6.83958 -1.7775 0.945754 -0 -3.07157e-312 1.51777e-320 1 0.0335267
331 -6.92958 -1.6875 0.997289 -0 -3.16756e-312 1.5652e-320 1 0.0335183
341 -6.96708 -1.635 1.08578 -0 -3.26355e-312 1.61263e-320 1 0.0335704
