# width:480 height:360 psr bound:50 mu:0.8
1 0 0 0 0 0 0 1
49 -0.025 0.0166667 0.0271252 -0.00726706 0.0111122 -0.00896255 0.999872
59 0.00101734 0.0172854 0.100482 -0.0099587 0.00322669 -0.0229908 0.999681
60 -0.0247618 -0.0138762 0.110166 -0.00986815 0.00181613 -0.00989685 0.999901
65 -0.000212356 -0.0134362 0.156944 -0.00881381 -0.00910477 -0.0222377 0.999672
69 0.0153647 -0.0134939 0.193965 -0.00594394 -0.0190541 -0.0350726 0.999185
74 0.0374162 -0.0227137 0.239416 -0.00568433 -0.0350383 -0.0436717 0.998415
78 0.0513238 -0.0236595 0.272732 -0.00587123 -0.0485017 -0.0574407 0.997153
81 0.0570046 -0.0241624 0.297897 -0.00640327 -0.0602916 -0.0674976 0.995875
84 0.0620055 -0.0247243 0.323783 -0.0105226 -0.0728043 -0.0771504 0.994302
87 0.0664304 -0.0251542 0.350714 -0.0109106 -0.0858934 -0.0857799 0.992545
91 0.0761655 -0.026571 0.391206 -0.00950595 -0.0994318 -0.0986946 0.990092
95 0.0845968 -0.028302 0.432617 -0.0120968 -0.116076 -0.106349 0.987456
98 0.091677 -0.0386152 0.468063 -0.0107476 -0.129254 -0.117269 0.984594
101 0.0900881 -0.0473133 0.499378 -0.00555336 -0.141722 -0.125991 0.98184
104 0.0956278 -0.0584044 0.532326 0.00152597 -0.155281 -0.132663 0.978921
108 0.0991088 -0.0701083 0.569427 0.00925946 -0.17136 -0.139281 0.97527
111 0.107387 -0.074256 0.596227 0.0168671 -0.188841 -0.140071 0.97182
114 0.106942 -0.0762007 0.619401 0.0231305 -0.206797 -0.142049 0.967741
117 0.112072 -0.080724 0.648135 0.0275356 -0.224206 -0.145014 0.963299
120 0.107936 -0.0829039 0.675146 0.0324273 -0.244004 -0.147963 0.957871
123 0.108582 -0.0876106 0.707291 0.0368266 -0.263415 -0.152529 0.951836
124 0.110285 -0.0900292 0.719507 0.0383093 -0.270107 -0.153544 0.949736
125 0.111829 -0.0924698 0.731708 0.0401041 -0.276567 -0.155004 0.947563
126 0.11331 -0.0949459 0.743745 0.041123 -0.282576 -0.156957 0.945423
127 0.115144 -0.0973908 0.754647 0.0421812 -0.288512 -0.159287 0.943191
128 0.11634 -0.0998515 0.766291 0.0438949 -0.2944 -0.160639 0.941061
129 0.111885 -0.0997577 0.772742 0.0444639 -0.299861 -0.16217 0.939046
130 0.113553 -0.102275 0.783317 0.0435627 -0.305619 -0.163753 0.936955
131 0.115125 -0.104775 0.793862 0.0431163 -0.31184 -0.164685 0.93476
132 0.110869 -0.104618 0.799576 0.0435368 -0.318003 -0.166345 0.932367
133 0.112545 -0.107058 0.809324 0.0431908 -0.324283 -0.168864 0.929763
134 0.109005 -0.106891 0.813829 0.0444438 -0.330462 -0.170757 0.927179
135 0.119386 -0.104853 0.828242 0.0450004 -0.337247 -0.172749 0.924336
136 0.119979 -0.107293 0.838823 0.0443947 -0.344304 -0.174457 0.921438
137 0.120942 -0.109744 0.848789 0.0436106 -0.350816 -0.175222 0.918871
138 0.121143 -0.112129 0.859478 0.0436738 -0.358099 -0.175057 0.916086
139 0.116817 -0.111837 0.864244 0.0440464 -0.366162 -0.175037 0.912879
140 0.112457 -0.113883 0.879421 0.0419844 -0.381369 -0.175444 0.90665
141 0.107657 -0.113491 0.884217 0.0416401 -0.389402 -0.174704 0.903388
142 0.102995 -0.113096 0.888718 0.0405533 -0.397291 -0.174062 0.900121
143 0.102334 -0.115271 0.899229 0.0393509 -0.404688 -0.17352 0.896978
144 0.0983085 -0.11489 0.902871 0.0389977 -0.411597 -0.173194 0.893908
145 0.0945633 -0.114526 0.906161 0.0396846 -0.418975 -0.172482 0.890581
146 0.088469 -0.113934 0.911339 0.0412672 -0.426231 -0.172213 0.887111
147 0.0827792 -0.113391 0.916016 0.0412516 -0.432847 -0.172851 0.883779
148 0.077895 -0.11291 0.919913 0.0406732 -0.439733 -0.173485 0.880275
149 0.0722482 -0.11233 0.924283 0.0404387 -0.446592 -0.17403 0.876718
150 0.0668913 -0.111762 0.9283 0.0403003 -0.452904 -0.174515 0.873383
151 0.0612383 -0.111146 0.932418 0.0404095 -0.459346 -0.17446 0.870018
152 0.054863 -0.110441 0.936923 0.0411203 -0.466299 -0.174463 0.866278
153 0.0483123 -0.109712 0.941398 0.041937 -0.472767 -0.174582 0.862702
154 0.0420043 -0.109008 0.945572 0.0423898 -0.478613 -0.174861 0.859393
155 0.0299036 -0.109854 0.961958 0.042338 -0.488673 -0.174688 0.85375
156 0.025282 -0.111524 0.973273 0.0415224 -0.494511 -0.174696 0.850421
159 0.0071712 -0.111554 0.992443 0.0405679 -0.512076 -0.176865 0.839554
162 -0.0101997 -0.111506 1.01006 0.0402903 -0.527987 -0.181804 0.828585
165 -0.0270118 -0.111382 1.02643 0.0385562 -0.545733 -0.18473 0.816434
168 -0.0434292 -0.111059 1.0414 0.0373674 -0.562141 -0.18557 0.805087
171 -0.0541537 -0.106441 1.0636 0.0359636 -0.578244 -0.185774 0.793618
174 -0.0627738 -0.0998856 1.07683 0.0304504 -0.595067 -0.18301 0.781969
176 -0.0709083 -0.0984156 1.07933 0.0267148 -0.606978 -0.180163 0.773567
178 -0.0777975 -0.0971276 1.08123 0.0234128 -0.619679 -0.178206 0.763998
180 -0.0840877 -0.0959088 1.08275 0.0205303 -0.632467 -0.175128 0.754251
182 -0.0894024 -0.0948552 1.08385 0.0180023 -0.645262 -0.172135 0.744098
183 -0.0945264 -0.0938195 1.08474 0.0162295 -0.659069 -0.1697 0.732507
185 -0.0997686 -0.0927403 1.08544 0.0167536 -0.673207 -0.167758 0.719979
187 -0.104935 -0.0935944 1.09319 0.0155294 -0.686057 -0.168824 0.707519
189 -0.108387 -0.0948016 1.10064 0.013133 -0.698011 -0.172596 0.694852
191 -0.110902 -0.0961663 1.10774 0.0161255 -0.710441 -0.174188 0.681668
193 -0.113289 -0.0976306 1.11474 0.0157149 -0.721281 -0.176321 0.66964
195 -0.115936 -0.0991211 1.12186 0.0153085 -0.731628 -0.176581 0.658259
198 -0.119117 -0.100495 1.12889 0.0135347 -0.746163 -0.176305 0.641853
201 -0.122446 -0.101831 1.1358 0.0108851 -0.759613 -0.174636 0.626396
204 -0.124612 -0.10345 1.14282 0.00996528 -0.772394 -0.171747 0.611401
207 -0.125245 -0.103281 1.14269 0.00957363 -0.784897 -0.165991 0.596902
210 -0.126982 -0.102821 1.14226 0.00656769 -0.795855 -0.161885 0.583408
213 -0.127785 -0.102605 1.14203 0.00374903 -0.805709 -0.157885 0.570869
216 -0.133532 -0.108525 1.13865 0.00246315 -0.814473 -0.153737 0.559458
219 -0.137349 -0.112894 1.128 0.00245022 -0.823612 -0.148178 0.547449
223 -0.1419 -0.117114 1.11687 0.00644484 -0.833751 -0.140332 0.53397
227 -0.147114 -0.121232 1.10517 0.00744464 -0.84416 -0.131114 0.519757
231 -0.154075 -0.125054 1.0923 0.00784813 -0.851973 -0.122082 0.509094
236 -0.162671 -0.128679 1.07828 -0.0142948 0.85881 0.110794 -0.499965
240 -0.180838 -0.145524 1.05623 -0.0238775 0.864514 0.0979121 -0.492401
244 -0.196101 -0.156071 1.0364 -0.0315117 0.868203 0.0836853 -0.488086
249 -0.211379 -0.167285 1.01621 -0.0348859 0.87287 0.0672993 -0.482029
253 -0.223591 -0.179569 0.99763 -0.0414969 0.878024 0.0538905 -0.473758
257 -0.237174 -0.191931 0.977976 -0.0500886 0.883304 0.0410031 -0.464309
261 -0.250942 -0.204883 0.957522 -0.0555797 0.889017 0.0307672 -0.453446
265 -0.263069 -0.211282 0.938369 -0.0611283 0.89555 0.0221171 -0.440187
269 -0.275154 -0.218062 0.918406 -0.0665247 0.901106 0.0160775 -0.428164
274 -0.287915 -0.224316 0.88747 -0.0687133 0.907841 0.00859134 -0.413558
279 -0.301268 -0.223604 0.856038 -0.0722212 0.913815 0.00382103 -0.39964
283 -0.314488 -0.223839 0.833293 -0.0726304 0.919843 0.00241346 -0.385497
287 -0.32727 -0.224093 0.809594 -0.0698661 0.927347 0.00337981 -0.367607
290 -0.343166 -0.217238 0.794125 -0.0641605 0.933162 0.00362569 -0.353664
294 -0.370186 -0.211538 0.776804 -0.0585493 0.939705 0.00519581 -0.336898
295 -0.376195 -0.211819 0.769477 -0.0576463 0.941244 0.00506871 -0.332732
296 -0.382102 -0.212091 0.76214 -0.0572621 0.942714 0.00528077 -0.328609
297 -0.388091 -0.212358 0.75457 -0.0570798 0.944077 0.00644576 -0.324684
298 -0.394497 -0.212618 0.746335 -0.0560155 0.945519 0.00793225 -0.320613
299 -0.400776 -0.212834 0.738121 -0.0546987 0.947003 0.00887867 -0.316409
300 -0.4036 -0.212275 0.721941 -0.0532323 0.948402 0.0102525 -0.312403
301 -0.414021 -0.213183 0.720377 -0.0513173 0.949829 0.0114257 -0.308319
302 -0.420561 -0.213294 0.711353 -0.0502604 0.951256 0.0124208 -0.304025
303 -0.427023 -0.213371 0.70227 -0.0500109 0.952608 0.0137332 -0.299746
304 -0.433049 -0.213412 0.693639 -0.0500299 0.953942 0.0152926 -0.295395
305 -0.443268 -0.214198 0.69192 -0.0503771 0.955399 0.0162141 -0.290538
306 -0.453932 -0.214977 0.689405 -0.0511127 0.956788 0.016459 -0.285784
307 -0.463981 -0.215765 0.687682 -0.0521864 0.958037 0.016925 -0.281345
308 -0.465326 -0.214901 0.671806 -0.0527354 0.959252 0.0183022 -0.276983
309 -0.475671 -0.215691 0.669373 -0.0529654 0.960479 0.0197633 -0.272551
310 -0.486184 -0.216463 0.666538 -0.05291 0.961818 0.0200952 -0.267775
311 -0.496781 -0.217223 0.663411 -0.0529279 0.963112 0.0204153 -0.263053
312 -0.502271 -0.217099 0.654124 -0.0521516 0.96447 0.021128 -0.25813
313 -0.512707 -0.210391 0.652631 -0.0510424 0.966006 0.0215419 -0.252515
314 -0.522108 -0.211119 0.651121 -0.0502399 0.967476 0.0223058 -0.246917
315 -0.532662 -0.211777 0.647368 -0.0501595 0.968837 0.0235147 -0.241427
316 -0.542568 -0.212441 0.644632 -0.0505205 0.969888 0.0247677 -0.236965
317 -0.547319 -0.212193 0.63552 -0.0502931 0.970797 0.0269316 -0.233021
318 -0.551686 -0.211916 0.626981 -0.0495551 0.971609 0.0287296 -0.229553
319 -0.561382 -0.212515 0.62429 -0.0485045 0.972435 0.029437 -0.226168
320 -0.565912 -0.197347 0.61877 -0.0474473 0.973177 0.0298318 -0.223127
321 -0.575949 -0.197859 0.615187 -0.0464755 0.973822 0.0307506 -0.220377
322 -0.579919 -0.197497 0.606907 -0.0450644 0.974437 0.0323438 -0.217706
323 -0.578275 -0.196213 0.592935 -0.0441558 0.975142 0.0334166 -0.21455
324 -0.583064 -0.195688 0.582641 -0.0438042 0.975859 0.0343088 -0.211195
325 -0.587504 -0.19517 0.572927 -0.0434694 0.976471 0.0355535 -0.20821
326 -0.591816 -0.194629 0.563341 -0.0430008 0.977059 0.0368787 -0.205295
327 -0.595831 -0.194089 0.554276 -0.042429 0.977482 0.0378177 -0.20322
328 -0.600207 -0.19347 0.544283 -0.0418562 0.977755 0.0389741 -0.201803
329 -0.598427 -0.19198 0.529652 -0.0410123 0.977974 0.0400741 -0.200694
330 -0.602566 -0.191333 0.520073 -0.0403013 0.978195 0.0412305 -0.199523
331 -0.607075 -0.190593 0.509569 -0.0398257 0.978402 0.0424713 -0.198345
332 -0.610799 -0.189953 0.500839 -0.0394106 0.978522 0.0440587 -0.197484
333 -0.61473 -0.18924 0.491585 -0.0395623 0.978658 0.0451508 -0.196534
334 -0.616833 -0.181484 0.488447 -0.0402597 0.978679 0.0463226 -0.196011
335 -0.620273 -0.180819 0.480288 -0.0401647 0.978499 0.0494441 -0.196167
336 -0.62357 -0.18013 0.472484 -0.0400683 0.978439 0.0518745 -0.195861
337 -0.627355 -0.179292 0.463517 -0.0401199 0.978519 0.0536002 -0.194982
338 -0.630199 -0.178634 0.45675 -0.0398854 0.978692 0.0554439 -0.19364
339 -0.639244 -0.178863 0.454451 -0.0393439 0.978928 0.0562562 -0.192322
340 -0.642373 -0.178083 0.446898 -0.0388339 0.979225 0.0562572 -0.190905
341 -0.646283 -0.177097 0.43738 -0.039207 0.979484 0.0562159 -0.189511
342 -0.650828 -0.175945 0.426226 -0.039207 0.979484 0.0562159 -0.189511
343 -0.65449 -0.175016 0.41724 -0.0389927 0.979481 0.0576427 -0.189142
344 -0.657524 -0.174222 0.409781 -0.0384872 0.979574 0.0588695 -0.188383
345 -0.660733 -0.173356 0.401861 -0.0385019 0.979746 0.0592368 -0.187369
346 -0.664504 -0.172325 0.392499 -0.0384064 0.979887 0.0591555 -0.186672
347 -0.668849 -0.171133 0.381668 -0.0384064 0.979887 0.0591555 -0.186672
348 -0.672794 -0.170051 0.371835 -0.0376849 0.979866 0.0598387 -0.186714
349 -0.676801 -0.168935 0.361849 -0.0368095 0.979808 0.0608176 -0.186877
350 -0.674293 -0.166958 0.348063 -0.0358046 0.979787 0.0617166 -0.186886
351 -0.678284 -0.1658 0.338129 -0.0347676 0.979778 0.0630535 -0.186683
352 -0.681828 -0.164741 0.329299 -0.0338123 0.979797 0.064256 -0.186349
353 -0.684752 -0.163844 0.322 -0.0327153 0.979929 0.0650893 -0.185559
354 -0.68771 -0.162917 0.314583 -0.0320161 0.98012 0.0649138 -0.184732
355 -0.684315 -0.161139 0.302881 -0.0312105 0.98035 0.0647892 -0.18369
356 -0.686964 -0.160298 0.296158 -0.0298086 0.980719 0.0646393 -0.181997
357 -0.689487 -0.159488 0.289689 -0.0287299 0.981228 0.0637123 -0.179743
358 -0.693532 -0.158186 0.279164 -0.0283866 0.981666 0.0624796 -0.177824
359 -0.697029 -0.157069 0.269952 -0.0276863 0.981981 0.0630782 -0.175974
360 -0.699855 -0.156145 0.262422 -0.0264467 0.982405 0.0646978 -0.173189
364 -0.704296 -0.151647 0.228777 -0.0254167 0.984776 0.0681694 -0.157869
369 -0.710116 -0.145822 0.187103 -0.0271064 0.987764 0.0690694 -0.137177
372 -0.710858 -0.149122 0.153136 -0.0261005 0.989945 0.0666901 -0.121983
375 -0.717313 -0.145811 0.127808 -0.0245881 0.991972 0.0614193 -0.107774
379 -0.72496 -0.1417 0.0936268 -0.0214576 0.993851 0.0576234 -0.0920822
383 -0.739503 -0.138487 0.0627815 -0.017759 0.995273 0.0562421 -0.0771582
388 -0.754859 -0.142683 0.0192507 -0.0147819 0.996725 0.0523051 -0.0598681
395 -0.787757 -0.154868 -0.0387558 -0.0125324 0.997896 0.0430319 -0.0468587
401 -0.809153 -0.159777 -0.0858588 -0.0137685 0.998746 0.0335283 -0.0345388
406 -0.820012 -0.166137 -0.122259 -0.0159738 0.999364 0.0218227 -0.0232322
413 -0.830581 -0.172851 -0.171043 -0.0148018 0.999765 0.0108204 -0.0115383
419 -0.83958 -0.180195 -0.218817 -0.00953862 0.999954 0.000786168 0.000761879
428 -0.839288 -0.188599 -0.304427 -0.0177282 0.999764 -0.010906 -0.00621571
438 -0.82314 -0.198775 -0.406318 -0.020336 0.999376 -0.0245879 -0.0151465
450 -0.81806 -0.195175 -0.512639 -0.0212543 0.998811 -0.0367171 -0.0240285
452 -0.819055 -0.187875 -0.526674 -0.0198702 0.998627 -0.0411339 -0.0256553
453 -0.819526 -0.188665 -0.53613 -0.0195607 0.99856 -0.0423349 -0.0264986
454 -0.828388 -0.189884 -0.546279 -0.0195607 0.99856 -0.0423349 -0.0264986
455 -0.828937 -0.1908 -0.556931 -0.0195607 0.99856 -0.0423349 -0.0264986
456 -0.829293 -0.191395 -0.563851 -0.0198279 0.998456 -0.0443564 -0.0269337
457 -0.829798 -0.192265 -0.573506 -0.0195751 0.998388 -0.0457832 -0.0272382
458 -0.83024 -0.193041 -0.581849 -0.0195554 0.998271 -0.0485312 -0.0267809
467 -0.851287 -0.202039 -0.666063 -0.0252063 0.997283 -0.0620909 -0.0305868
472 -0.862291 -0.208709 -0.715246 -0.0290074 0.995801 -0.0788111 -0.0364513
481 -0.898739 -0.239819 -0.796122 -0.0326996 0.994302 -0.0940713 -0.0380205
488 -0.910033 -0.241883 -0.843295 -0.0317968 0.993664 -0.104332 -0.0271067
493 -0.911682 -0.24918 -0.877386 -0.0300673 0.993738 -0.107226 -0.00916618
497 -0.920131 -0.240327 -0.902923 -0.0278145 0.993214 -0.112716 0.00682154
503 -0.91999 -0.236568 -0.951673 -0.0266559 0.992334 -0.118515 0.0227369
508 -0.918571 -0.232019 -0.994968 -0.0213815 0.991651 -0.120677 0.0401109
513 -0.900133 -0.235839 -1.04309 -0.013917 0.990682 -0.124252 0.0540164
521 -0.857421 -0.237752 -1.11021 -0.00288952 0.989316 -0.130794 0.064328
526 -0.845498 -0.24048 -1.14719 0.00109761 0.98883 -0.126733 0.0784392
530 -0.841464 -0.233214 -1.17366 0.00867297 0.988598 -0.118338 0.0927054
535 -0.836698 -0.218316 -1.19931 0.0149051 0.988106 -0.108693 0.10775
539 -0.832863 -0.207699 -1.21633 0.0157879 0.987691 -0.0988152 0.12022
543 -0.923634 -0.198558 -1.2326 0.0167157 0.986045 -0.0915742 0.138019
546 -0.920608 -0.186152 -1.24282 0.0174172 0.98412 -0.0848816 0.154916
548 -0.918331 -0.173008 -1.24952 0.0194714 0.982708 -0.0792816 0.166195
551 -0.991646 -0.169891 -1.26065 0.0203795 0.980269 -0.0740677 0.182133
554 -1.05985 -0.166756 -1.2713 0.0211003 0.978036 -0.0676852 0.196008
558 -1.13668 -0.162818 -1.28186 0.0215539 0.975119 -0.0628128 0.211503
559 -1.15189 -0.162314 -1.28666 0.0205801 0.974562 -0.0613807 0.214565
560 -1.16732 -0.161768 -1.29102 0.0201587 0.973938 -0.0599255 0.217824
561 -1.18283 -0.161203 -1.29523 0.0196417 0.973337 -0.0585979 0.220897
566 -1.18583 -0.154293 -1.3071 0.0166788 0.970184 -0.0501421 0.23654
570 -1.19068 -0.146581 -1.31525 0.0188415 0.967335 -0.041559 0.249362
574 -1.19263 -0.139239 -1.32828 0.0219194 0.963109 -0.0328168 0.266204
577 -1.21201 -0.130687 -1.34295 0.0242474 0.95961 -0.0251758 0.279154
581 -1.22978 -0.122223 -1.35876 0.020518 0.954954 -0.0165798 0.295579
585 -1.22432 -0.115129 -1.36636 0.0174993 0.950148 -0.00661341 0.311237
589 -1.22044 -0.107777 -1.37128 0.0160347 0.945047 0.00260017 0.326532
593 -1.22532 -0.100261 -1.37649 0.0152717 0.940215 0.0109576 0.340063
598 -1.22466 -0.0929668 -1.37687 0.015748 0.934607 0.0192072 0.354813
602 -1.22386 -0.0787963 -1.37685 0.0165967 0.929562 0.0259783 0.367376
603 -1.22384 -0.078795 -1.37688 0.0164822 0.928203 0.0281051 0.370646
604 -1.22361 -0.0787814 -1.37712 0.0164343 0.926632 0.0295452 0.374446
605 -1.22288 -0.0787368 -1.37788 0.0163945 0.925203 0.0302912 0.377906
606 -1.22194 -0.0786788 -1.37882 0.0162741 0.923867 0.0309436 0.381114
607 -1.22096 -0.0786163 -1.37981 0.0158158 0.922642 0.0315166 0.384042
608 -1.22176 -0.0716048 -1.37849 0.0155285 0.921428 0.0320905 0.386911
609 -1.22068 -0.0715331 -1.37955 0.0152049 0.920051 0.0338096 0.390042
610 -1.2203 -0.0715066 -1.37991 0.0153486 0.91866 0.0347864 0.393215
611 -1.2188 -0.0713991 -1.38134 0.0153841 0.916995 0.0361744 0.396956
612 -1.21744 -0.0781526 -1.38314 0.0153765 0.915618 0.03722 0.400027
613 -1.21672 -0.0780979 -1.38381 0.0171526 0.913958 0.0370523 0.403749
614 -1.21729 -0.0712878 -1.38272 0.019439 0.911674 0.0374358 0.408744
615 -1.21691 -0.0644129 -1.38245 0.0205436 0.909315 0.0389229 0.413775
616 -1.21556 -0.064317 -1.38362 0.0202626 0.907481 0.0408424 0.417611
617 -1.21307 -0.064129 -1.38575 0.0202922 0.905767 0.0426161 0.421139
618 -1.21116 -0.0639794 -1.38735 0.0192821 0.903771 0.0454598 0.425157
619 -1.20949 -0.063836 -1.38873 0.0182992 0.901475 0.0476845 0.429807
620 -1.20738 -0.0636453 -1.39043 0.0178354 0.899436 0.0481532 0.434024
621 -1.20416 -0.0633531 -1.39297 0.0174577 0.897659 0.0480437 0.437715
622 -1.20187 -0.0631468 -1.39475 0.0168416 0.896185 0.0482751 0.440726
623 -1.19846 -0.0628372 -1.39737 0.016121 0.894417 0.0485807 0.444295
624 -1.19132 -0.0630346 -1.39442 0.0150066 0.893029 0.0494242 0.447025
625 -1.18969 -0.0628822 -1.39563 0.0146316 0.891348 0.0496273 0.450358
626 -1.18562 -0.0625007 -1.39862 0.0153162 0.889366 0.0496482 0.454235
627 -1.18348 -0.0623044 -1.40016 0.0152366 0.887654 0.0507461 0.457452
628 -1.17808 -0.0684403 -1.40458 0.0149975 0.885887 0.0513668 0.460805
629 -1.17547 -0.0681935 -1.40641 0.0153661 0.88439 0.0499484 0.463814
630 -1.16635 -0.0682042 -1.4046 0.0150057 0.883013 0.0491317 0.466528
631 -1.16319 -0.067925 -1.40675 0.0142501 0.881364 0.0490513 0.469668
632 -1.15818 -0.0741276 -1.41067 0.0137078 0.879506 0.0490282 0.473157
633 -1.15 -0.0742022 -1.40809 0.014204 0.877724 0.048063 0.476539
634 -1.1416 -0.0742715 -1.40559 0.0147754 0.875964 0.0470376 0.479851
635 -1.13767 -0.073953 -1.40809 0.0149766 0.873898 0.0463067 0.483668
636 -1.12942 -0.0740569 -1.4054 0.015009 0.872096 0.0454005 0.486993
637 -1.12374 -0.0677156 -1.40053 0.015376 0.870411 0.0440864 0.490107
638 -1.11421 -0.0677437 -1.39851 0.0151165 0.868732 0.0439127 0.4931
639 -1.10607 -0.0678699 -1.39561 0.0149548 0.867153 0.0434493 0.495918
640 -1.09743 -0.0679612 -1.39296 0.0149037 0.865736 0.0428929 0.498437
641 -1.08737 -0.0679568 -1.3911 0.0151094 0.864136 0.0419044 0.501282
642 -1.07875 -0.0680607 -1.38835 0.0146947 0.862803 0.0418369 0.503591
643 -1.06951 -0.068118 -1.38591 0.0151761 0.861676 0.0412055 0.505556
644 -1.05971 -0.0681525 -1.38376 0.0155437 0.860604 0.0409471 0.507387
645 -1.05106 -0.0682691 -1.38092 0.0151154 0.859394 0.0418009 0.509378
646 -1.04292 -0.0684082 -1.37779 0.01507 0.858431 0.0417863 0.511002
647 -1.03412 -0.0685055 -1.37498 0.0155274 0.85744 0.0410887 0.512706
648 -1.02379 -0.0685195 -1.37296 0.0151632 0.856319 0.0410304 0.514592
649 -1.01556 -0.0686581 -1.36979 0.0143313 0.855545 0.0414548 0.515866
650 -1.00751 -0.0687934 -1.36651 0.0135234 0.85485 0.0414689 0.517038
651 -1.00192 -0.068434 -1.36942 0.012761 0.853955 0.0411296 0.518562
652 -0.992368 -0.0684476 -1.36688 0.0123904 0.853338 0.0408612 0.519606
653 -0.975696 -0.0686205 -1.36049 0.011617 0.853603 0.0413162 0.519154
654 -0.966803 -0.068655 -1.35759 0.011617 0.853603 0.0413162 0.519154
655 -0.956869 -0.0686209 -1.35522 0.011617 0.853603 0.0413162 0.519154
656 -0.947959 -0.0686544 -1.35233 0.011617 0.853603 0.0413162 0.519154
657 -0.938624 -0.0686598 -1.34966 0.0118053 0.853196 0.0415299 0.5198
658 -0.929598 -0.0686883 -1.34682 0.0119621 0.852615 0.042166 0.520699
659 -0.92098 -0.0687447 -1.34375 0.0119621 0.852615 0.042166 0.520699
660 -0.911307 -0.0687306 -1.34122 0.0119621 0.852615 0.042166 0.520699
661 -0.902253 -0.0687577 -1.33838 0.0115355 0.852518 0.0429534 0.520802
662 -0.892674 -0.0687374 -1.3358 0.0115355 0.852518 0.0429534 0.520802
663 -0.886264 -0.0622835 -1.33112 0.0107119 0.853165 0.0433118 0.51973
664 -0.878793 -0.0557411 -1.327 0.00977848 0.853492 0.0442973 0.519128
665 -0.868719 -0.0556422 -1.32471 0.00829485 0.85366 0.0459944 0.51873
666 -0.858352 -0.0554798 -1.32257 0.0069563 0.853487 0.0474934 0.518899
667 -0.848412 -0.0553157 -1.32021 0.00520511 0.853336 0.0485556 0.519069
668 -0.841225 -0.0486924 -1.31598 0.00320284 0.85313 0.0494297 0.519342
669 -0.834667 -0.048093 -1.31935 0.000168746 0.85301 0.0510128 0.519395
670 -0.828729 -0.0475111 -1.3224 -0.00250394 0.853083 0.0521958 0.519152
671 -0.824743 -0.0404279 -1.32407 -0.00404646 0.853089 0.0525222 0.5191
672 -0.817061 -0.0396138 -1.32803 -0.00592322 0.852984 0.0544425 0.519056
673 -0.807959 -0.0392486 -1.32522 -0.0073093 0.852691 0.0568807 0.519258
674 -0.80026 -0.0383384 -1.32917 -0.00737354 0.85213 0.057874 0.520069
675 -0.791523 -0.0312948 -1.3258 -0.00737354 0.85213 0.057874 0.520069
676 -0.783327 -0.030311 -1.32999 -0.00839344 0.851606 0.0590896 0.520773
677 -0.775306 -0.0293206 -1.33407 -0.00868729 0.851026 0.0600235 0.521609
678 -0.766915 -0.0282681 -1.33831 -0.00860688 0.84984 0.0612655 0.523397
679 -0.759045 -0.027266 -1.34225 -0.00785865 0.848522 0.0627713 0.525365
680 -0.750496 -0.0261643 -1.34648 -0.00622467 0.846929 0.0631418 0.527907
681 -0.741079 -0.0249676 -1.35106 -0.00466573 0.844983 0.0635986 0.530978
682 -0.732164 -0.0238499 -1.35531 -0.00336951 0.843444 0.0643927 0.533334
683 -0.722457 -0.0226385 -1.35988 -0.00179159 0.84223 0.0646208 0.535228
684 -0.714924 -0.0150426 -1.36289 -0.000664953 0.841885 0.0644197 0.535797
685 -0.704467 -0.013777 -1.36773 -0.00140783 0.84174 0.0660005 0.535831
686 -0.694665 -0.012553 -1.37226 -0.00276103 0.841769 0.0679176 0.535541
687 -0.684537 -0.0112348 -1.37695 -0.00360824 0.842111 0.0696989 0.534769
688 -0.674288 -0.00985431 -1.38171 -0.00457107 0.842453 0.0714942 0.533986
689 -0.664935 -0.00855031 -1.38608 -0.00580827 0.842709 0.0736634 0.533275
690 -0.651676 -0.0130963 -1.39278 -0.00663922 0.842845 0.0738978 0.533017
691 -0.644378 -0.0111804 -1.40332 -0.00695506 0.843208 0.0727061 0.532603
692 -0.633288 -0.00957316 -1.40853 -0.00763717 0.843793 0.071573 0.53182
693 -0.622646 -0.00804281 -1.41357 -0.00886885 0.844355 0.0715958 0.530905
694 -0.611987 -0.00649125 -1.41864 -0.00992997 0.84469 0.0719194 0.530309
695 -0.602259 -0.0050552 -1.42329 -0.0110232 0.844841 0.0728577 0.529919
696 -0.582988 -0.00782542 -1.44008 -0.0121875 0.844903 0.0741343 0.529617
697 -0.572853 -0.00625741 -1.44494 -0.0115181 0.845606 0.0741182 0.528511
698 -0.559224 -0.00336357 -1.45844 -0.0126844 0.846458 0.0773687 0.526651
699 -0.55039 -0.00193033 -1.46274 -0.013093 0.846778 0.0780647 0.526025
700 -0.541673 -0.000498527 -1.467 -0.0135141 0.847124 0.0792543 0.525279
701 -0.533288 0.000903674 -1.47112 -0.0142221 0.847102 0.0814983 0.524952
702 -0.526137 0.00213724 -1.47463 -0.014984 0.847058 0.0847775 0.524482
703 -0.518776 0.00346091 -1.47825 -0.0150152 0.847447 0.0871265 0.523466
704 -0.510775 0.00493876 -1.4822 -0.0149333 0.848056 0.08882 0.522196
705 -0.503356 0.00633554 -1.48588 -0.0159207 0.848551 0.091149 0.520961
706 -0.493484 0.0021729 -1.49128 -0.0172665 0.848701 0.0933684 0.52028
707 -0.489968 0.0038427 -1.49979 -0.0180013 0.848688 0.0938218 0.520195
708 -0.481902 0.0054749 -1.50384 -0.0177546 0.849244 0.0936316 0.519329
709 -0.474799 0.00690938 -1.50742 -0.0181589 0.849979 0.0949881 0.517865
710 -0.468736 0.0081558 -1.5105 -0.0185537 0.850638 0.0964117 0.516503
711 -0.461314 0.00970943 -1.5143 -0.0182894 0.851885 0.0964536 0.514445
712 -0.454109 0.0112211 -1.51803 -0.0194999 0.853154 0.0971444 0.512163
713 -0.448446 0.01243 -1.521 -0.0215617 0.854217 0.0985997 0.510026
714 -0.43926 0.00834668 -1.52632 -0.0229517 0.855545 0.0992831 0.5076
715 -0.430803 0.0092126 -1.52402 -0.0231015 0.857324 0.0985876 0.50472
716 -0.421065 0.0103658 -1.52248 -0.0231045 0.859404 0.0975224 0.501378
717 -0.412174 0.0113617 -1.52077 -0.0229637 0.861436 0.0972511 0.497938
718 -0.402929 0.0124355 -1.51933 -0.0229918 0.863398 0.0973587 0.494506
719 -0.393641 0.013524 -1.51798 -0.0236193 0.865305 0.0985211 0.4909
720 -0.382505 0.00916231 -1.51817 -0.0242806 0.867102 0.100429 0.487297
721 -0.370925 0.00987354 -1.51203 -0.0234212 0.869227 0.100671 0.483489
722 -0.362394 0.0108656 -1.51067 -0.0226687 0.871191 0.101126 0.479882
723 -0.354085 0.0117989 -1.50923 -0.0224724 0.873084 0.101364 0.476388
724 -0.342198 0.012534 -1.50348 -0.0226426 0.875005 0.101631 0.472784
725 -0.333663 0.0135316 -1.50231 -0.0232977 0.876657 0.102435 0.469507
726 -0.319575 0.00914107 -1.49852 -0.0240216 0.87852 0.104199 0.465583
727 -0.305142 0.00487026 -1.49504 -0.0233229 0.8804 0.104751 0.461929
728 -0.292819 0.00574327 -1.48985 -0.0214371 0.882565 0.104872 0.457844
729 -0.281456 0.00632162 -1.48408 -0.0203255 0.884443 0.106961 0.453769
730 -0.271017 0.00671969 -1.47822 -0.0196491 0.886616 0.109169 0.449009
731 -0.26047 0.00712595 -1.47251 -0.0189104 0.888867 0.110565 0.444222
732 -0.24971 0.00756941 -1.46702 -0.0182985 0.891045 0.111814 0.439547
733 -0.239036 0.00797285 -1.46154 -0.0177157 0.893392 0.112664 0.434561
734 -0.228268 0.00838631 -1.4562 -0.0174492 0.895612 0.112908 0.429914
735 -0.217394 0.00882223 -1.45101 -0.0175002 0.897743 0.113088 0.425396
736 -0.207146 0.0090788 -1.44539 -0.0180759 0.899779 0.114024 0.420797
737 -0.197434 0.00918828 -1.43938 -0.0184885 0.901898 0.114925 0.41597
738 -0.186842 0.00956297 -1.43416 -0.0181479 0.904036 0.115109 0.411265
739 -0.179626 0.0103244 -1.43324 -0.0183942 0.905791 0.116409 0.407005
740 -0.173766 0.0106822 -1.43118 -0.0199451 0.90732 0.118864 0.402794
741 -0.164424 0.0106858 -1.42502 -0.0217553 0.908929 0.120806 0.398474
742 -0.158816 0.0110101 -1.42281 -0.0236003 0.91038 0.121973 0.394683
743 -0.152834 0.0114839 -1.42097 -0.0251726 0.91178 0.122654 0.391126
744 -0.144923 0.00713284 -1.42137 -0.0268653 0.912793 0.123666 0.388322
745 -0.139941 0.00730199 -1.41864 -0.0274638 0.913539 0.122758 0.38681
746 -0.136508 0.0124562 -1.41409 -0.0269203 0.914281 0.121119 0.38561
747 -0.126454 0.0128298 -1.40875 -0.0300154 0.915453 0.123574 0.381803
748 -0.121564 0.0129989 -1.40596 -0.0308979 0.91628 0.123673 0.379711
749 -0.116389 0.0132805 -1.40347 -0.03126 0.916999 0.123286 0.378069
750 -0.11168 0.0133965 -1.40052 -0.0315055 0.91766 0.12324 0.376457
751 -0.106818 0.0135696 -1.39773 -0.031001 0.918609 0.122242 0.374505
752 -0.100846 0.0141415 -1.39607 -0.0293417 0.919955 0.12114 0.371682
753 -0.0954583 0.0144802 -1.39385 -0.028364 0.921315 0.121224 0.368347
754 -0.0899998 0.0148323 -1.39172 -0.0272344 0.922887 0.120759 0.364631
755 -0.0838145 0.0154986 -1.39068 -0.0260978 0.924567 0.120685 0.360457
756 -0.0775867 0.0161691 -1.38974 -0.0265199 0.926147 0.122384 0.355767
757 -0.072189 0.0165416 -1.38794 -0.0277929 0.927701 0.125601 0.350462
758 -0.0667974 0.016929 -1.38617 -0.0288083 0.929478 0.128474 0.34458
759 -0.0608987 0.0175377 -1.38503 -0.0285594 0.931146 0.130537 0.339282
760 -0.0545943 0.0183218 -1.38441 -0.0278839 0.932582 0.133124 0.334351
761 -0.0451225 0.0185428 -1.37952 -0.0268791 0.934165 0.136207 0.328726
762 -0.0391448 0.0191912 -1.37862 -0.0255131 0.935854 0.138903 0.32285
763 -0.0325695 0.0201114 -1.37854 -0.0236561 0.937529 0.141383 0.317003
764 -0.0264396 0.0208164 -1.37796 -0.022717 0.939029 0.144583 0.311135
765 -0.0183785 0.0171551 -1.38043 -0.0225232 0.940576 0.147632 0.304981
766 -0.012513 0.0177452 -1.37962 -0.0215112 0.942222 0.149273 0.299119
767 -0.00614504 0.0185979 -1.37957 -0.0202653 0.943609 0.150563 0.294146
768 -0.000510181 0.0190541 -1.37855 -0.0193389 0.944674 0.152401 0.289812
769 0.00510121 0.0194923 -1.37752 -0.0173513 0.945594 0.153297 0.286445
770 0.0122536 0.0207721 -1.37879 -0.0144658 0.946308 0.153344 0.284213
771 0.0184531 0.0214871 -1.37869 -0.0119628 0.946508 0.155394 0.282546
772 0.024157 0.0219005 -1.37787 -0.00990419 0.946485 0.156994 0.281818
773 0.0302911 0.0225386 -1.37769 -0.00851232 0.946466 0.157418 0.28169
774 0.0363659 0.0231273 -1.37743 -0.00851232 0.946466 0.157418 0.28169
775 0.0422389 0.0236007 -1.37686 -0.00908469 0.946337 0.156232 0.282762
776 0.0481579 0.0241028 -1.37636 -0.0106556 0.946183 0.155312 0.283729
777 0.0552978 0.0200337 -1.37831 -0.0131598 0.945873 0.154837 0.284914
778 0.0584443 0.0165131 -1.38357 -0.0145865 0.945692 0.152099 0.286913
779 0.0594064 0.0170423 -1.38499 -0.0157141 0.945526 0.147827 0.289622
780 0.0605868 0.0176697 -1.3867 -0.0174457 0.945174 0.143543 0.292809
781 0.0613774 0.0180756 -1.38783 -0.0196785 0.94474 0.13939 0.296055
782 0.0625414 0.0186536 -1.38949 -0.0213325 0.944651 0.135317 0.298109
783 0.0638188 0.0192685 -1.39129 -0.0216648 0.944567 0.132213 0.29974
784 0.0651304 0.0198834 -1.39312 -0.0215321 0.944248 0.130873 0.301337
785 0.0679328 0.0160772 -1.39736 -0.0220625 0.943867 0.130587 0.302615
786 0.0707422 0.0122663 -1.40158 -0.0214245 0.943591 0.128904 0.304237
787 0.0735253 0.00842362 -1.40574 -0.020509 0.943522 0.126924 0.305346
788 0.0758322 0.0043507 -1.40924 -0.0205351 0.943548 0.124798 0.30614
789 0.0781151 0.000250278 -1.41268 -0.0194938 0.943895 0.12076 0.306756
790 0.0789494 0.000598786 -1.41382 -0.0177014 0.944353 0.116451 0.307121
791 0.0831038 0.00044866 -1.41104 -0.0164265 0.944564 0.113608 0.307606
792 0.0852898 -0.00376512 -1.41434 -0.0152649 0.944385 0.110921 0.309192
793 0.0872632 -0.0080793 -1.41735 -0.0142197 0.94418 0.107318 0.311135
794 0.0891846 -0.0124362 -1.42027 -0.0129331 0.944098 0.103265 0.312806
795 0.0907746 -0.0169325 -1.42273 -0.0124317 0.943959 0.0989643 0.314632
796 0.0923518 -0.0214551 -1.42514 -0.0119774 0.943746 0.0925303 0.317235
797 0.0920795 -0.0215383 -1.42479 -0.0117365 0.943368 0.0853358 0.32037
798 0.0920521 -0.0215459 -1.42475 -0.0120217 0.943074 0.079877 0.322624
799 0.0922832 -0.0214856 -1.42505 -0.011938 0.942482 0.0763099 0.32521
800 0.0924847 -0.0214356 -1.4253 -0.0118558 0.941642 0.0741621 0.328131
801 0.0965966 -0.0215664 -1.42211 -0.0113299 0.940586 0.0720895 0.331622
802 0.100544 -0.0217308 -1.41871 -0.0104614 0.939365 0.0705646 0.335417
803 0.104148 -0.0219706 -1.41489 -0.00987586 0.938087 0.0689596 0.339323
804 0.104445 -0.0219071 -1.41525 -0.00914156 0.936871 0.0670731 0.343059
805 0.108281 -0.0220873 -1.41173 -0.00841497 0.935544 0.0654394 0.346994
806 0.112265 -0.022236 -1.40837 -0.00872071 0.934314 0.0646956 0.350421
807 0.112375 -0.0222145 -1.4085 -0.00955617 0.933018 0.0640061 0.353963
811 0.124144 -0.0226319 -1.39823 -0.0116393 0.927072 0.0616291 0.369599
815 0.135973 -0.0229208 -1.388 -0.0146813 0.919734 0.0673134 0.38645
816 0.139465 -0.0230815 -1.38413 -0.0150135 0.917808 0.0692683 0.390646
817 0.142767 -0.0232809 -1.38009 -0.0157313 0.915933 0.071381 0.394619
818 0.145837 -0.0235261 -1.37583 -0.016326 0.914034 0.0732814 0.398628
819 0.14851 -0.0238526 -1.37121 -0.0171672 0.912009 0.0753328 0.402827
820 0.151202 -0.0241755 -1.36662 -0.0182843 0.910076 0.0774286 0.406734
821 0.151001 -0.024218 -1.36644 -0.0184692 0.908177 0.0795481 0.410542
822 0.153542 -0.0245787 -1.36175 -0.0191391 0.906326 0.0824348 0.414018
823 0.153332 -0.0246252 -1.36157 -0.0200087 0.904428 0.0851076 0.417571
824 0.152945 -0.024713 -1.36124 -0.0214546 0.90272 0.0880063 0.420585
825 0.152192 -0.0248893 -1.36061 -0.0230924 0.900858 0.090869 0.423869
826 0.153962 -0.025411 -1.3556 -0.0246566 0.899172 0.0931283 0.42686
827 0.153385 -0.0255536 -1.35513 -0.0261611 0.897641 0.0957355 0.429408
831 0.1475 -0.0280221 -1.34402 -0.0327769 0.890915 0.102592 0.441216
835 0.138433 -0.0263858 -1.33069 -0.0358791 0.883207 0.104508 0.45578
839 0.126304 -0.0245966 -1.32193 -0.0432613 0.875929 0.106255 0.4686
843 0.11018 -0.0188729 -1.31095 -0.0530047 0.867869 0.112703 0.480929
846 0.10081 -0.0216811 -1.30512 -0.057367 0.859896 0.116843 0.493594
849 0.091619 -0.0245148 -1.29978 -0.0564662 0.85042 0.115878 0.510068
851 0.0845595 -0.0258369 -1.30146 -0.0567126 0.842063 0.113466 0.524251
854 0.0729208 -0.0193217 -1.29552 -0.0599661 0.831212 0.110803 0.541492
857 0.0643143 -0.0180929 -1.28117 -0.0652907 0.821799 0.114267 0.55437
861 0.0485474 -0.0189533 -1.26443 -0.0661234 0.811146 0.115518 0.569497
866 0.0204716 -0.0244828 -1.23392 -0.0640184 0.801131 0.113901 0.584052
871 -0.0203745 -0.0288051 -1.19554 -0.0596474 0.79368 0.10689 0.595893
878 -0.0849951 -0.0486472 -1.14587 -0.052727 0.787809 0.0972823 0.605898
883 -0.130576 -0.061022 -1.1133 -0.0522414 0.780111 0.087003 0.617356
887 -0.167282 -0.0645847 -1.08855 -0.0525273 0.7709 0.0845706 0.629127
889 -0.185993 -0.0239131 -1.08915 -0.0629551 0.764533 0.07282 0.637356
892 -0.209226 -0.028873 -1.07388 -0.0587449 0.750601 0.0726078 0.654122
895 -0.230912 -0.0333711 -1.05997 -0.0543857 0.736937 0.070912 0.670028
898 -0.253278 -0.0375953 -1.05243 -0.0517522 0.723069 0.0691516 0.685355
901 -0.273397 -0.0410904 -1.05138 -0.0497332 0.708712 0.0699059 0.700263
904 -0.294861 -0.0447652 -1.05118 -0.0504435 0.696702 0.0685012 0.712298
907 -0.319127 -0.0431805 -1.05161 -0.0505286 0.684221 0.0656979 0.72455
911 -0.35165 -0.0428666 -1.0534 -0.0506986 0.671149 0.0645719 0.736763
915 -0.382728 -0.0420607 -1.05621 -0.0492484 0.659495 0.0613724 0.747579
920 -0.415371 -0.0411385 -1.05413 -0.047232 0.647556 0.0608132 0.758118
926 -0.44131 -0.0451788 -1.05218 -0.0384845 0.638653 0.0563022 0.766467
934 -0.457841 -0.060176 -1.04303 -0.0281331 0.63358 0.0450648 0.771851
944 -0.460478 -0.0667302 -1.04378 -0.017881 0.637556 0.0343867 0.769428
955 -0.453787 -0.0790844 -1.04947 -0.00709356 0.642592 0.0257656 0.765742
963 -0.448228 -0.0786898 -1.05504 0.000363167 0.646106 0.0282182 0.762726
964 -0.447438 -0.078661 -1.05491 0.00123269 0.646892 0.0280593 0.762064
