# width:480 height:360 psr bound:50 mu:0.8
1 6.93479e-310 4.68261e-310 6.93477e-310 -1.12608e-310 -9.48039e-316 1.12609e-310 0.5
2 0 0.00833333 -0.00231281 0.00128699 -0.000203279 -0.000307561 0.999999
3 0 0 -0.00233021 -0.00128218 0.000187034 -0.000238289 0.999999
4 0 0 -0.00182517 -0.00159889 0.000709168 -0.000451337 0.999998
5 0 0.00833333 -0.00258105 -0.00161482 0.000699357 -0.0010033 0.999998
6 0 0.0166667 -0.00246589 -0.00139027 0.000680236 -0.000624908 0.999999
7 0 0 -0.001871 -0.00421278 0.00122758 -0.000874612 0.99999
8 0 0.00833333 -0.00117127 -0.00195144 0.000680351 -0.000464343 0.999998
9 0 0.00833333 -0.00159697 -0.00143381 0.000705339 -0.000517897 0.999999
10 0 0.00833333 -0.00109087 -0.00236439 0.000811962 -0.000588826 0.999997
11 0 0.00833333 -0.000247422 -0.00157513 0.000679512 -0.000336008 0.999998
12 0 0 0.000470449 -0.00159172 0.000689567 -0.000371632 0.999998
13 0 0.00833333 0.000963004 0 0 0 1
14 0 0 0.000924207 0 0 0 1
15 0 0.00833333 0.000982912 0.00131401 -2.02022e-05 0.00119941 0.999998
16 0 0 0.000856123 0.00139055 -5.37509e-05 0.00118137 0.999998
17 0 0 0.000130999 0.0013858 -0.000285307 0.000666895 0.999999
18 0 0.00833333 0.00022484 0.000975436 -0.000466152 -4.30027e-06 0.999999
19 0 0.00833333 -0.000117805 0.000653785 -0.000322427 -0.00113071 0.999999
20 0 0 -0.000809312 -0.000787395 0.000317948 -0.00414989 0.999991
21 0 0 -0.000675662 -0.0014636 0.00069997 -0.0034793 0.999993
22 0 0 -0.000813415 -0.00146103 0.000700664 -0.00330243 0.999993
23 -0.00833333 0.00833333 -0.000594643 -0.00144844 0.000702537 -0.00239085 0.999996
24 -0.00833333 0.00833333 -0.000623041 -0.00143573 0.000702788 -0.00229495 0.999996
25 -0.00833333 0.00833333 -0.000523586 -0.00144272 0.000710844 -0.00236756 0.999996
26 -0.00833333 0 -0.000807589 -0.00146182 0.000710052 -0.00310736 0.999994
27 -0.00833333 0 -0.000655306 -0.00145714 0.000708864 -0.00393398 0.999991
28 -0.00833333 0 -0.000333876 -0.00146207 0.000709428 -0.00338511 0.999993
29 -0.00833333 0 -0.000479119 -0.00145378 0.000708236 -0.00366895 0.999992
30 -0.00833333 0 -0.000578076 -0.00150263 0.00074676 -0.00590478 0.999981
31 0 0 -0.000590934 -0.00151004 0.000749505 -0.00686687 0.999975
32 -0.00833333 0.00833333 0.000130637 -0.00143951 0.000709012 -0.00364783 0.999992
33 -0.00833333 0.00833333 0.000326943 -0.00143721 0.000707267 -0.00460879 0.999988
34 -0.00833333 0.00833333 -0.0002775 -0.00139533 0.000673823 -0.00466528 0.999988
35 -0.00833333 0.0166667 -5.27917e-05 -0.00142541 0.000707303 -0.00340759 0.999993
36 -0.00833333 0.00833333 0.000132646 -0.00273441 0.00188279 -0.00539312 0.99998
37 -0.00833333 0.00833333 0.000151298 -0.00262968 0.00324846 -0.00567422 0.999975
38 -0.0166667 0.0166667 -0.000498925 -0.00259919 0.00412908 -0.00482985 0.999976
39 -0.0166667 0.00833333 0.000444314 -0.00469312 0.00494394 -0.00406989 0.999968
40 -0.0166667 0.00833333 0.00248435 -0.00580695 0.00520186 -0.00307623 0.999965
41 -0.0166667 0.00833333 0.00353715 -0.0051429 0.00557833 -0.00228496 0.999969
42 -0.0166667 0.00833333 0.00533904 -0.00500617 0.00584175 -0.00171436 0.999969
43 -0.0166667 0.00833333 0.00729957 -0.00484933 0.00622889 -0.00137458 0.999968
44 -0.0166667 0.00833333 0.00907622 -0.00400531 0.00711119 -0.00177838 0.999965
45 -0.0166667 0.00833333 0.0109814 -0.00343853 0.0079663 -0.00268331 0.999959
46 -0.0166667 0.0166667 0.0140446 -0.00432253 0.0091109 -0.00381959 0.999942
47 -0.025 0.0166667 0.0186182 -0.00519187 0.0102343 -0.00518657 0.999921
48 -0.025 0.0166667 0.0221774 -0.00541421 0.0106694 -0.00693282 0.999904
49 -0.025 0.0166667 0.0271514 -0.00721686 0.011078 -0.00887809 0.999873
50 -0.025 0.0166667 0.0331918 -0.00889396 0.0115142 -0.010537 0.999839
51 -0.0166667 0.0166667 0.0394004 -0.00946851 0.0113906 -0.0120907 0.999817
52 -0.0166667 0.025 0.0451121 -0.00971467 0.0110986 -0.0132938 0.999803
53 -0.0166667 0.025 0.0510365 -0.0110992 0.010875 -0.0145991 0.999773
54 -0.0166667 0.025 0.0591051 -0.0126636 0.0106616 -0.0153913 0.999745
55 -0.00833333 0.0166667 0.0671875 -0.0132673 0.00947506 -0.0160373 0.999738
56 -0.00833333 0.0166667 0.0751546 -0.0131919 0.0075378 -0.017055 0.999739
57 -0.00833333 0.0166667 0.0843418 -0.0132012 0.00618265 -0.0183579 0.999725
58 0 0.0166667 0.0930556 -0.0114134 0.00458463 -0.0200147 0.999724
59 0 0.0166667 0.101179 -0.00988009 0.00322055 -0.0224652 0.999694
60 0.00833333 0.0166667 0.110787 -0.00979021 0.0019223 -0.0247527 0.999644
61 0.00837269 0.0168438 0.11988 -0.00943602 0.00034866 -0.0268904 0.999594
62 0.0165298 0.0166312 0.129592 -0.00890339 -0.00167578 -0.0293825 0.999527
63 0.0246861 0.0164143 0.13909 -0.00896205 -0.00406139 -0.0312508 0.999463
64 0.024726 0.0165941 0.148316 -0.0086205 -0.00653997 -0.0341976 0.999357
65 0.0328813 0.016373 0.157595 -0.00890016 -0.00901174 -0.0371287 0.99923
66 0.0410411 0.0161723 0.167922 -0.0102702 -0.0115564 -0.0424411 0.998979
67 0.0406799 0.00824169 0.177467 -0.00839647 -0.0134248 -0.0441276 0.9989
68 0.0411207 0.0165309 0.186327 -0.00656849 -0.0162638 -0.047832 0.998701
69 0.0489396 0.0158783 0.194897 -0.00620346 -0.0190005 -0.0504879 0.998525
70 0.0486388 0.0160169 0.204336 -0.00671317 -0.0220288 -0.052344 0.998364
71 0.0564487 0.0153684 0.213186 -0.00609132 -0.0252462 -0.0537805 0.998215
72 0.056178 0.0154931 0.22168 -0.00635457 -0.0281106 -0.0548481 0.998079
73 0.0639712 0.0148523 0.231057 -0.00717647 -0.0314816 -0.0566816 0.99787
74 0.0717765 0.0142059 0.240052 -0.00618448 -0.0349867 -0.058942 0.997629
75 0.0715337 0.0143178 0.24767 -0.00468844 -0.0387169 -0.0621077 0.997307
76 0.0709826 0.0144196 0.254839 -0.00513815 -0.0421435 -0.0651953 0.996969
77 0.0783753 0.0135353 0.263864 -0.0066937 -0.0457111 -0.0688729 0.996555
78 0.085755 0.0126533 0.273059 -0.00656139 -0.0484412 -0.0723683 0.996179
79 0.0851507 0.012765 0.28092 -0.00582714 -0.0518631 -0.0755113 0.995778
80 0.0925592 0.0118777 0.28974 -0.00662071 -0.0562871 -0.0787349 0.995283
81 0.0919075 0.0119981 0.298217 -0.00726599 -0.0602159 -0.0823593 0.994755
82 0.0908635 0.0122126 0.306954 -0.00779782 -0.0645876 -0.0860627 0.994163
83 0.0978166 0.0110945 0.31633 -0.00977403 -0.0685519 -0.0892051 0.993603
84 0.0968863 0.0112857 0.324116 -0.0115679 -0.0726691 -0.0919737 0.993039
85 0.103824 0.0101708 0.333624 -0.0121139 -0.0771461 -0.0947061 0.992438
86 0.102798 0.0103816 0.34221 -0.0123623 -0.0816169 -0.0975266 0.991804
87 0.101337 0.0107522 0.351247 -0.0121408 -0.0857392 -0.100462 0.991165
88 0.107808 0.0095494 0.361183 -0.0122983 -0.0893001 -0.103559 0.99053
89 0.114285 0.00834521 0.371085 -0.0119141 -0.0925698 -0.107198 0.989847
90 0.112576 0.00877871 0.381658 -0.0108772 -0.0962591 -0.110309 0.989165
91 0.110965 0.00918704 0.391617 -0.0109356 -0.0992984 -0.11333 0.988522
92 0.117168 0.00805237 0.403214 -0.0111209 -0.102718 -0.115467 0.987923
93 0.123236 0.00659614 0.41405 -0.012152 -0.106671 -0.116983 0.987314
94 0.12129 0.00703978 0.423551 -0.0126315 -0.110979 -0.118731 0.986624
95 0.127301 0.0055964 0.434662 -0.0137879 -0.115898 -0.121098 0.985755
96 0.122751 -0.00191301 0.44749 -0.0146678 -0.120762 -0.124637 0.984717
97 0.128697 -0.00334162 0.458917 -0.0131767 -0.124913 -0.128209 0.983761
98 0.126803 -0.00290962 0.468169 -0.0126264 -0.129097 -0.131883 0.982742
99 0.129588 -0.0126483 0.481603 -0.0125834 -0.133198 -0.136226 0.981602
100 0.127299 -0.0121102 0.490436 -0.010039 -0.137474 -0.138319 0.980749
101 0.125002 -0.0115701 0.499301 -0.00762345 -0.14164 -0.140598 0.979853
102 0.13885 -0.0154555 0.51169 -0.00610763 -0.146195 -0.142852 0.978868
103 0.144419 -0.0170799 0.523109 -0.00300847 -0.151209 -0.145001 0.977804
104 0.14987 -0.0191262 0.533897 -0.00073706 -0.155301 -0.14716 0.976844
105 0.155644 -0.0212269 0.543639 0.00147377 -0.159116 -0.148964 0.975956
106 0.153131 -0.020803 0.551772 0.00406067 -0.163123 -0.150367 0.975071
107 0.166711 -0.0253474 0.564677 0.00497183 -0.167126 -0.152126 0.974116
108 0.145593 -0.0283332 0.567781 0.0067583 -0.171494 -0.153728 0.973094
109 0.151283 -0.0304199 0.577793 0.00950841 -0.176689 -0.154222 0.972063
110 0.156123 -0.0327225 0.588175 0.011957 -0.182847 -0.154339 0.970878
111 0.1539 -0.0324915 0.594189 0.0141061 -0.189083 -0.154452 0.969636
112 0.159017 -0.0348228 0.603823 0.0158979 -0.195008 -0.15499 0.968348
113 0.156376 -0.0345483 0.61097 0.018342 -0.201174 -0.155485 0.966963
114 0.153667 -0.0343624 0.617271 0.0200983 -0.207125 -0.156365 0.965529
115 0.158175 -0.0367929 0.627361 0.0214271 -0.212561 -0.157761 0.96409
116 0.155089 -0.0365811 0.634541 0.0231736 -0.218066 -0.158464 0.962704
117 0.158995 -0.0389703 0.646031 0.0242457 -0.224597 -0.159264 0.961043
118 0.155768 -0.0387488 0.653539 0.0260069 -0.231814 -0.159676 0.959213
119 0.151883 -0.0385419 0.66118 0.0278206 -0.238005 -0.160646 0.957482
120 0.154572 -0.0409647 0.673323 0.0288404 -0.244464 -0.162138 0.955572
121 0.157303 -0.0433898 0.685382 0.0305534 -0.251189 -0.164185 0.953422
122 0.153141 -0.043168 0.69357 0.0317751 -0.25769 -0.165595 0.951401
123 0.155086 -0.0456299 0.705509 0.0329408 -0.263936 -0.16659 0.949474
124 0.156832 -0.048082 0.717793 0.0343367 -0.270648 -0.16758 0.947358
125 0.152605 -0.047872 0.725095 0.0360215 -0.277137 -0.169003 0.945164
126 0.154307 -0.0503218 0.737455 0.0369613 -0.283162 -0.170926 0.942994
127 0.156045 -0.0528192 0.748389 0.0379416 -0.28911 -0.173225 0.940728
128 0.157323 -0.0552938 0.760029 0.0395512 -0.295025 -0.174539 0.93858
129 0.163289 -0.0504501 0.769462 0.0400434 -0.300493 -0.176039 0.936542
130 0.165399 -0.0529659 0.779829 0.0390515 -0.306237 -0.177593 0.934427
131 0.167239 -0.0554683 0.790608 0.0385209 -0.312453 -0.178495 0.932217
132 0.162988 -0.0551852 0.796323 0.0388505 -0.31862 -0.180119 0.929801
133 0.164798 -0.0577401 0.80628 0.0384073 -0.324893 -0.182599 0.927161
134 0.176622 -0.055845 0.819902 0.039569 -0.331094 -0.184454 0.924547
135 0.172589 -0.0555763 0.825325 0.0400238 -0.337888 -0.186405 0.921674
136 0.173103 -0.0580326 0.835913 0.0393172 -0.344933 -0.188072 0.918751
137 0.170226 -0.0577972 0.839379 0.0384363 -0.351433 -0.188802 0.916172
138 0.18094 -0.0561548 0.853365 0.0383865 -0.358718 -0.188594 0.913389
139 0.176743 -0.0558113 0.858422 0.0386357 -0.366789 -0.188523 0.910182
140 0.172387 -0.0577345 0.873531 0.0363354 -0.381985 -0.188864 0.903934
141 0.178056 -0.0532772 0.882142 0.0358659 -0.390016 -0.188079 0.900682
142 0.17361 -0.0528343 0.886886 0.0346603 -0.397894 -0.187383 0.897422
143 0.172903 -0.05499 0.897379 0.0333452 -0.405286 -0.186796 0.894281
144 0.168946 -0.0545171 0.901085 0.0328877 -0.412189 -0.186425 0.891215
145 0.1654 -0.0540933 0.904405 0.0334615 -0.419576 -0.185668 0.887898
146 0.159458 -0.053383 0.90997 0.0349427 -0.426858 -0.185335 0.884433
147 0.153799 -0.0526727 0.914635 0.034826 -0.433473 -0.185924 0.881091
148 0.149052 -0.0520767 0.918549 0.0341462 -0.44035 -0.186506 0.877577
149 0.14358 -0.0513899 0.923059 0.0338081 -0.447206 -0.186999 0.874011
150 0.141269 -0.0533677 0.93454 0.0335721 -0.45352 -0.187434 0.870667
151 0.135631 -0.0525839 0.93866 0.0335865 -0.459962 -0.187327 0.867304
152 0.131967 -0.0543289 0.95049 0.0341934 -0.466926 -0.187277 0.863561
153 0.125536 -0.0534347 0.95519 0.034913 -0.473408 -0.18734 0.859983
154 0.119385 -0.0525795 0.959686 0.035279 -0.479262 -0.187569 0.856668
155 0.107275 -0.0530667 0.976062 0.0350745 -0.489328 -0.187312 0.851024
156 0.100886 -0.0521529 0.980182 0.0341721 -0.495154 -0.187271 0.847694
157 0.102891 -0.0471954 0.990735 0.0340403 -0.501062 -0.187301 0.844214
158 0.0979476 -0.0487076 1.00249 0.033389 -0.506933 -0.188404 0.840481
159 0.0933312 -0.0501906 1.01333 0.0329569 -0.512703 -0.18928 0.836793
160 0.0871477 -0.049226 1.01679 0.0334435 -0.518413 -0.19061 0.832945
161 0.0804724 -0.0481847 1.02053 0.0333741 -0.523532 -0.192627 0.829274
162 0.075976 -0.0496864 1.03131 0.0324383 -0.528611 -0.194057 0.825748
163 0.0707857 -0.05105 1.04191 0.0320524 -0.534562 -0.194828 0.821741
164 0.0645711 -0.0499862 1.04499 0.0315868 -0.540636 -0.196058 0.817482
165 0.0591949 -0.049066 1.04766 0.0304346 -0.546329 -0.196801 0.813553
166 0.0547139 -0.050551 1.05791 0.0296899 -0.552254 -0.196471 0.80965
167 0.0484474 -0.0493825 1.06059 0.0300295 -0.557682 -0.196534 0.805893
168 0.0432978 -0.0484223 1.0628 0.028988 -0.562718 -0.197468 0.802194
169 0.0382111 -0.0496683 1.0726 0.0286349 -0.568029 -0.197331 0.798488
170 0.0385349 -0.0446164 1.083 0.0287579 -0.573563 -0.19716 0.79456
171 0.0331336 -0.0436092 1.08531 0.0273298 -0.578811 -0.197495 0.790713
172 0.0285299 -0.0426876 1.08694 0.0251627 -0.583855 -0.197292 0.787119
173 0.0242889 -0.0418386 1.08845 0.0233201 -0.589451 -0.195998 0.783319
174 0.0247323 -0.0368036 1.09853 0.0215603 -0.595552 -0.194555 0.779103
175 0.0204819 -0.0359527 1.10004 0.0195021 -0.601182 -0.193284 0.77514
176 0.016567 -0.0351104 1.10119 0.0176496 -0.607404 -0.191586 0.770743
177 0.0173338 -0.030139 1.11065 0.0157743 -0.613748 -0.19056 0.765997
178 0.0142638 -0.0294784 1.11155 0.0141802 -0.620049 -0.189505 0.761201
179 0.0110602 -0.0287891 1.11249 0.012864 -0.626548 -0.187807 0.756307
180 0.00794718 -0.0280835 1.11319 0.0111142 -0.63279 -0.186291 0.751498
181 0.00530836 -0.0274855 1.11379 0.00942012 -0.639037 -0.184804 0.746585
182 0.00267121 -0.0268878 1.11438 0.00839627 -0.645546 -0.183149 0.741388
183 -0.00239556 -0.0257395 1.11552 0.00641278 -0.659325 -0.180542 0.729831
184 -0.00466089 -0.0252025 1.11583 0.00682391 -0.66658 -0.179111 0.723563
185 -0.00760077 -0.0245055 1.11623 0.00672841 -0.673467 -0.178414 0.717332
186 -0.0109779 -0.0256285 1.12395 0.00604112 -0.679966 -0.178933 0.711051
187 -0.0127715 -0.025194 1.12409 0.00531415 -0.686297 -0.179299 0.704855
188 -0.016084 -0.0263413 1.13159 0.00391264 -0.692319 -0.180744 0.698578
189 -0.0177497 -0.0278874 1.13896 0.00273639 -0.698214 -0.18288 0.69213
190 -0.0178444 -0.0278628 1.13896 0.00402722 -0.70444 -0.183876 0.68552
191 -0.0203092 -0.0291751 1.14606 0.0055391 -0.710689 -0.184267 0.678923
192 -0.016605 -0.024815 1.15493 0.00543252 -0.716263 -0.185315 0.672753
193 -0.0167874 -0.0247662 1.15493 0.00496198 -0.721522 -0.186222 0.666861
194 -0.0187496 -0.0263601 1.16211 0.00479595 -0.726844 -0.18638 0.661013
195 -0.0193843 -0.0261904 1.16209 0.00439789 -0.731863 -0.186309 0.655474
196 -0.0159134 -0.0217679 1.17141 0.0036346 -0.736706 -0.186077 0.650098
197 -0.0161424 -0.0217036 1.17139 0.00274127 -0.741701 -0.186211 0.644358
198 -0.0165355 -0.0215931 1.17136 0.00239683 -0.746373 -0.18578 0.639067
199 -0.0130052 -0.0172866 1.18088 0.00185044 -0.750947 -0.184925 0.633939
200 -0.0135803 -0.017125 1.18083 0.000484792 -0.755362 -0.184491 0.628801
201 -0.0137829 -0.0170657 1.1808 -0.000461762 -0.759784 -0.183874 0.623633
202 -0.0139729 -0.0170101 1.18077 -0.000971989 -0.764079 -0.183058 0.618605
203 -0.0141037 -0.0169718 1.18075 -0.00137014 -0.768421 -0.181955 0.613531
204 -0.0160474 -0.0186078 1.18782 -0.00160314 -0.77256 -0.180724 0.608677
205 -0.0159133 -0.0186479 1.18785 -0.00214884 -0.776583 -0.179462 0.603911
206 -0.0155811 -0.0187473 1.18792 -0.00197249 -0.780849 -0.177629 0.598931
207 -0.0166655 -0.0184229 1.18769 -0.00217863 -0.785054 -0.174756 0.594261
208 -0.0178946 -0.0180552 1.18744 -0.00303371 -0.788929 -0.172354 0.58981
209 -0.0184638 -0.0178865 1.18729 -0.00433842 -0.792592 -0.171136 0.585227
210 -0.0187177 -0.0178112 1.18722 -0.00551641 -0.796015 -0.170217 0.580823
211 -0.018649 -0.0178316 1.18724 -0.00667151 -0.799312 -0.168974 0.576631
212 -0.01921 -0.0176653 1.18709 -0.00763164 -0.802773 -0.16723 0.572303
213 -0.0195607 -0.0175613 1.187 -0.00850675 -0.805833 -0.165989 0.568339
214 -0.0192169 -0.0176657 1.18712 -0.00933044 -0.808658 -0.164984 0.564593
215 -0.0191624 -0.0176822 1.18713 -0.00965799 -0.811533 -0.163356 0.560924
216 -0.0254576 -0.0233177 1.18364 -0.00990568 -0.814571 -0.161684 0.556986
217 -0.022928 -0.0219678 1.1767 -0.0100854 -0.817631 -0.159999 0.552973
218 -0.0185126 -0.0233081 1.17815 -0.00861384 -0.820153 -0.160479 0.54911
219 -0.0239104 -0.0216696 1.17638 -0.0103942 -0.823808 -0.155415 0.545049
220 -0.0240202 -0.0216368 1.17634 -0.00953225 -0.826665 -0.153409 0.541294
221 -0.0237818 -0.021708 1.17643 -0.00822781 -0.829288 -0.151735 0.537765
222 -0.0280482 -0.0259359 1.16548 -0.00702086 -0.831636 -0.149776 0.534696
223 -0.0286099 -0.0257681 1.16525 -0.00654867 -0.833999 -0.147345 0.531689
224 -0.0283549 -0.0258443 1.16535 -0.00673578 -0.836455 -0.1451 0.528435
225 -0.0285849 -0.0257755 1.16526 -0.00638257 -0.839196 -0.142635 0.524752
226 -0.0290794 -0.0256371 1.16503 -0.00625439 -0.841865 -0.14041 0.521065
227 -0.03591 -0.0312556 1.16067 -0.00569078 -0.844411 -0.137902 0.517611
228 -0.0352428 -0.0294567 1.1528 -0.00525434 -0.846521 -0.13527 0.514856
229 -0.0357164 -0.0293241 1.15258 -0.00547962 -0.848281 -0.13326 0.512476
230 -0.0361234 -0.0292102 1.15239 -0.0057764 -0.850282 -0.131028 0.509725
231 -0.04105 -0.0333761 1.14073 -0.00538966 -0.852217 -0.12871 0.50708
232 -0.0416737 -0.0332015 1.14044 -0.00435953 -0.854128 -0.126097 0.504525
233 -0.042411 -0.0330132 1.14004 -0.00307041 -0.855693 -0.123423 0.502541
234 -0.0416568 -0.0313672 1.13201 -0.0017074 -0.857 -0.121244 0.500847
235 -0.0488668 -0.0370453 1.12712 2.1797e-05 0.858117 0.119388 -0.499382
236 -0.0498463 -0.0367951 1.1266 -0.00095676 0.859138 0.117271 -0.498124
237 -0.0565006 -0.042615 1.122 -0.00404954 0.861083 0.113472 -0.495625
238 -0.0617191 -0.0469631 1.10974 -0.00589598 0.862277 0.110724 -0.49415
239 -0.061065 -0.0471301 1.11009 -0.00809807 0.863593 0.108002 -0.49242
240 -0.0617088 -0.0469952 1.10972 -0.0104527 0.864972 0.104256 -0.490759
241 -0.0695495 -0.0528216 1.10414 -0.012958 0.866273 0.100392 -0.489209
242 -0.0683032 -0.051371 1.09626 -0.0151614 0.86721 0.0968113 -0.488206
243 -0.0757792 -0.0572738 1.09089 -0.017007 0.868092 0.0932717 -0.487264
244 -0.0772177 -0.0569724 1.09006 -0.0180357 0.868757 0.0899584 -0.486666
245 -0.0848037 -0.0628522 1.08462 -0.0180448 0.869608 0.0871265 -0.485659
246 -0.0852231 -0.0627643 1.08438 -0.0184301 0.870611 0.0839278 -0.48441
247 -0.0908819 -0.0678992 1.07119 -0.0191011 0.871622 0.080431 -0.483158
248 -0.0919019 -0.0677446 1.07057 -0.0204069 0.872543 0.076827 -0.482028
249 -0.0928123 -0.0676066 1.07002 -0.0213282 0.873457 0.0734503 -0.480856
250 -0.0992778 -0.0740721 1.06507 -0.0223298 0.874576 0.0700891 -0.479276
251 -0.104707 -0.0792417 1.05202 -0.0238835 0.875939 0.0662828 -0.47725
252 -0.104917 -0.0792099 1.05189 -0.0258482 0.877244 0.0630938 -0.475178
253 -0.109913 -0.0844452 1.03911 -0.0278696 0.878693 0.0598993 -0.472794
254 -0.115464 -0.090003 1.02589 -0.0301964 0.880107 0.0562439 -0.470465
255 -0.116401 -0.0899143 1.02528 -0.0324429 0.881411 0.0528064 -0.468267
256 -0.117504 -0.0898099 1.02456 -0.0344761 0.882807 0.0493584 -0.465862
257 -0.123872 -0.0964409 1.01947 -0.0363869 0.884084 0.0468595 -0.463546
258 -0.12507 -0.0963276 1.01868 -0.0374674 0.885357 0.0448453 -0.461224
259 -0.129909 -0.101953 1.00593 -0.0384318 0.886867 0.0421351 -0.458492
260 -0.131761 -0.101863 1.00462 -0.0402131 0.888479 0.0389379 -0.455491
261 -0.136572 -0.108061 0.991121 -0.0417962 0.889865 0.0364344 -0.452842
262 -0.138565 -0.107964 0.989715 -0.0429056 0.891365 0.0345194 -0.449928
263 -0.140657 -0.107863 0.98824 -0.043797 0.893112 0.032426 -0.446521
264 -0.146181 -0.114026 0.974235 -0.0453957 0.894965 0.0294912 -0.442841
265 -0.148799 -0.113899 0.972388 -0.047263 0.896467 0.0275929 -0.439717
266 -0.152072 -0.113867 0.969857 -0.0481552 0.897844 0.0268283 -0.43685
267 -0.154586 -0.112978 0.958487 -0.0491726 0.8994 0.0254387 -0.433606
268 -0.157788 -0.120397 0.954978 -0.0507407 0.900923 0.0235756 -0.430357
269 -0.161074 -0.120364 0.952436 -0.052587 0.902093 0.0213712 -0.427792
270 -0.16282 -0.119483 0.941661 -0.0535448 0.903082 0.0197144 -0.425662
271 -0.166363 -0.119448 0.93892 -0.0535888 0.904416 0.0186941 -0.422861
272 -0.169045 -0.118558 0.927421 -0.0536056 0.905969 0.0165376 -0.41961
273 -0.172453 -0.118524 0.924786 -0.05419 0.907588 0.0146544 -0.416093
274 -0.174561 -0.118575 0.922966 -0.0547241 0.908914 0.0136211 -0.413153
275 -0.177065 -0.117926 0.910958 -0.055175 0.910328 0.0127782 -0.409995
276 -0.18032 -0.118006 0.908148 -0.0557988 0.911688 0.0113876 -0.406918
277 -0.183431 -0.118082 0.905463 -0.057014 0.912864 0.00983629 -0.404143
278 -0.185261 -0.117416 0.894036 -0.0580174 0.913927 0.00899257 -0.40161
279 -0.188558 -0.117497 0.891191 -0.0581805 0.914954 0.00863683 -0.399249
280 -0.190103 -0.116824 0.88001 -0.0583927 0.916154 0.00796629 -0.396469
281 -0.193685 -0.116911 0.876918 -0.0585509 0.917584 0.00737837 -0.393138
282 -0.197705 -0.117092 0.873074 -0.058857 0.919221 0.00704168 -0.389254
283 -0.20102 -0.117241 0.869904 -0.0585091 0.920981 0.0070091 -0.385124
284 -0.20357 -0.116703 0.856582 -0.0582849 0.922857 0.00722503 -0.380638
285 -0.206991 -0.116857 0.85331 -0.0580121 0.924695 0.00747247 -0.376189
286 -0.210293 -0.117006 0.850153 -0.0570202 0.926538 0.00767825 -0.371775
287 -0.212169 -0.116437 0.837475 -0.0556587 0.928441 0.00769693 -0.367205
288 -0.216553 -0.116608 0.832786 -0.0535899 0.93051 0.00820148 -0.362232
289 -0.221487 -0.1168 0.827509 -0.05165 0.932329 0.00850953 -0.357803
290 -0.227845 -0.109151 0.821973 -0.0498814 0.93416 0.00771841 -0.353268
291 -0.233472 -0.10937 0.815954 -0.0487852 0.935946 0.00777766 -0.34866
292 -0.237442 -0.109524 0.811708 -0.0475397 0.937532 0.00908829 -0.344515
293 -0.24411 -0.109784 0.804577 -0.0455395 0.939079 0.00952664 -0.340539
294 -0.24997 -0.109904 0.79755 -0.0441963 0.94062 0.00904775 -0.33645
295 -0.25967 -0.110691 0.797904 -0.0432749 0.942143 0.00885775 -0.332287
296 -0.266457 -0.103143 0.790874 -0.0428715 0.943606 0.00900469 -0.328159
297 -0.272682 -0.103271 0.78341 -0.0426677 0.944966 0.0101095 -0.324216
298 -0.282848 -0.104068 0.783205 -0.0415841 0.946394 0.0115386 -0.320118
299 -0.289403 -0.104202 0.775346 -0.0402286 0.947846 0.0123926 -0.315935
300 -0.292195 -0.103599 0.759165 -0.0387497 0.949223 0.0137072 -0.311908
301 -0.306135 -0.104867 0.76549 -0.0368213 0.950625 0.0148306 -0.307794
302 -0.312705 -0.104888 0.756727 -0.0357414 0.952035 0.0157583 -0.303484
303 -0.322827 -0.105532 0.755686 -0.0354808 0.953385 0.0170054 -0.29918
304 -0.32968 -0.105554 0.746547 -0.035483 0.954719 0.0184994 -0.294806
305 -0.340196 -0.1062 0.74498 -0.0358144 0.95618 0.0193419 -0.289936
306 -0.350873 -0.106667 0.742463 -0.0365321 0.957579 0.0195148 -0.285178
307 -0.35671 -0.106497 0.733735 -0.0376019 0.958842 0.0199107 -0.280734
308 -0.366906 -0.0995161 0.733014 -0.038133 0.960066 0.021222 -0.27635
309 -0.372901 -0.0993411 0.724049 -0.0383465 0.961296 0.0226111 -0.271898
310 -0.382864 -0.0998297 0.722601 -0.0382577 0.962634 0.02288 -0.267113
311 -0.393018 -0.100313 0.720865 -0.0382669 0.963927 0.0231204 -0.262386
312 -0.398496 -0.100048 0.711572 -0.0374772 0.965272 0.0237573 -0.257452
313 -0.399056 -0.0990661 0.695905 -0.0363507 0.966788 0.0240857 -0.251831
314 -0.417279 -0.093605 0.710406 -0.0355274 0.968246 0.024763 -0.24622
315 -0.428185 -0.094034 0.706617 -0.0354406 0.969605 0.0258895 -0.240709
316 -0.430795 -0.0864604 0.703458 -0.0357804 0.970661 0.0270754 -0.236228
317 -0.43553 -0.0860938 0.694339 -0.0355445 0.971568 0.0291783 -0.232252
318 -0.443824 -0.079146 0.695926 -0.034778 0.972371 0.030928 -0.228756
319 -0.452357 -0.0796166 0.695712 -0.0337368 0.973179 0.0315807 -0.22536
320 -0.457096 -0.0792497 0.686585 -0.0326682 0.973906 0.0319339 -0.222306
321 -0.465079 -0.0797629 0.687432 -0.0316885 0.974536 0.0328084 -0.219542
322 -0.468075 -0.072094 0.683001 -0.0302717 0.975131 0.0343636 -0.216845
323 -0.4728 -0.0717282 0.673901 -0.0293538 0.975823 0.0353895 -0.213671
324 -0.483082 -0.0720634 0.67032 -0.0289932 0.976534 0.036233 -0.210302
325 -0.487492 -0.0714376 0.660609 -0.0286525 0.977141 0.0374339 -0.207299
326 -0.494103 -0.0645832 0.665449 -0.0281791 0.977723 0.038712 -0.204364
327 -0.498114 -0.0640141 0.656617 -0.0275823 0.978138 0.0396266 -0.202273
328 -0.50267 -0.0633677 0.646586 -0.0270277 0.978403 0.0407596 -0.200837
329 -0.501156 -0.0620754 0.631831 -0.0261769 0.978611 0.0418416 -0.19971
330 -0.513615 -0.0558984 0.641884 -0.0254341 0.978824 0.0429878 -0.198518
331 -0.518415 -0.0552174 0.631316 -0.0249855 0.979023 0.0442044 -0.197322
332 -0.52243 -0.0546478 0.622477 -0.0245753 0.979139 0.0457782 -0.196438
333 -0.526647 -0.0540496 0.613193 -0.0246798 0.979279 0.046867 -0.195468
334 -0.528799 -0.0463205 0.60976 -0.0253822 0.979312 0.0480298 -0.194929
335 -0.532568 -0.0457859 0.601463 -0.0252966 0.979134 0.0511543 -0.195037
336 -0.536348 -0.0452495 0.59314 -0.0252035 0.979075 0.0535809 -0.194695
337 -0.54669 -0.0452894 0.588459 -0.0252842 0.979157 0.0552881 -0.193791
338 -0.549987 -0.0448216 0.581199 -0.0250467 0.979329 0.0571129 -0.192421
339 -0.559034 -0.0447861 0.578894 -0.0245032 0.979556 0.0579055 -0.191091
340 -0.562231 -0.0439254 0.571152 -0.0239902 0.979846 0.0578857 -0.189673
341 -0.566171 -0.0428648 0.561613 -0.0243622 0.980109 0.0578227 -0.18828
342 -0.564098 -0.0410232 0.547036 -0.0248569 0.980182 0.0581665 -0.187729
343 -0.574206 -0.0407017 0.542159 -0.0246424 0.980177 0.0595881 -0.187339
344 -0.574574 -0.0455901 0.520269 -0.024139 0.980263 0.0608035 -0.186562
345 -0.580627 -0.0389734 0.526614 -0.0241531 0.980434 0.061156 -0.185543
346 -0.581766 -0.0436541 0.502857 -0.0240564 0.980573 0.0610658 -0.184848
347 -0.581878 -0.0362369 0.503988 -0.0239833 0.980618 0.0614058 -0.184504
348 -0.585956 -0.0351392 0.494116 -0.0232604 0.980587 0.0620905 -0.184532
349 -0.590104 -0.0340224 0.484071 -0.0223845 0.980517 0.063075 -0.184678
350 -0.587854 -0.0322284 0.469922 -0.021375 0.980483 0.0639811 -0.18467
351 -0.591982 -0.0311172 0.459928 -0.0203355 0.980459 0.0653259 -0.184442
352 -0.595721 -0.0301108 0.450877 -0.0193697 0.980465 0.0665216 -0.184087
353 -0.598814 -0.029278 0.443386 -0.018277 0.98058 0.0673445 -0.183285
354 -0.601952 -0.0284333 0.435789 -0.0175766 0.980759 0.0671612 -0.182459
355 -0.605338 -0.0275218 0.427591 -0.0167607 0.980977 0.0670194 -0.181415
356 -0.608202 -0.026751 0.420658 -0.0153527 0.981323 0.0668435 -0.179725
357 -0.610898 -0.0260252 0.41413 -0.0142486 0.981813 0.0658893 -0.177481
358 -0.60885 -0.0241767 0.399491 -0.0139052 0.982243 0.0646277 -0.175579
359 -0.615767 -0.0173274 0.403744 -0.0132107 0.98254 0.0651747 -0.173759
360 -0.612123 -0.0159087 0.39297 -0.0118774 0.982949 0.0668408 -0.170889
361 -0.61489 -0.014865 0.385326 -0.0110802 0.983512 0.0676869 -0.167329
362 -0.618185 -0.0136218 0.376221 -0.0108311 0.984169 0.0680805 -0.163274
363 -0.614377 -0.0120486 0.364729 -0.010952 0.984723 0.0692377 -0.159394
364 -0.616355 -0.0113022 0.359262 -0.0108434 0.985284 0.0700808 -0.155519
365 -0.625396 -0.0109012 0.356295 -0.0112486 0.985904 0.0691755 -0.151929
366 -0.622607 -0.00894354 0.341987 -0.0120966 0.986487 0.0681514 -0.148499
367 -0.619051 -0.00727531 0.329799 -0.0122055 0.987043 0.0691617 -0.144272
368 -0.621086 -0.00633027 0.323057 -0.012347 0.987645 0.0701583 -0.13958
369 -0.62283 -0.00552061 0.317282 -0.0124671 0.988269 0.0706761 -0.134809
370 -0.627068 -0.0113765 0.30203 -0.0122479 0.988963 0.0704667 -0.129759
371 -0.62239 -0.00967825 0.290162 -0.0119876 0.989695 0.0692458 -0.124763
372 -0.624415 -0.00873821 0.283456 -0.0114334 0.990414 0.0680697 -0.119648
373 -0.633659 -0.0083164 0.280201 -0.0109941 0.991168 0.0660195 -0.114486
374 -0.63597 -0.00701801 0.270439 -0.0107236 0.991889 0.0634377 -0.109625
375 -0.636486 0.0014995 0.269604 -0.00988315 0.992397 0.0625934 -0.105513
376 -0.639314 -0.0051384 0.256307 -0.00846913 0.992817 0.0622836 -0.101803
377 -0.641585 -0.00386244 0.246713 -0.00727062 0.993315 0.0598896 -0.0984142
378 -0.642476 0.00486563 0.244295 -0.00689481 0.993798 0.0584274 -0.0943597
379 -0.646105 -0.00132252 0.227616 -0.0067226 0.994207 0.0585674 -0.089875
380 -0.629576 -0.000736312 0.223068 -0.0067226 0.994207 0.0585674 -0.089875
381 -0.649361 0.000768241 0.209892 -0.00578998 0.994927 0.0574721 -0.0823588
382 -0.650661 0.00160313 0.202815 -0.00436278 0.995218 0.0573791 -0.0789243
383 -0.660462 0.00229632 0.196728 -0.00301054 0.995553 0.0569684 -0.074971
384 -0.661801 0.00315613 0.189439 -0.00186013 0.995865 0.056213 -0.0713474
385 -0.663446 0.00421251 0.180484 -0.0010582 0.996124 0.05559 -0.0681525
386 -0.666027 -0.0025972 0.1653 -0.000441115 0.99638 0.0552907 -0.0645737
387 -0.666795 -0.00193959 0.159415 9.18586e-05 0.996673 0.0542866 -0.0608015
388 -0.676445 -0.00117817 0.153098 -2.5401e-05 0.996936 0.0527792 -0.0577384
389 -0.678269 -0.00836095 0.138586 -0.000203412 0.997164 0.0515454 -0.0548395
390 -0.687624 -0.00785097 0.13452 -1.77599e-05 0.997344 0.0507067 -0.0522856
391 -0.688561 -0.00704953 0.127347 -0.000168316 0.997546 0.0488887 -0.0501246
392 -0.690366 -0.0142482 0.112978 0.00026306 0.997692 0.0472708 -0.0487378
393 -0.691259 -0.0134848 0.106146 0.00086159 0.997833 0.0458896 -0.0471439
394 -0.700828 -0.012792 0.100444 0.00174824 0.997963 0.0447288 -0.045455
395 -0.70259 -0.0200283 0.0864107 0.00225014 0.998051 0.0433151 -0.0448632
396 -0.711932 -0.0195287 0.0824377 0.00248683 0.998194 0.0412313 -0.0436159
397 -0.713197 -0.0184466 0.0727537 0.00241433 0.998361 0.0388065 -0.0419886
398 -0.713855 -0.0178361 0.0649462 0.00185393 0.998474 0.0377309 -0.0402858
399 -0.722824 -0.0173973 0.0602234 0.00162743 0.998585 0.0372206 -0.0379552
400 -0.723992 -0.0248931 0.0465186 0.00147364 0.998754 0.0351187 -0.0354336
401 -0.724582 -0.0243447 0.0395059 0.00101254 0.998899 0.0336299 -0.032689
402 -0.733568 -0.0238909 0.0345912 0.00113494 0.999036 0.0317207 -0.0303365
403 -0.734197 -0.0233069 0.027124 0.00134987 0.999182 0.0289585 -0.0281781
404 -0.734777 -0.0227681 0.0202336 0.000761791 0.999345 0.025929 -0.0252438
405 -0.735726 -0.0304662 0.00911634 -0.000507126 0.999428 0.0245527 -0.0232307
406 -0.73621 -0.0300171 0.00337362 -0.00117124 0.99953 0.0217548 -0.0215544
407 -0.736503 -0.0297226 -0.0033945 -0.00139201 0.999607 0.019596 -0.0199897
408 -0.736802 -0.0294209 -0.0103264 -0.00140471 0.999665 0.018445 -0.0180881
409 -0.73703 -0.0291919 -0.0155884 -0.00082259 0.99971 0.0177268 -0.0162768
410 -0.737463 -0.0372774 -0.0262559 -0.000423448 0.999777 0.0154599 -0.0143448
411 -0.746266 -0.0370333 -0.0321403 -0.000614994 0.999829 0.0132666 -0.0128391
412 -0.746544 -0.0367533 -0.0385729 -0.000532872 0.999867 0.0115939 -0.0114362
413 -0.746841 -0.0364551 -0.0454258 1.38743e-05 0.999894 0.0105849 -0.0100247
414 -0.747136 -0.036158 -0.0522529 0.00118802 0.99991 0.0102342 -0.00856281
415 -0.747439 -0.0358524 -0.0592749 0.00274262 0.999932 0.00912117 -0.00676602
416 -0.747871 -0.0439387 -0.069924 0.00460269 0.999949 0.00790773 -0.00420309
417 -0.756747 -0.0436222 -0.0774727 0.0055447 0.999964 0.00628743 -0.00134798
418 -0.756771 -0.0435062 -0.0866808 0.00565307 0.999977 0.00375102 0.000727847
419 -0.756792 -0.0434075 -0.094521 0.00518039 0.999984 0.000452124 0.00211994
420 -0.756907 -0.0514122 -0.104086 0.00472076 0.999983 -0.000989222 0.00323494
421 -0.756931 -0.0512973 -0.113217 0.00445135 0.999983 -0.00241438 0.00295206
422 -0.756952 -0.0511954 -0.12131 0.00422219 0.99998 -0.00364753 0.00304078
423 -0.756979 -0.0510701 -0.131262 0.00397161 0.999975 -0.00505695 0.00293824
424 -0.757004 -0.0509463 -0.14109 0.00316138 0.999961 -0.00803836 0.00184982
425 -0.757028 -0.0508318 -0.150187 0.00154878 0.999951 -0.0098139 0.000429106
426 -0.757051 -0.0507207 -0.159011 -9.97567e-05 0.999946 -0.0103043 -0.00114404
427 -0.75708 -0.0505838 -0.169882 -0.00166195 0.999938 -0.0104035 -0.00352501
428 -0.757106 -0.0504567 -0.179977 -0.00298523 0.999923 -0.0110086 -0.00496015
429 -0.757222 -0.0584578 -0.189836 -0.00382966 0.999913 -0.0113059 -0.00555031
430 -0.757252 -0.0583136 -0.201284 -0.0038152 0.999904 -0.0114654 -0.00672335
431 -0.757278 -0.0581912 -0.211011 -0.00343624 0.999888 -0.0126958 -0.00708
432 -0.757306 -0.0580561 -0.221735 -0.0033748 0.999864 -0.0142968 -0.00753401
433 -0.757331 -0.0579347 -0.231376 -0.00290796 0.999839 -0.0153443 -0.00888718
434 -0.635546 -0.0674504 -0.228452 -0.00243017 0.998219 -0.0158632 -0.0574537
435 -0.636745 -0.0677846 -0.238838 -0.00230448 0.99814 -0.0182384 -0.0581316
436 -0.637813 -0.0680822 -0.248087 -0.00326711 0.998035 -0.0209561 -0.0589607
437 -0.639017 -0.0685147 -0.258254 -0.00472101 0.997908 -0.0224903 -0.0604306
438 -0.631743 -0.0689123 -0.269208 -0.00654372 0.997757 -0.0241514 -0.0620848
439 -0.632797 -0.0693306 -0.277667 -0.00782926 0.997643 -0.026254 -0.0629103
440 -0.625417 -0.0696786 -0.287505 -0.00911009 0.997491 -0.0283902 -0.0642078
441 -0.626334 -0.0700422 -0.294858 -0.0096697 0.997335 -0.0310173 -0.0653284
442 -0.627098 -0.0703453 -0.300989 -0.0101269 0.997187 -0.0329648 -0.0665561
443 -0.628061 -0.0707272 -0.308711 -0.0100517 0.997051 -0.0339996 -0.0680575
444 -0.629351 -0.0713881 -0.318156 -0.0100779 0.99699 -0.0339921 -0.068945
445 -0.630354 -0.0719018 -0.325497 -0.0100886 0.996965 -0.0339891 -0.069305
446 -0.631637 -0.072559 -0.334888 -0.00975204 0.997035 -0.0324246 -0.069098
447 -0.632663 -0.0730845 -0.342397 -0.00983821 0.996983 -0.0330894 -0.0695276
448 -0.633346 -0.0734343 -0.347397 -0.0101135 0.996906 -0.0339819 -0.070149
