# width:480 height:360 psr bound:50 mu:0.8
1 0 0 0 0 0 0 1
62 0.159375 0.01875 -0.0107808 -0.00408871 0.139407 0.0582708 0.988511
93 0.266148 0.0383135 -0.0780737 -0.00419572 0.273502 0.119816 0.954371
168 0.184513 -0.0335119 -0.0406457 0.0518354 0.145355 0.0642047 0.985932
197 0.132913 -0.0392487 -0.0414437 0.0444138 0.00413441 0.0135496 0.998913
227 0.0647583 -0.0425398 -0.0250433 0.0333431 -0.138088 -0.0388294 0.989097
260 -0.0306162 0.00038465 -0.0522369 0.0163165 -0.275014 -0.0952376 0.956572
304 -0.0995313 0.0797703 -0.126084 -0.0263629 -0.396604 -0.152541 0.904843
389 -0.11283 -0.0658963 -0.12425 0.0731871 -0.3167 -0.0802424 0.942288
418 -0.0461231 -0.0639487 -0.0786714 0.0582081 -0.176091 -0.0434798 0.981689
448 -0.0341752 -0.0118181 -0.038974 0.0292796 -0.0374607 0.00254494 0.998866
527 0.0457375 -0.237176 0.68513 -0.0368481 0.0817146 0.0681799 0.993638
553 0.151434 -0.25591 0.750103 -0.0418757 0.219947 0.128852 0.966057
592 0.305196 -0.366717 0.787166 0.0261041 0.315867 0.133728 0.938969
646 0.224618 -0.457314 0.886982 0.0776807 0.240045 0.0799346 0.964342
676 0.105782 -0.49774 0.938521 0.0701439 0.0980134 0.0410067 0.991863
716 -0.0519008 -0.497691 0.98184 0.0592296 -0.0474865 -0.00387389 0.997107
769 -0.118962 -0.42815 1.01917 -0.0150957 -0.165993 -0.0638886 0.983939
833 -0.0846632 0.0427392 1.19837 0.0155154 -0.275037 -0.114361 0.954482
879 -0.0560234 0.271507 1.18559 -0.0243169 -0.222268 -0.0767227 0.971658
886 -0.0663393 0.281235 1.17244 -0.0284788 -0.228946 -0.0849864 0.969304
894 -0.0785399 0.291552 1.16366 -0.0284277 -0.255682 -0.100173 0.961137
899 -0.0704851 0.297955 1.16812 -0.0285869 -0.27952 -0.108846 0.953522
907 -0.0828355 0.300844 1.15934 -0.0261479 -0.31649 -0.126122 0.93981
913 -0.0909037 0.302613 1.17029 -0.02449 -0.34341 -0.139691 0.928416
917 -0.0953218 0.303037 1.18641 -0.0227492 -0.358587 -0.148347 0.921353
920 -0.0895866 0.307398 1.20268 -0.0216037 -0.37046 -0.154761 0.91561
924 -0.0964173 0.308966 1.21005 -0.0231542 -0.388651 -0.160313 0.907036
928 -0.0986732 0.31027 1.20353 -0.0236154 -0.405539 -0.166995 0.898384
931 -0.103146 0.310567 1.21587 -0.021264 -0.419687 -0.172166 0.890937
933 -0.0898997 0.313466 1.20665 -0.0206085 -0.429907 -0.177263 0.885061
935 -0.0756596 0.317914 1.18212 -0.0182042 -0.441011 -0.180623 0.87895
937 -0.077829 0.316453 1.19853 -0.0149773 -0.452456 -0.182528 0.872779
942 -0.0807253 0.317159 1.20071 -0.00605375 -0.479448 -0.185526 0.857714
947 -0.0875519 0.317407 1.21253 0.00152433 -0.501965 -0.189719 0.843822
956 -0.102467 0.302285 1.23862 0.00643734 -0.539951 -0.19607 0.818516
985 -0.128724 0.294633 1.2147 0.0184931 -0.656834 -0.208619 0.724365
994 -0.128962 0.292538 1.22128 0.0247727 -0.689719 -0.209265 0.692735
1003 -0.132607 0.282342 1.21036 0.0370567 -0.716602 -0.19914 0.667422
1079 -0.140291 0.159923 1.16073 0.154952 -0.712344 -0.106506 0.676175
1123 -0.113526 0.133708 1.25633 0.153471 -0.600602 -0.0920062 0.779268
1155 -0.0598987 0.0603876 1.33673 0.144452 -0.47646 -0.0771358 0.863811
1192 -0.00573049 0.0730937 1.37956 0.144283 -0.339005 -0.0585359 0.92781
1223 0.0403822 0.0849347 1.40093 0.139954 -0.195119 -0.0240386 0.970445
1262 0.135653 0.0563855 1.40326 0.18544 -0.0533525 -3.89903e-05 0.981206
1293 0.547962 -0.00393856 1.39218 0.184771 -0.00633768 0.0229741 0.982493
1323 0.587297 -0.145379 1.35704 0.0719375 0.0921837 0.0528601 0.991732
1368 0.532943 -0.47054 1.34475 -0.0492692 0.171634 0.104213 0.978394
1396 0.347357 -0.571971 1.41274 -0.0526165 0.300804 0.17875 0.935306
1421 0.294063 -0.677827 1.57719 -0.0377996 0.421805 0.245781 0.87192
1445 0.246019 -0.777908 1.73155 -0.0191393 0.537805 0.292102 0.790617
1479 0.350604 -0.846318 1.86237 0.0255767 0.652414 0.26923 0.707967
