# width:480 height:360 psr bound:50 mu:0.8
1 0 0 0 0 0 0 1
121 -0.909375 0 0.167253 -0.0282061 0.269096 0.00593244 0.962682
201 -1.11563 0.0143354 1.19042 -0.0338878 0.595359 0.0175045 0.802554
# 341 -0.101262 -0.101906 2.50931 0.055625 0.626366 -0.0674549 0.774611
# 426 0.0775308 -0.0689891 2.87393 -0.00446108 0.936696 -0.0625617 0.344479
486 0.723294 -0.00616739 2.57751 0.00166863 0.99905 -0.037305 -0.0224765
556 0.83629 -0.0160614 1.91728 -0.0206194 0.943856 -0.0467195 -0.326386
656 0.547153 -0.00546259 0.9554 -0.0139206 -0.714193 0.0196461 0.699534
736 -0.175068 -0.207104 0.830929 0.0775112 -0.441286 0.0839502 0.890062
791 -0.557933 -0.344768 1.03694 0.266966 -0.343255 0.130185 0.891043
821 -0.597765 -0.267934 1.10535 0.212902 -0.290966 0.0753427 0.929696
