# width:480 height:360 psr bound
1 0 0 0 0 0 0 1
75 0.075 0.00833333 0.248632 -0.00515439 -0.0387119 -0.0652667 0.997103
90 0.121229 0.00295506 0.383213 -0.0115459 -0.0962835 -0.113511 0.988793
105 0.143026 -0.0276276 0.542282 0.00063284 -0.159182 -0.151939 0.975487
118 0.155825 -0.0466889 0.655975 0.0249574 -0.231942 -0.162551 0.958727
129 0.169444 -0.0576284 0.774374 0.0387894 -0.300621 -0.1788 0.93603
140 0.186952 -0.0583353 0.879626 0.0348762 -0.38201 -0.191305 0.903468
150 0.158048 -0.0543788 0.943075 0.0319246 -0.453573 -0.189745 0.8702
160 0.104788 -0.0479515 1.02218 0.0315541 -0.518521 -0.192745 0.83246
172 0.0460025 -0.0394533 1.08873 0.0231363 -0.583962 -0.199287 0.78659
182 0.0197416 -0.0235452 1.11807 0.0063029 -0.645597 -0.185069 0.740888
190 0.00532162 -0.0184547 1.14463 0.00176972 -0.704486 -0.185621 0.685012
200 0.00339454 -0.0133384 1.18367 -0.00192827 -0.755412 -0.186043 0.628281
212 -0.00173524 -0.0140085 1.19027 -0.00975341 -0.802672 -0.169188 0.571837
228 -0.0165643 -0.0252285 1.15879 -0.00727628 -0.846373 -0.137468 0.514493
248 -0.0778025 -0.066392 1.07674 -0.0183139 0.872514 0.0789321 -0.481823
260 -0.117626 -0.0998899 1.01119 -0.0380654 0.88855 0.0409333 -0.455363
263 -0.126607 -0.10592 0.994608 -0.0416306 0.893201 0.0344012 -0.446402
284 -0.186989 -0.119033 0.871921 -0.056007 0.923025 0.00901977 -0.380536
300 -0.285367 -0.0996501 0.787507 -0.0362879 0.949351 0.015394 -0.311735
315 -0.410731 -0.0885569 0.720141 -0.0328402 0.969674 0.0273916 -0.24063
349 -0.564516 -0.0275204 0.486845 -0.0196302 0.980524 0.0644551 -0.184481
355 -0.578421 -0.0202214 0.431193 -0.0140054 0.980963 0.0683868 -0.181212
375 -0.610651 0.00310579 0.264678 -0.00714745 0.992367 0.0637299 -0.105332
400 -0.696906 -0.0039945 0.0587519 0.00432574 0.998716 0.0360541 -0.0353257
451 -0.702897 -0.0319917 -0.384718 -0.00291724 0.998972 -0.0385082 -0.0237347
452 -0.703175 -0.0324455 -0.390581 -0.00214077 0.99886 -0.0406403 -0.0249454
453 -0.703641 -0.033209 -0.39993 -0.00185209 0.998786 -0.0418848 -0.02585
454 -0.712512 -0.0341144 -0.410103 -0.00185209 0.998786 -0.0418848 -0.0258511
455 -0.713063 -0.0350111 -0.420757 -0.00185209 0.998786 -0.0418848 -0.0258511
456 -0.713418 -0.0355879 -0.427609 -0.00206403 0.998685 -0.04393 -0.0263325
457 -0.713924 -0.0364361 -0.437213 -0.00178023 0.998612 -0.0453889 -0.0266723
458 -0.714357 -0.0371766 -0.445328 -0.00164299 0.998488 -0.0482755 -0.0262496
459 -0.71483 -0.0380503 -0.454328 -0.00250114 0.998382 -0.0505403 -0.0259319
460 -0.715299 -0.0389699 -0.463369 -0.00298569 0.998311 -0.0520399 -0.0256716
487 -0.794076 -0.0894118 -0.699394 -0.0140095 0.99422 -0.102117 -0.0300334
508 -0.79679 -0.076288 -0.857954 -0.00335233 0.991775 -0.121765 0.0392901
509 -0.796099 -0.0784059 -0.866446 -0.00165444 0.991411 -0.123424 0.0432137
520 -0.736492 -0.0809031 -0.963868 0.0135037 0.989259 -0.13206 0.0611939
528 -0.693612 -0.0835719 -1.02127 0.0234133 0.988455 -0.124726 0.0827807
535 -0.686547 -0.0726329 -1.06068 0.0328055 0.987473 -0.110937 0.1073
536 -0.685928 -0.0733173 -1.06356 0.033143 0.987255 -0.109442 0.110684
540 -0.681313 -0.0630577 -1.08158 0.0337397 0.986746 -0.0991745 0.123928
544 -0.779414 -0.0495174 -1.09644 0.0354801 0.984636 -0.0934424 0.143183
546 -0.836614 -0.0449593 -1.10254 0.0352079 0.983377 -0.0879599 0.154894
548 -0.833841 -0.0319134 -1.10925 0.0372288 0.981912 -0.0825535 0.166278
551 -0.90696 -0.0261681 -1.12061 0.0380821 0.979433 -0.0776214 0.182306
557 -1.02826 -0.0160646 -1.13892 0.0398965 0.97477 -0.0688903 0.208531
561 -1.08217 -0.0116048 -1.1503 0.0372566 0.972444 -0.0628398 0.221394
564 -1.12035 -0.008997 -1.16211 0.0353834 0.970675 -0.0578304 0.23063
565 -1.12757 -0.00861475 -1.16534 0.0345102 0.970049 -0.0562006 0.233787
575 -1.13887 0.0142887 -1.19466 0.0404232 0.960875 -0.035442 0.271714
579 -1.13143 0.0294281 -1.205 0.0407066 0.956249 -0.0259148 0.288547
582 -1.1259 0.0366702 -1.21247 0.0371222 0.952648 -0.0198478 0.301147
585 -1.12203 0.0438026 -1.21722 0.0346703 0.94915 -0.0125719 0.312657
604 -1.12178 0.0813656 -1.22652 0.0330955 0.92561 0.0223827 0.376365
622 -1.09923 0.109439 -1.23635 0.0328407 0.89507 0.0399448 0.442917
644 -0.960935 0.10501 -1.22474 0.0308424 0.859419 0.031433 0.509372
720 -0.296663 0.164331 -1.37728 -0.00867221 0.866786 0.0920988 0.490025
736 -0.123531 0.155656 -1.31191 -0.00195115 0.899497 0.106829 0.423662
757 0.0187653 0.152572 -1.25429 -0.0111804 0.927648 0.119681 0.353582
770 0.11224 0.149364 -1.24239 0.00241456 0.946071 0.148689 0.287811
797 0.208947 0.109259 -1.26332 0.00521905 0.942927 0.0801692 0.323163
816 0.257109 0.100742 -1.2282 0.00152143 0.91734 0.0628306 0.393112
833 0.253326 0.10551 -1.18089 -0.0190339 0.887061 0.0967401 0.451001
849 0.200184 0.113098 -1.14121 -0.0411806 0.850521 0.107236 0.513243
862 0.150493 0.122296 -1.09803 -0.0515826 0.80935 0.105608 0.575447
887 -0.0640757 0.08701 -0.927157 -0.0386296 0.770801 0.0736602 0.631623
898 -0.143993 0.0663144 -0.883964 -0.0270527 0.721831 0.0694379 0.688045
912 -0.249684 0.062547 -0.878695 -0.0260276 0.667056 0.0624027 0.741933
958 -0.345225 0.0380351 -0.877796 0.0206829 0.642343 0.0238291 0.765767
959 -0.343995 0.0380338 -0.877579 0.0206829 0.642343 0.0238291 0.765767
960 -0.342562 0.0384407 -0.883871 0.0206829 0.642343 0.0238291 0.765767
961 -0.341158 0.0384392 -0.883623 0.0206829 0.642343 0.0238291 0.765767
962 -0.340393 0.0384384 -0.883488 0.0217663 0.642872 0.0241644 0.765283
963 -0.339445 0.0384362 -0.883322 0.0226602 0.643438 0.0244525 0.764772
964 -0.338665 0.0384337 -0.883187 0.023533 0.644221 0.0243104 0.764091
