# width:480 height:360 psr bound:50 mu:0.8
1 0 0 0 0 0 0 1
103 0.133333 -0.00833333 0.523529 -0.00180863 -0.151089 -0.137361 0.978928
142 0.157272 -0.0475428 0.886443 0.0375697 -0.397353 -0.180808 0.898892
188 -0.0270127 -0.0171876 1.11955 0.00881721 -0.692176 -0.175524 0.700005
234 -0.150012 -0.458946 0.999066 -0.0693663 0.833183 0.228328 -0.498859
332 -0.629299 -0.351239 0.506151 -0.0565893 0.964446 0.170701 -0.193658
432 -0.877932 -0.130435 -0.304607 -0.0113928 0.993261 0.115005 -0.0087523
461 -1.43486 0.164847 -0.491031 -0.256351 0.96401 0.0692943 0.0129016
515 -1.4769 0.22634 -0.939954 -0.232025 0.966553 0.0194684 0.107517
525 -1.43881 0.252582 -1.01571 -0.219635 0.967326 0.0223919 0.124661
531 -1.43363 0.277499 -1.04798 -0.207289 0.967418 0.0392373 0.139982
538 -1.43494 0.30007 -1.07465 -0.198855 0.965626 0.0582061 0.156954
542 -1.44315 0.312718 -1.08861 -0.196172 0.963209 0.0698601 0.169896
546 -1.54955 0.275363 -1.11125 -0.191901 0.9595 0.0824031 0.189058
548 -1.55365 0.289378 -1.11434 -0.188257 0.957641 0.090304 0.198311
553 -1.55384 0.306694 -1.12754 -0.181896 0.95266 0.104977 0.219848
558 -1.54798 0.311005 -1.14111 -0.178973 0.947663 0.115854 0.237656
565 -1.64445 0.272994 -1.16698 -0.179867 0.940598 0.130989 0.256449
575 -1.66611 0.294424 -1.1911 -0.167505 0.929733 0.159389 0.286589
579 -1.66724 0.313367 -1.19671 -0.164141 0.923745 0.172176 0.300181
