# width:480 height:360 psr bound:50 mu:0.8
1 0 0 0 0 0 0 1
48 0.035 0.00875 -0.0364435 -0.00363364 0.0744176 0.01924 0.997035
68 0.0468524 0.0164326 -0.0538161 -0.00850687 0.148934 0.0353129 0.98818
89 0.0952844 0.0126124 -0.0903004 -0.0160404 0.222892 0.0467785 0.973588
134 0.353034 0.116111 -0.0737716 -0.0027859 0.288398 0.0517732 0.956106
183 0.590943 0.049317 0.162081 0.016823 0.222764 0.0219046 0.974481
302 0.558255 -0.102086 0.95584 0.0104434 0.151061 -0.00119499 0.988469
325 0.544463 -0.12548 1.09586 0.00662375 0.0786137 -0.0242203 0.996589
338 0.527824 -0.139129 1.17057 0.013055 0.00748751 -0.0483771 0.998716
347 0.506519 -0.151901 1.21085 0.015751 -0.030862 -0.0639242 0.997353
349 0.498828 -0.151285 1.22108 0.0153588 -0.0377471 -0.0675196 0.996885
350 0.498436 -0.151414 1.22613 0.0163238 -0.0411623 -0.0689165 0.996639
351 0.49812 -0.151515 1.22986 0.0179309 -0.0447258 -0.0700867 0.996376
354 0.489554 -0.150927 1.24417 0.0200492 -0.0575806 -0.0728962 0.995474
355 0.489083 -0.151053 1.24815 0.021288 -0.0615762 -0.0737116 0.995149
356 0.488435 -0.151225 1.25326 0.0216885 -0.0650892 -0.0745276 0.994856
357 0.487861 -0.151369 1.25754 0.0219128 -0.0681732 -0.0746117 0.994638
361 0.452382 -0.162586 1.28063 0.0278951 -0.0807149 -0.0767726 0.993385
363 0.508999 -0.172503 1.30133 0.0258599 -0.099546 -0.0773307 0.991686
364 0.500837 -0.171475 1.30425 0.0259661 -0.100984 -0.077362 0.991536
367 0.465603 -0.182214 1.31643 0.0275093 -0.106161 -0.0792866 0.990801
368 0.466331 -0.174892 1.31882 0.0318988 -0.109051 -0.0790273 0.990376
370 0.485791 -0.179032 1.33336 0.0309982 -0.119836 -0.079579 0.989114
372 0.497641 -0.181947 1.34698 0.0330246 -0.128314 -0.0812501 0.987848
373 0.496535 -0.182136 1.3511 0.0348611 -0.131591 -0.0824316 0.987256
374 0.488802 -0.180952 1.35135 0.0353094 -0.132481 -0.083227 0.987054
375 0.480317 -0.179891 1.3543 0.0354774 -0.134701 -0.0832515 0.986745
377 0.461539 -0.18525 1.36163 0.0346779 -0.143199 -0.082092 0.985674
378 0.45341 -0.184124 1.363 0.0349142 -0.146378 -0.0821254 0.985195
379 0.452349 -0.184285 1.36644 0.034698 -0.149454 -0.0827767 0.984687
380 0.450804 -0.18451 1.37135 0.0342255 -0.15287 -0.0842974 0.98405
383 0.426353 -0.180992 1.37501 0.0339451 -0.16272 -0.0891047 0.982054
384 0.425319 -0.181112 1.37801 0.0347072 -0.167114 -0.0900324 0.981205
386 0.415663 -0.180006 1.3832 0.034833 -0.175571 -0.0918052 0.979558
387 0.41445 -0.180131 1.38644 0.0347011 -0.179809 -0.0929311 0.978687
388 0.413099 -0.180261 1.38995 0.0342798 -0.183608 -0.0940716 0.977887
390 0.403057 -0.179069 1.3954 0.0345698 -0.193212 -0.0961322 0.975824
391 0.401458 -0.179196 1.39925 0.0345787 -0.198047 -0.0974543 0.974723
392 0.400307 -0.17928 1.40194 0.0349685 -0.202423 -0.0975008 0.973805
393 0.398976 -0.179375 1.40498 0.034303 -0.207131 -0.0979723 0.97279
413 0.306774 -0.19327 1.47356 0.0310862 -0.279761 -0.114499 0.952711
426 0.241992 -0.208996 1.52558 0.0330931 -0.353707 -0.134258 0.925079
440 0.193472 -0.210294 1.55545 0.0376239 -0.423232 -0.138857 0.894526
460 0.0965456 -0.200608 1.58046 0.0250861 -0.491477 -0.135997 0.85984
480 0.0293891 -0.182092 1.59927 -0.0154043 -0.546148 -0.145754 0.824767
495 0.0208564 -0.183693 1.62713 -0.0274431 -0.602781 -0.171111 0.77886
508 0.0112068 -0.183966 1.64638 -0.0185327 -0.663523 -0.176681 0.726758
525 -0.00499049 -0.147797 1.62251 -0.00736428 -0.717724 -0.18184 0.672125
530 -0.0118927 -0.12603 1.57928 0.0116347 -0.726863 -0.192163 0.659248
539 -0.0281708 -0.114366 1.45106 0.0116347 -0.726863 -0.192163 0.659248
561 -0.123963 -0.157389 1.40152 0.0365557 -0.773544 -0.185563 0.604864
581 -0.19027 -0.14863 1.32003 0.0356513 -0.81951 -0.193773 0.53813
598 -0.258883 -0.122227 1.21735 -0.0399267 0.858183 0.202802 -0.469892
611 -0.343683 -0.11552 1.15048 -0.0389837 0.891036 0.206329 -0.402447
626 -0.447153 -0.123334 1.08062 -0.0306325 0.918415 0.213086 -0.331919
631 -0.477592 -0.309124 1.00451 -0.0452873 0.910567 0.253214 -0.323571
660 -0.614267 -0.295974 0.820421 -0.0404658 0.929679 0.267315 -0.250206
678 -0.696632 -0.264475 0.673439 -0.0315338 0.946091 0.270138 -0.175907
721 -0.721549 -0.160997 0.324391 -0.0337563 0.955313 0.275647 -0.10127
750 -0.779036 -0.126461 0.12461 -0.035541 0.971208 0.232313 -0.0390243
783 -0.749007 -0.0842361 -0.0300053 -0.0303653 0.974506 0.219334 0.0361762
808 -0.734375 -0.0484862 -0.122836 -0.018054 0.969232 0.217579 0.113679
824 -0.751398 -0.0154474 -0.197841 -0.0141889 0.959571 0.207974 0.189127
843 -0.731007 0.0260326 -0.288544 -0.0116511 0.940728 0.211853 0.2646
868 -0.64363 0.0663339 -0.430723 -0.00236811 0.917936 0.206125 0.338971
892 -0.551359 0.105248 -0.547987 0.00224909 0.887622 0.207296 0.411278
904 -0.474982 0.12293 -0.613063 0.00145084 0.849942 0.194258 0.489755
920 -0.387829 0.135407 -0.656911 0.00510178 0.810347 0.186296 0.555523
939 -0.246962 0.142021 -0.68751 0.00831138 0.768228 0.167907 0.617709
956 -0.125743 0.152881 -0.70298 0.00993377 0.717905 0.166227 0.67593
972 -0.00958588 0.163609 -0.710662 0.0142075 0.667362 0.147107 0.729921
986 0.086023 0.165897 -0.703608 0.00981853 0.611668 0.135784 0.779313
1008 0.231242 0.141208 -0.66082 0.00434174 0.555608 0.11123 0.823959
1028 0.343143 0.125368 -0.600251 0.0066119 0.490237 0.10116 0.865673
1043 0.432128 0.107138 -0.551775 0.000704496 0.42768 0.0742955 0.900872
1057 0.499249 0.0886103 -0.500722 0.00203077 0.357748 0.0559329 0.932139
1071 0.540292 0.0602032 -0.44481 0.0102496 0.309551 0.0338687 0.950224
1097 0.59221 0.000316566 -0.309884 0.0201282 0.242557 0.00812385 0.969894
1123 0.632447 -0.0553621 -0.134613 0.038541 0.171572 -0.00831754 0.984382
1172 0.673717 -0.161867 0.15288 0.0725751 0.105176 -0.0131161 0.991715
