# width:480 height:360 psr bound:50 mu:0.8
1 0 0 0 0 0 0 1
40 0.028125 0.009375 0.00664553 -0.00174036 0.0491072 0.0182484 0.998625
53 0.141265 0.0135021 -0.00437133 -0.00552328 0.0955043 0.0405909 0.994586
63 0.166075 0.0223936 -0.0175858 -0.00389442 0.144119 0.0616147 0.987633
73 0.200028 0.0268071 -0.0383916 -0.00637258 0.192982 0.0835482 0.977618
83 0.235885 0.0396852 -0.0742678 -0.00684263 0.2388 0.104363 0.96542
97 0.269215 0.0479765 -0.109338 -0.00310573 0.284554 0.125038 0.950465
129 0.296021 -0.00313847 -0.130135 0.0447641 0.293672 0.110468 0.948446
142 0.270259 -0.0171055 -0.110002 0.0537025 0.245325 0.0980778 0.962971
156 0.227837 -0.0226061 -0.0761232 0.0543613 0.195225 0.0838617 0.975653
168 0.182154 -0.0249117 -0.0556868 0.0517238 0.145365 0.0653946 0.985859
178 0.162823 -0.0282084 -0.0470178 0.0483079 0.0955168 0.0459946 0.993191
188 0.139933 -0.0297324 -0.050546 0.0473172 0.0475101 0.0307532 0.997275
198 0.133372 -0.031061 -0.0408114 0.0436316 -0.00129142 0.0123112 0.998971
209 0.115848 -0.0332211 -0.0210938 0.039002 -0.0513183 -0.00204646 0.997918
218 0.114464 -0.0342682 -0.00771772 0.0364628 -0.102193 -0.018657 0.993921
229 0.0508536 -0.0313776 -0.0207695 0.0324742 -0.146527 -0.0415106 0.987802
239 0.0156764 -0.0119443 -0.0167336 0.0315711 -0.19351 -0.0610377 0.978689
250 -0.00708188 0.000219061 -0.0267728 0.0252021 -0.240542 -0.0782704 0.967149
263 -0.0425935 0.0156418 -0.0467567 0.0146833 -0.286792 -0.0961846 0.953039
276 -0.0791921 0.0415147 -0.0745925 0.00338722 -0.338123 -0.120023 0.933411
295 -0.0902061 0.0797341 -0.0994508 -0.015584 -0.377508 -0.137745 0.915572
310 -0.110694 0.103817 -0.135879 -0.0290642 -0.416208 -0.159671 0.894668
324 -0.127994 0.112063 -0.166164 -0.0199084 -0.460079 -0.170871 0.871054
345 -0.155885 0.0561417 -0.185135 0.0235951 -0.460687 -0.144923 0.875333
364 -0.165108 0.00234597 -0.178754 0.0569543 -0.434055 -0.117593 0.891361
374 -0.152811 -0.0308431 -0.147637 0.0655699 -0.388418 -0.10167 0.913507
384 -0.130567 -0.0485822 -0.11697 0.0714114 -0.341203 -0.0859281 0.933326
394 -0.102921 -0.0555044 -0.0978898 0.0720142 -0.293496 -0.0715299 0.950556
403 -0.0817014 -0.0576003 -0.0975308 0.0701185 -0.246497 -0.0612647 0.96466
413 -0.0591415 -0.0532748 -0.0779651 0.0615191 -0.199677 -0.0464928 0.976823
424 -0.0337126 -0.0475183 -0.0620352 0.0514294 -0.150775 -0.0340473 0.986642
436 -0.00967215 -0.023204 -0.0373977 0.0421471 -0.100667 -0.0175718 0.993872
444 -0.0345782 -0.0140782 -0.0384947 0.0332025 -0.052927 -0.00116018 0.998046
460 -0.0245925 0.0063039 0.022499 0.00702836 -0.0117292 0.0134184 0.999816
513 0.0149472 -0.202086 0.612923 -0.027889 0.0201428 0.0324845 0.99888
523 0.0274067 -0.223732 0.672396 -0.0328508 0.0628733 0.0598854 0.995681
533 0.0621339 -0.225769 0.696678 -0.0413135 0.110882 0.0831359 0.989488
542 0.10067 -0.232511 0.723231 -0.0458244 0.157333 0.103412 0.981047
550 0.130406 -0.240044 0.736847 -0.0452029 0.204235 0.125958 0.969732
561 0.185726 -0.260887 0.758507 -0.0435192 0.251067 0.141608 0.956566
577 0.258956 -0.302938 0.777461 -0.0180459 0.293806 0.145783 0.94451
592 0.300149 -0.351384 0.777688 0.025611 0.315672 0.135137 0.938847
609 0.312899 -0.378987 0.793338 0.0613609 0.345505 0.119546 0.928747
629 0.288188 -0.420955 0.828162 0.0757948 0.300967 0.102392 0.945087
643 0.233601 -0.429895 0.867573 0.0775905 0.252851 0.0849421 0.960641
653 0.193055 -0.44705 0.887147 0.0742962 0.204162 0.0719316 0.97346
662 0.160263 -0.462167 0.905991 0.0707287 0.155209 0.0598313 0.983528
674 0.114153 -0.469581 0.924203 0.0686632 0.105805 0.0441479 0.991031
685 0.0717259 -0.465383 0.933165 0.0700964 0.0550296 0.0341318 0.995436
698 0.0216804 -0.470181 0.945202 0.0665555 0.0052265 0.0183622 0.9976
714 -0.0422976 -0.474038 0.956639 0.0606855 -0.0418322 -0.000542096 0.99728
730 -0.107412 -0.466188 0.965847 0.0446178 -0.0873543 -0.0205484 0.994965
752 -0.144334 -0.430167 0.97892 0.00799605 -0.118974 -0.0398868 0.992064
768 -0.119771 -0.405654 1.00046 -0.0135505 -0.162474 -0.0590858 0.984849
779 -0.08594 -0.375216 1.01839 -0.0226352 -0.20415 -0.089323 0.974593
794 -0.0601262 -0.299791 1.03502 -0.0146756 -0.249471 -0.10749 0.962286
871 -0.0562367 0.269279 1.17261 -0.00826477 -0.228126 -0.078563 0.970422
896 -0.0701637 0.315408 1.13882 -0.0300754 -0.265952 -0.105786 0.957692
906 -0.0839963 0.318497 1.13167 -0.0267752 -0.313122 -0.125688 0.940978
912 -0.0963642 0.321967 1.12381 -0.025856 -0.339756 -0.139 0.929826
915 -0.0988205 0.322002 1.13771 -0.0242027 -0.351125 -0.146044 0.924552
917 -0.101824 0.322691 1.14123 -0.0234329 -0.359045 -0.150021 0.920886
920 -0.0960933 0.327035 1.15751 -0.022305 -0.370918 -0.156421 0.915125
923 -0.101624 0.329072 1.15405 -0.0231147 -0.384608 -0.160679 0.908694
926 -0.0985383 0.331883 1.18886 -0.024046 -0.397412 -0.164849 0.902392
929 -0.0988737 0.331965 1.18918 -0.0235002 -0.410536 -0.170201 0.895511
931 -0.1019 0.332722 1.19193 -0.0220489 -0.420133 -0.173769 0.890396
933 -0.0886313 0.335569 1.18273 -0.0214087 -0.430353 -0.178853 0.884505
935 -0.0743473 0.339959 1.15821 -0.0190223 -0.441459 -0.182199 0.878383
937 -0.0765361 0.338508 1.17461 -0.015815 -0.452906 -0.184088 0.872202
942 -0.0794286 0.339225 1.17679 -0.00693894 -0.479908 -0.18705 0.857118
947 -0.0862655 0.339501 1.18861 0.000601515 -0.502434 -0.191211 0.843207
956 -0.101264 0.32444 1.21468 0.00545137 -0.540416 -0.197508 0.81787
967 -0.109948 0.326445 1.21876 0.0110392 -0.583574 -0.20311 0.786172
977 -0.11821 0.323502 1.2123 0.0135907 -0.625473 -0.208522 0.751743
987 -0.120932 0.32149 1.19725 0.0195936 -0.665352 -0.209231 0.716342
996 -0.123965 0.315339 1.1734 0.0262024 -0.696287 -0.209012 0.686157
1006 -0.124022 0.308894 1.14935 0.0376478 -0.725627 -0.195158 0.658758
1021 -0.123685 0.291575 1.11445 0.0534361 -0.756648 -0.171384 0.628693
1038 -0.129959 0.247493 1.09149 0.093316 -0.767099 -0.143709 0.618222
1059 -0.130099 0.211086 1.07878 0.134998 -0.754112 -0.119537 0.631507
1075 -0.130358 0.19523 1.09843 0.152915 -0.720961 -0.110168 0.666855
1092 -0.123715 0.180722 1.13693 0.157703 -0.686445 -0.0982439 0.703044
1106 -0.114025 0.169634 1.168 0.158005 -0.650058 -0.0901752 0.737785
1120 -0.101608 0.158971 1.19898 0.154552 -0.609931 -0.0928193 0.771675
1132 -0.0902549 0.148048 1.22948 0.148568 -0.570345 -0.0933003 0.802452
1142 -0.0721463 0.12201 1.25184 0.148284 -0.527455 -0.0883578 0.831863
1153 -0.053369 0.0859769 1.2785 0.143584 -0.483808 -0.0789364 0.859699
1166 -0.0306735 0.0856688 1.30605 0.143358 -0.436887 -0.0753875 0.884814
1178 -0.0141447 0.09886 1.31997 0.146283 -0.389404 -0.0655351 0.907012
1191 0.00150509 0.104139 1.33155 0.144903 -0.343344 -0.0606513 0.92598
1201 0.00214626 0.104361 1.33085 0.138463 -0.29454 -0.052811 0.944079
1213 0.0205917 0.111105 1.339 0.137544 -0.244308 -0.040901 0.959022
1223 0.0424478 0.111122 1.33807 0.13946 -0.194384 -0.0257831 0.970619
1234 0.0774747 0.108098 1.34893 0.15081 -0.147114 -0.0121766 0.977479
1247 0.114537 0.0986561 1.35096 0.163218 -0.0978421 -0.000134791 0.981726
1262 0.143068 0.0835022 1.34264 0.185196 -0.0527549 -0.00183476 0.981283
1276 0.169704 0.0700691 1.33124 0.20549 -0.00400125 -0.000108557 0.978651
1289 0.18724 0.0632767 1.325 0.191597 0.0485868 0.00196381 0.980268
1298 0.195118 0.0562771 1.32033 0.167715 0.0962759 0.0158592 0.980995
1311 0.212031 0.0170038 1.30635 0.132155 0.131931 0.035714 0.981761
1320 0.22301 -0.056136 1.28371 0.0873476 0.155392 0.0426798 0.983058
1332 0.236595 -0.188121 1.24909 0.0414066 0.173336 0.0570661 0.982336
1346 0.228554 -0.331877 1.2396 -0.0103936 0.178958 0.0785381 0.980662
1362 0.198999 -0.394115 1.25618 -0.0351631 0.219145 0.0953415 0.970386
1374 0.140273 -0.440248 1.29271 -0.0417783 0.264673 0.116105 0.956411
1384 0.0586023 -0.481354 1.33148 -0.0408248 0.301213 0.149654 0.940855
1393 0.00819518 -0.505196 1.3604 -0.0391396 0.347298 0.173189 0.920792
1401 -0.00782066 -0.527641 1.39639 -0.034865 0.389679 0.190934 0.900266
1408 -0.0156657 -0.556634 1.44898 -0.0353322 0.435528 0.209036 0.874855
1418 -0.02515 -0.605291 1.52608 -0.0240076 0.471601 0.238089 0.848723
1427 -0.0331833 -0.641845 1.58151 -0.0133963 0.510704 0.255354 0.820851
1435 -0.0461015 -0.671466 1.64061 -0.00541955 0.549381 0.271409 0.790246
1443 -0.0539276 -0.70865 1.69659 0.00171715 0.586128 0.288707 0.757033
1452 -0.0536601 -0.736762 1.74852 0.012497 0.623082 0.293658 0.724829
1464 -0.0147492 -0.75306 1.7948 0.024294 0.660359 0.28713 0.693464
1476 0.0511303 -0.778802 1.82347 0.0407442 0.696568 0.270187 0.663424
1496 0.113121 -0.826579 1.8355 0.0583794 0.729386 0.257409 0.631133
