# width:480 height:360 psr bound:50 mu:0.8
1 0 0 0 0 0 0 1
26 -0.0525 0 -0.00648592 -0.00421301 0.0137512 -0.00386871 0.999889
32 -0.0984873 0.000307722 -0.0114972 -0.00446638 0.0277987 -0.000592839 0.999603
39 -0.172218 0.00033107 -0.0165998 -0.00567821 0.0421292 0.0025564 0.999093
48 -0.23433 9.19922e-05 -0.00690274 -0.00944108 0.0536784 -0.00253427 0.99851
53 -0.269892 0.000320813 -0.0024668 -0.00577947 0.0581714 -0.00359822 0.998283
61 -0.34814 0.00112935 0.0225325 -0.00786324 0.0744627 0.000345903 0.997193
65 -0.39183 0.00121499 0.0332125 -0.0121547 0.0889843 0.00764019 0.99593
70 -0.436178 0.000456706 0.0337748 -0.0155053 0.102322 0.00758325 0.994602
75 -0.463962 -0.0174014 0.0250054 -0.014913 0.112987 -0.00160967 0.993483
80 -0.486296 -0.0268736 0.00814549 -0.00670562 0.126984 -0.00199026 0.99188
83 -0.515381 -0.0268438 0.00557376 -0.00685971 0.140766 0.00112178 0.990019
86 -0.552697 -0.0269592 0.00854997 -0.00844485 0.156158 0.0051594 0.987682
89 -0.598264 -0.0274733 0.0132345 -0.00939089 0.167888 0.0112668 0.985697
93 -0.634603 -0.0283271 0.0178729 -0.0118236 0.18041 0.0148888 0.983408
98 -0.685809 -0.0297508 0.0343843 -0.0153461 0.194443 0.0169327 0.980648
103 -0.730621 -0.0220519 0.0640047 -0.0159919 0.2087 0.0163153 0.977713
109 -0.760625 -0.0139823 0.0831654 -0.0186165 0.223999 0.020086 0.974205
113 -0.783169 -0.014186 0.114952 -0.0230313 0.240658 0.0241401 0.970036
117 -0.808186 -0.0147846 0.140711 -0.0249819 0.255327 0.0276185 0.966137
121 -0.838207 -0.0156246 0.174291 -0.0280259 0.269632 0.0260116 0.962204
125 -0.856223 -0.0239457 0.209851 -0.0252778 0.284118 0.0275824 0.958059
129 -0.886344 -0.0244096 0.257526 -0.0256801 0.301497 0.027958 0.952711
132 -0.902581 -0.0248396 0.278968 -0.0266966 0.314394 0.0309477 0.948412
135 -0.922777 -0.0254288 0.30903 -0.0257648 0.331504 0.0345115 0.94247
138 -0.937711 -0.0260849 0.331335 -0.0245896 0.344818 0.0387639 0.937546
140 -0.954411 -0.0272018 0.351203 -0.0276184 0.356361 0.0417058 0.933008
143 -0.98113 -0.0291068 0.383748 -0.0290205 0.371844 0.0461724 0.926692
146 -1.00092 -0.030467 0.423273 -0.026868 0.387649 0.0476398 0.920183
149 -1.01171 -0.0313384 0.447634 -0.0283866 0.400178 0.0482057 0.914729
153 -1.02595 -0.0323612 0.489751 -0.0302654 0.415992 0.0503959 0.907466
156 -1.03629 -0.0331311 0.523707 -0.0321291 0.42854 0.0562384 0.901199
159 -1.0409 -0.0333574 0.561842 -0.0318431 0.442534 0.0607332 0.894126
162 -1.03941 -0.0330485 0.593655 -0.031227 0.457641 0.0608767 0.886501
165 -1.04202 -0.0334218 0.631649 -0.0306029 0.471053 0.0580581 0.87966
169 -1.04677 -0.0340977 0.687025 -0.0302525 0.484323 0.0555619 0.872599
174 -1.04433 -0.0420382 0.745346 -0.0282962 0.496346 0.0564205 0.865827
181 -1.04188 -0.0422695 0.822097 -0.034131 0.507391 0.053943 0.859349
185 -1.03842 -0.0415973 0.879704 -0.0372739 0.519865 0.0538868 0.851732
188 -1.02941 -0.0482994 0.920433 -0.0392701 0.533579 0.0553559 0.843023
191 -1.02426 -0.0554589 0.967383 -0.0377706 0.547193 0.0554182 0.834316
194 -1.01794 -0.0544925 1.01445 -0.0343967 0.561855 0.0540398 0.824752
197 -1.01609 -0.0626233 1.05839 -0.0373362 0.576152 0.0580237 0.814425
200 -1.0164 -0.0629816 1.10997 -0.0337651 0.590014 0.059989 0.804453
203 -1.00979 -0.0626726 1.14613 -0.0328293 0.601774 0.0627099 0.795524
208 -0.989287 -0.0695076 1.21057 -0.0345898 0.614076 0.0629028 0.785976
212 -0.963065 -0.0750817 1.25857 -0.0319789 0.627081 0.0582178 0.776117
216 -0.931088 -0.0804386 1.30771 -0.0231106 0.636544 0.0525479 0.769101
220 -0.894564 -0.0860523 1.34822 -0.0140425 0.646929 0.0461542 0.761023
224 -0.85641 -0.0928025 1.38866 -0.00687213 0.658394 0.0413475 0.751505
228 -0.815123 -0.108725 1.42772 0.00624128 0.665237 0.0367096 0.745703
231 -0.785473 -0.117544 1.44858 0.0141237 0.667992 0.0256352 0.743593
235 -0.747397 -0.127719 1.47977 0.0192811 0.672867 0.0132691 0.739393
240 -0.695439 -0.146534 1.5096 0.0296805 0.677212 0.00164205 0.735188
244 -0.656363 -0.166813 1.54629 0.0371852 0.685986 -0.00739781 0.726626
247 -0.626077 -0.169893 1.57364 0.0453713 0.695228 -0.0111765 0.717268
250 -0.594252 -0.173774 1.60081 0.051175 0.706814 -0.0102679 0.705471
253 -0.57174 -0.177217 1.62629 0.0526713 0.717277 -0.00838516 0.694744
257 -0.529377 -0.191498 1.65839 0.0558725 0.727117 -0.00624698 0.684207
260 -0.498774 -0.195867 1.68204 0.0583662 0.736369 -0.0102806 0.67398
265 -0.446273 -0.202971 1.71059 0.056553 0.745792 -0.0131439 0.663644
271 -0.358547 -0.205504 1.74142 0.0592779 0.752991 -0.0223322 0.654974
277 -0.281247 -0.215702 1.76311 0.0603555 0.759028 -0.0324527 0.647441
284 -0.194361 -0.22821 1.79006 0.0641443 0.764577 -0.0414578 0.639991
301 -0.0771804 -0.223741 1.91009 0.0559526 0.769648 -0.0329042 0.635161
308 -0.0560868 -0.228081 1.98867 0.0533195 0.777055 -0.0228804 0.626753
318 -0.0494203 -0.224541 2.11225 0.0533318 0.771437 -0.011601 0.633961
321 -0.0551155 -0.225315 2.13883 0.052252 0.760455 -0.0128351 0.647157
323 -0.0602235 -0.225678 2.15653 0.0518093 0.750121 -0.0139761 0.65912
325 -0.0632564 -0.226182 2.17329 0.0511534 0.737863 -0.0144554 0.672854
327 -0.0641013 -0.226844 2.18884 0.0503047 0.723817 -0.01454 0.688003
329 -0.0674971 -0.227263 2.20402 0.0498908 0.710416 -0.0152576 0.701845
331 -0.0715271 -0.2276 2.21864 0.0487641 0.697779 -0.014905 0.714496
333 -0.0756914 -0.227937 2.23312 0.0486926 0.684957 -0.0148579 0.726803
335 -0.0766644 -0.228588 2.24766 0.0498605 0.672093 -0.0147349 0.738639
337 -0.0777086 -0.229259 2.26177 0.0523566 0.657288 -0.0174884 0.751615
339 -0.0804687 -0.229374 2.26855 0.0546979 0.643414 -0.0204682 0.763287
341 -0.0858031 -0.229578 2.28158 0.0556253 0.629606 -0.0219308 0.77461
343 -0.0893658 -0.229964 2.29445 0.0562128 0.616418 -0.0217096 0.78511
345 -0.0946491 -0.230158 2.30645 0.0602604 0.602077 -0.0232178 0.795822
347 -0.0990699 -0.230503 2.31862 0.0611544 0.590777 -0.0237083 0.804164
349 -0.102833 -0.230991 2.3314 0.0632938 0.577883 -0.0241236 0.813304
354 -0.10423 -0.232399 2.35207 0.0627853 0.56613 -0.024661 0.821551
361 -0.106586 -0.2286 2.39415 0.0584746 0.555915 -0.0220033 0.828888
372 -0.105771 -0.227787 2.47386 0.0552416 0.56894 -0.0167291 0.820351
375 -0.105348 -0.229374 2.49534 0.0484836 0.58485 -0.0135091 0.809578
376 -0.104507 -0.23037 2.51009 0.0440387 0.596994 -0.013001 0.800931
378 -0.10323 -0.231277 2.5248 0.0401664 0.609683 -0.0130775 0.791519
380 -0.0960046 -0.232213 2.53381 0.0381398 0.621818 -0.0126086 0.782131
382 -0.0897908 -0.232996 2.54208 0.0371321 0.634702 -0.0119545 0.771772
384 -0.0856435 -0.23359 2.54968 0.0383268 0.648132 -0.0123843 0.760462
386 -0.0800925 -0.234295 2.55731 0.040453 0.663338 -0.0144896 0.747085
388 -0.0732917 -0.234843 2.55811 0.0402673 0.681228 -0.0150425 0.730808
390 -0.0639575 -0.235587 2.55875 0.0392036 0.697441 -0.0165332 0.715378
392 -0.0602564 -0.235881 2.55884 0.0378638 0.713895 -0.0167127 0.699029
393 -0.0599493 -0.235905 2.55884 0.0373412 0.723073 -0.0163161 0.689569
395 -0.0534314 -0.236396 2.55852 0.0368861 0.739545 -0.0143712 0.671942
397 -0.0494846 -0.236678 2.55814 0.0372347 0.755623 -0.0124101 0.65383
399 -0.03978 -0.237341 2.55671 0.035199 0.770913 -0.0125189 0.635843
401 -0.0306638 -0.237937 2.55494 0.0351691 0.786903 -0.0135331 0.615925
403 -0.0222297 -0.2385 2.55284 0.0334562 0.800359 -0.0145123 0.598411
405 -0.0104307 -0.239423 2.55781 0.0287378 0.815118 -0.014588 0.578398
406 -0.00531041 -0.239733 2.55601 0.0266822 0.822989 -0.0141991 0.567252
407 0.000437018 -0.240123 2.56251 0.0251809 0.831096 -0.0129679 0.555408
408 0.00886586 -0.240632 2.56781 0.0238756 0.838848 -0.0116841 0.543716
409 0.016479 -0.24107 2.5733 0.0233136 0.846518 -0.0115229 0.531725
410 0.0189458 -0.241191 2.57211 0.0232103 0.854491 -0.0108606 0.518834
411 0.0238893 -0.241478 2.57846 0.0223082 0.862866 -0.00900713 0.504859
412 0.0306034 -0.241835 2.58376 0.0214895 0.870736 -0.00720088 0.491229
413 0.0345764 -0.242071 2.5906 0.021223 0.878012 -0.00633688 0.478126
414 0.0390597 -0.234197 2.59768 0.0209606 0.884912 -0.00452872 0.465265
415 0.0451889 -0.234516 2.60332 0.0185961 0.890957 -0.00101991 0.453706
417 0.0544052 -0.234884 2.60691 0.0136156 0.901147 0.00273462 0.43329
418 0.0619356 -0.235129 2.61156 0.0102028 0.906626 0.00509805 0.42178
420 0.0732702 -0.235314 2.6129 0.0062546 0.915636 0.00366372 0.401943
421 0.0826585 -0.227093 2.61575 0.00287656 0.92316 0.00461515 0.384378
423 0.095948 -0.218768 2.61441 -0.000234908 0.929814 0.00571356 0.367984
425 0.11172 -0.21865 2.61008 -0.00383844 0.936044 0.00639617 0.351804
427 0.128599 -0.209851 2.60373 -0.00587037 0.941592 0.00512894 0.336666
429 0.147021 -0.200989 2.59463 -0.00655983 0.946391 0.00366104 0.322937
431 0.166017 -0.192136 2.58387 -0.00686904 0.951003 0.00460927 0.30907
434 0.200595 -0.182959 2.56519 -0.00410408 0.95684 0.00698609 0.290503
437 0.247447 -0.190902 2.54242 0.00148052 0.96107 0.00329549 0.276283
440 0.266036 -0.173626 2.51291 0.00845865 0.964299 -0.00315894 0.264662
442 0.302983 -0.174337 2.48413 0.00637068 0.968559 0.00260806 0.24869
445 0.335842 -0.174493 2.45895 0.00679678 0.972486 0.000731351 0.232862
448 0.357851 -0.166329 2.43428 0.00581031 0.976337 0.000164949 0.216177
450 0.373035 -0.15813 2.42163 0.00552636 0.979119 0.00216491 0.203199
453 0.399501 -0.15827 2.4025 0.00303248 0.982419 0.00407348 0.186618
457 0.443206 -0.149761 2.38496 0.00195916 0.98548 0.00867582 0.169561
460 0.477923 -0.149582 2.37308 0.00759708 0.987828 0.00854522 0.155128
463 0.503137 -0.14959 2.35731 0.0113369 0.99004 0.00764843 0.140119
465 0.52469 -0.149926 2.35175 0.00907742 0.992009 0.0108507 0.125375
467 0.545928 -0.150156 2.34777 0.00819758 0.99383 0.0131745 0.10982
469 0.566525 -0.140594 2.34626 0.00751074 0.995477 0.0180964 0.0929588
471 0.587379 -0.140567 2.33909 0.00501741 0.996805 0.0250302 0.0756844
473 0.598735 -0.139947 2.32549 0.00439051 0.997676 0.0281151 0.0619133
475 0.618105 -0.139643 2.31832 0.00456582 0.998464 0.0311303 0.0456109
477 0.637037 -0.139405 2.31263 0.00350665 0.998982 0.0329687 0.0306015
479 0.655207 -0.130611 2.31718 0.00108327 0.999248 0.0351433 0.0163381
481 0.673225 -0.130434 2.3144 -0.000941313 0.999281 0.0377258 0.00356852
484 0.700163 -0.129707 2.30556 -0.000595277 0.999121 0.039982 -0.0125824
487 0.717701 -0.128487 2.29038 0.00247257 0.99914 0.033659 -0.0240918
489 0.726335 -0.127784 2.27909 0.00290801 0.99873 0.0336173 -0.0374107
492 0.733562 -0.126085 2.25286 0.000210539 0.998034 0.0323135 -0.053707
495 0.731441 -0.115639 2.23349 -0.00688597 0.997174 0.0322809 -0.0674877
499 0.827602 -0.112055 2.19254 -0.00776301 0.994643 0.032357 -0.0978712
502 0.830905 -0.110025 2.16225 -0.00731333 0.993117 0.0324593 -0.112304
506 0.821815 -0.10747 2.12269 -0.00613821 0.991307 0.0326589 -0.127307
510 0.820934 -0.1049 2.08397 -0.000932058 0.989355 0.0298252 -0.142432
513 0.821286 -0.103089 2.05344 0.000652722 0.987202 0.024734 -0.157546
516 0.82333 -0.101978 2.03024 -0.000426527 0.984844 0.0191386 -0.172381
519 0.819746 -0.101582 2.02033 -0.00266741 0.982464 0.0163491 -0.185714
523 0.827239 -0.0916414 1.99064 -0.00893735 0.979042 0.0140376 -0.20298
526 0.83432 -0.0906644 1.96195 -0.0112819 0.975852 0.0159969 -0.217553
529 0.84897 -0.0892866 1.92995 -0.0130652 0.972054 0.0177006 -0.233725
532 0.85394 -0.0879998 1.90032 -0.014553 0.968521 0.0194733 -0.247743
535 0.864291 -0.0862607 1.86593 -0.0142701 0.964695 0.0208261 -0.262157
538 0.871111 -0.0842892 1.827 -0.0139877 0.960832 0.0210176 -0.275978
541 0.879251 -0.0824681 1.79178 -0.0154911 0.957132 0.0199766 -0.288546
545 0.885264 -0.0806004 1.75455 -0.020835 0.953156 0.0247683 -0.300744
550 0.883176 -0.087208 1.72109 -0.0231896 0.94838 0.0265855 -0.315169
552 0.885026 -0.0863912 1.70933 -0.0230397 0.945901 0.0252371 -0.322651
553 0.883983 -0.0863351 1.70799 -0.0229278 0.944434 0.0253395 -0.32692
554 0.886913 -0.085623 1.69793 -0.0218498 0.943059 0.025759 -0.330906
555 0.884856 -0.0855107 1.69536 -0.0210536 0.941982 0.0246471 -0.334094
556 0.882403 -0.0853848 1.69235 -0.0208143 0.940941 0.0223418 -0.337191
557 0.878842 -0.0852279 1.68802 -0.0207449 0.939786 0.0224092 -0.340396
558 0.87748 -0.0851684 1.68639 -0.0197558 0.938377 0.0233239 -0.34426
559 0.875236 -0.0850637 1.68375 -0.0188691 0.937103 0.0226297 -0.347807
560 0.873055 -0.0849659 1.68122 -0.0181025 0.935469 0.0220293 -0.352256
561 0.87169 -0.084907 1.67967 -0.0180211 0.933978 0.0220944 -0.356192
564 0.87898 -0.0832382 1.65129 -0.0182938 0.927671 0.0199381 -0.372416
565 0.880886 -0.082708 1.64155 -0.0181928 0.925379 0.0200275 -0.378077
566 0.882866 -0.0821844 1.63198 -0.0180875 0.923144 0.0201118 -0.383502
567 0.884638 -0.0816578 1.6223 -0.0179769 0.92089 0.0201969 -0.388883
568 0.88498 -0.0810889 1.61132 -0.0177286 0.918911 0.0210748 -0.393502
569 0.884708 -0.0804883 1.59985 -0.0172642 0.917068 0.0221229 -0.397743
570 0.885565 -0.0799156 1.58954 -0.0181065 0.915309 0.0213912 -0.401776
571 0.88608 -0.0793401 1.579 -0.0198699 0.913438 0.0200466 -0.405999
572 0.886241 -0.0787672 1.56822 -0.0211187 0.911417 0.0210743 -0.410401
573 0.883081 -0.0786783 1.56542 -0.0222499 0.909972 0.0213436 -0.413521
574 0.882227 -0.0780537 1.55419 -0.02345 0.908604 0.0205945 -0.416491
575 0.882527 -0.0774658 1.54403 -0.0243557 0.907152 0.0214089 -0.419552
576 0.881764 -0.0768317 1.53301 -0.0245697 0.905644 0.0231194 -0.422695
577 0.881629 -0.0761641 1.52233 -0.0244843 0.904032 0.0232003 -0.426132
578 0.881396 -0.0755133 1.5119 -0.0250999 0.902286 0.0233867 -0.429771
579 0.88108 -0.0669621 1.50214 -0.0250285 0.900926 0.023459 -0.432616
580 0.87967 -0.0662766 1.4909 -0.0249726 0.899919 0.0235118 -0.434705
581 0.878605 -0.0656017 1.47997 -0.0249145 0.898898 0.0235636 -0.436813
582 0.87898 -0.057073 1.47088 -0.0248421 0.897572 0.0236283 -0.439533
583 0.877333 -0.0563864 1.45961 -0.0239231 0.895947 0.0252191 -0.442798
584 0.875669 -0.0556574 1.44814 -0.0233422 0.894287 0.0259359 -0.446132
585 0.874335 -0.0549314 1.437 -0.0225479 0.892411 0.026831 -0.44986
586 0.873318 -0.0542076 1.42617 -0.0208763 0.890316 0.0288456 -0.453948
587 0.871501 -0.0601184 1.39418 -0.0164779 0.885632 0.0311055 -0.463051
588 0.870764 -0.0593866 1.3838 -0.0142422 0.88374 0.0306281 -0.466757
589 0.869192 -0.0586454 1.37291 -0.0123006 0.882323 0.029383 -0.469566
590 0.866665 -0.0579015 1.36144 -0.0113044 0.880904 0.0273691 -0.472368
591 0.864705 -0.0572385 1.3504 -0.0111853 0.878925 0.0273979 -0.476041
592 0.8626 -0.0565883 1.33959 -0.0106257 0.876603 0.0282439 -0.480267
593 0.860853 -0.0559457 1.3291 -0.0105177 0.874293 0.0291133 -0.48441
594 0.862223 -0.0548702 1.31131 -0.0108362 0.871875 0.030251 -0.488673
595 0.860352 -0.0542052 1.30115 -0.0107831 0.869644 0.0317118 -0.492543
596 0.857829 -0.0534827 1.29067 -0.0106532 0.867662 0.031733 -0.496027
597 0.856175 -0.0528099 1.28077 -0.0105042 0.865408 0.031757 -0.49995
598 0.852394 -0.0597296 1.26927 0.0103886 -0.863582 -0.0317754 0.5031
599 0.850033 -0.0590298 1.25909 0.010974 -0.861876 -0.0305988 0.506076
600 0.84704 -0.0583233 1.24861 0.0122188 -0.860356 -0.0301153 0.508656
601 0.844484 -0.057643 1.23843 0.0137787 -0.858643 -0.0299283 0.511514
602 0.841491 -0.0569418 1.22807 0.0151143 -0.857148 -0.0300569 0.51397
603 0.838882 -0.0562493 1.21796 0.0163919 -0.855708 -0.0300997 0.516323
604 0.836389 -0.0555554 1.20795 0.0174704 -0.853946 -0.0297426 0.519217
605 0.834234 -0.0548776 1.19818 0.0173853 -0.852419 -0.0297762 0.521721
606 0.83123 -0.0541711 1.18801 0.0172915 -0.850698 -0.0298178 0.524523
607 0.828568 -0.0534798 1.17807 0.0172182 -0.849381 -0.0298473 0.526654
608 0.826401 -0.0528086 1.16841 0.0179828 -0.847886 -0.0290005 0.529079
609 0.824186 -0.0521489 1.15877 0.0178789 -0.845994 -0.0290435 0.532101
610 0.823651 -0.050965 1.14145 0.0169131 -0.843645 -0.0303776 0.535775
611 0.821182 -0.0502837 1.13179 0.015481 -0.841645 -0.0310589 0.538914
612 0.819087 -0.0496162 1.12236 0.0141704 -0.840116 -0.0305238 0.541362
613 0.818067 -0.0484173 1.10455 0.0121773 -0.838356 -0.0303493 0.544141
614 0.816521 -0.0477974 1.09521 0.010463 -0.836792 -0.0306947 0.54656
615 0.814636 -0.047172 1.08576 0.00927028 -0.834762 -0.0312533 0.549645
616 0.812123 -0.0465194 1.07607 0.00813583 -0.83245 -0.0325835 0.553081
617 0.809893 -0.0458664 1.06657 0.00701892 -0.82981 -0.03404 0.556962
618 0.80881 -0.0447084 1.04905 0.00575702 -0.826699 -0.0356866 0.561482
619 0.806343 -0.0439961 1.03935 0.00425523 -0.823486 -0.0367197 0.566131
620 0.804577 -0.0433219 1.02998 0.00303524 -0.820656 -0.0367924 0.570229
621 0.802733 -0.0426698 1.02087 0.00194634 -0.817973 -0.0370205 0.57406
622 0.800475 -0.0420003 1.01165 0.000924422 -0.814946 -0.0379806 0.578291
623 0.797236 -0.0412623 1.00215 0.000727994 -0.812011 -0.0379636 0.582405
624 0.794339 -0.0405668 0.993044 0.000529394 -0.809083 -0.0379454 0.586467
625 0.792057 -0.0399305 0.984421 0.000319727 -0.805976 -0.0379315 0.590732
626 0.789477 -0.0392813 0.975757 -0.000700129 -0.801887 -0.0388702 0.596209
627 0.786312 -0.0385898 0.96699 -0.00233309 -0.797861 -0.0390632 0.601569
628 0.780551 -0.0381987 0.96535 -0.00309993 -0.795405 -0.0381687 0.604867
629 0.777235 -0.0375447 0.956878 -0.00426799 -0.790948 -0.0377272 0.610705
630 0.773701 -0.036896 0.94843 -0.00563921 -0.786463 -0.0368892 0.616508
631 0.769255 -0.036598 0.947342 -0.00659112 -0.782923 -0.0355979 0.621065
632 0.765024 -0.035963 0.938877 -0.00789555 -0.778627 -0.0349273 0.626464
633 0.759224 -0.0352478 0.930152 -0.00862089 -0.775238 -0.0338802 0.630701
634 0.755286 -0.0346815 0.921895 -0.00853295 -0.771983 -0.0321537 0.634772
635 0.751588 -0.0341725 0.913954 -0.00812046 -0.768055 -0.0307564 0.639593
636 0.746756 -0.0336231 0.90587 -0.00831824 -0.764278 -0.0306974 0.644103
637 0.743269 -0.0331582 0.89809 -0.00705202 -0.760427 -0.0300021 0.648692
638 0.737917 -0.0325989 0.890071 -0.00617832 -0.756812 -0.0301187 0.652909
639 0.733019 -0.0323328 0.889349 -0.00563502 -0.753923 -0.0305841 0.656226
640 0.72779 -0.0317727 0.881478 -0.0057832 -0.750943 -0.0305548 0.659634
641 0.722411 -0.0312083 0.873645 -0.00591015 -0.748455 -0.0305337 0.662456
642 0.717782 -0.0306877 0.865951 -0.0060557 -0.745677 -0.0305117 0.665581
643 0.712182 -0.0301181 0.858193 -0.00618031 -0.743333 -0.0304919 0.668198
644 0.707048 -0.0295766 0.85053 -0.00631662 -0.740772 -0.0304679 0.671035
645 0.70073 -0.0292357 0.84991 -0.0064228 -0.738743 -0.0304479 0.673268
646 0.693328 -0.0285776 0.842118 -0.00741374 -0.736499 -0.0303393 0.675717
647 0.686375 -0.0281952 0.841524 -0.00793863 -0.734544 -0.0292449 0.677885
648 0.679039 -0.0277993 0.84094 -0.00814201 -0.732622 -0.0280797 0.680007
649 0.664959 -0.0197574 0.832986 -0.0106339 -0.727461 -0.0286688 0.685468
650 0.647234 -0.0185635 0.82485 -0.0152272 -0.722138 -0.0300527 0.690928
651 0.637702 -0.0177884 0.817346 -0.0171285 -0.719154 -0.0300024 0.693992
652 0.627336 -0.0239818 0.816866 -0.0184613 -0.716556 -0.0291029 0.696677
653 0.616976 -0.0232814 0.816579 -0.0179967 -0.714097 -0.0270115 0.699294
654 0.607322 -0.0225722 0.809505 -0.0167945 -0.711097 -0.0263943 0.702397
655 0.596402 -0.0218073 0.8025 -0.016024 -0.707663 -0.0275935 0.70583
656 0.585734 -0.021697 0.835806 -0.0145607 -0.710503 -0.0290168 0.702945
657 0.574381 -0.020995 0.835692 -0.0137338 -0.707514 -0.0305513 0.705905
658 0.562585 -0.0269328 0.835516 -0.012781 -0.704837 -0.0314446 0.708556
659 0.551659 -0.0262492 0.835582 -0.0112609 -0.701662 -0.0311067 0.711741
660 0.539508 -0.0321987 0.835576 -0.01004 -0.698855 -0.0307582 0.714531
661 0.527617 -0.0379819 0.835656 -0.00844102 -0.696475 -0.0295319 0.716923
662 0.516835 -0.0374068 0.835977 -0.0060722 -0.693962 -0.0268502 0.719485
663 0.506581 -0.0367497 0.829895 -0.00434381 -0.690715 -0.0248602 0.722687
664 0.495741 -0.0363085 0.830392 -0.0044672 -0.687696 -0.0248451 0.725559
665 0.484523 -0.0423126 0.830807 -0.00464367 -0.685039 -0.0241049 0.728093
666 0.473825 -0.0483471 0.831279 -0.00480846 -0.683206 -0.0224083 0.729866
667 0.462688 -0.0543878 0.831852 -0.00470348 -0.681272 -0.0195524 0.731754
668 0.451654 -0.0540167 0.832645 -0.00340447 -0.679341 -0.0156415 0.733648
669 0.44193 -0.0537606 0.833396 -0.00218644 -0.677206 -0.0121552 0.73569
670 0.43237 -0.0534887 0.82792 -0.00147378 -0.675173 -0.0101455 0.737588
671 0.422734 -0.0595132 0.822418 -0.000598187 -0.672864 -0.00944505 0.739706
672 0.41376 -0.0593164 0.816993 0.00111735 -0.670187 -0.00889079 0.742139
673 0.404971 -0.0591405 0.81161 0.00209514 -0.667003 -0.0087541 0.745001
674 0.396153 -0.0650158 0.806413 0.00203756 -0.663578 -0.00876856 0.748053
675 0.386794 -0.0708867 0.801357 0.00197927 -0.660059 -0.00878841 0.75116
676 0.377982 -0.0768513 0.802404 0.00311313 -0.657306 -0.00671979 0.753588
677 0.369716 -0.0827754 0.797353 0.0045092 -0.654623 -0.00443212 0.755929
678 0.360784 -0.0887487 0.792462 0.00601454 -0.651953 -0.00227161 0.758232
679 0.352942 -0.0887237 0.78754 0.00794496 -0.649068 -0.00084506 0.760689
680 0.344887 -0.0887327 0.782706 0.00892728 -0.645913 -0.000600939 0.763359
681 0.336519 -0.094795 0.777908 0.00891432 -0.642463 -0.000653137 0.766264
682 0.328606 -0.100851 0.773097 0.0101512 -0.639324 0.000569988 0.76887
683 0.320097 -0.100901 0.768531 0.011592 -0.636387 0.00231153 0.771279
684 0.312136 -0.100978 0.763917 0.0128648 -0.633369 0.00354276 0.773735
685 0.303713 -0.10693 0.759599 0.0132532 -0.630066 0.00429977 0.776416
686 0.295838 -0.112883 0.755234 0.0144708 -0.626613 0.00615152 0.779172
687 0.287109 -0.113065 0.751178 0.0166332 -0.622873 0.00866653 0.782098
688 0.278451 -0.113301 0.74718 0.0187456 -0.618548 0.0107148 0.78545
690 0.261705 -0.119584 0.733177 0.0226803 -0.609278 0.0131984 0.792522
692 0.24559 -0.125933 0.719313 0.0266509 -0.599932 0.0185946 0.799391
695 0.223769 -0.126794 0.695285 0.0259139 -0.584633 0.0226161 0.810568
698 0.19928 -0.139877 0.678923 0.0224953 -0.567934 0.0268936 0.822327
701 0.174814 -0.147335 0.66337 0.0247064 -0.55282 0.034123 0.832235
704 0.151311 -0.161391 0.647457 0.0258841 -0.538837 0.0403274 0.841046
707 0.128444 -0.169659 0.638341 0.0304126 -0.525703 0.0449105 0.848937
710 0.105973 -0.177938 0.630329 0.030232 -0.511564 0.0441165 0.857579
714 0.0755877 -0.193325 0.626837 0.033352 -0.499885 0.0408754 0.864484
718 0.0486786 -0.208029 0.636164 0.0430085 -0.492388 0.0443717 0.868179
723 0.0118567 -0.219036 0.658526 0.0519806 -0.481422 0.0454615 0.873764
728 -0.0302662 -0.232041 0.692377 0.0629605 -0.473359 0.0522754 0.87706
732 -0.0656906 -0.24505 0.722725 0.0662183 -0.458807 0.0540506 0.884415
735 -0.0913364 -0.256563 0.748039 0.0731736 -0.446868 0.0518556 0.890093
738 -0.114713 -0.268135 0.772757 0.0845924 -0.434357 0.0547563 0.895087
741 -0.134925 -0.27965 0.795841 0.100383 -0.427907 0.0628953 0.896026
745 -0.154017 -0.287377 0.825335 0.114689 -0.421482 0.0620403 0.897413
748 -0.167133 -0.298424 0.843144 0.130386 -0.417482 0.0636084 0.89703
751 -0.179506 -0.304507 0.860114 0.145801 -0.413316 0.0658208 0.896426
754 -0.19123 -0.309637 0.870117 0.159349 -0.410415 0.0709192 0.895063
758 -0.211164 -0.319252 0.887258 0.175901 -0.409365 0.0786491 0.891792
761 -0.22911 -0.33238 0.896322 0.192057 -0.409387 0.0843083 0.887924
765 -0.257926 -0.349018 0.902737 0.207763 -0.40813 0.0884944 0.884553
769 -0.291481 -0.364897 0.913965 0.22114 -0.403211 0.0928909 0.883113
773 -0.326068 -0.375746 0.920721 0.231796 -0.396032 0.096839 0.883205
777 -0.360037 -0.385644 0.92303 0.242976 -0.391395 0.103884 0.881465
782 -0.397677 -0.395735 0.930366 0.253054 -0.381037 0.107471 0.882737
786 -0.422236 -0.400416 0.937203 0.26015 -0.368377 0.105897 0.886232
790 -0.440398 -0.402346 0.944125 0.263862 -0.352377 0.10344 0.891912
794 -0.453113 -0.399479 0.946134 0.265547 -0.337769 0.0990528 0.897544
797 -0.461787 -0.395643 0.950037 0.260676 -0.328607 0.0911785 0.90319
800 -0.468903 -0.390287 0.952437 0.252517 -0.320785 0.0848512 0.908918
804 -0.474062 -0.385534 0.958922 0.249787 -0.312389 0.0758885 0.913378
808 -0.4783 -0.373701 0.971632 0.242758 -0.301794 0.0669868 0.919512
813 -0.482758 -0.357665 0.985498 0.231619 -0.295879 0.0606193 0.924734
817 -0.48465 -0.342571 1.00333 0.219353 -0.292629 0.0580739 0.928913
822 -0.486675 -0.330425 1.02865 0.207862 -0.289916 0.050192 0.932857
826 -0.488303 -0.322348 1.05369 0.201116 -0.282574 0.041821 0.936993
829 -0.4899 -0.311577 1.07208 0.189096 -0.275608 0.0334694 0.941893
832 -0.492763 -0.297377 1.0934 0.175176 -0.270004 0.0271853 0.946399
835 -0.494557 -0.286581 1.11324 0.163881 -0.267023 0.021648 0.949407
838 -0.496451 -0.275051 1.13446 0.151097 -0.260594 0.0127514 0.953466
841 -0.501047 -0.266966 1.152 0.141695 -0.251577 0.00745438 0.95738
845 -0.501864 -0.254662 1.17301 0.128 -0.243209 0.000417219 0.961491
849 -0.504528 -0.236482 1.18977 0.116685 -0.234105 -0.000845428 0.965183
854 -0.507033 -0.218055 1.20669 0.104259 -0.225733 -0.00395661 0.968586
861 -0.509157 -0.192613 1.22523 0.0952177 -0.216498 -0.00673193 0.971605
868 -0.511773 -0.169929 1.23382 0.0819847 -0.211156 -0.0068152 0.973984
879 -0.522055 -0.156949 1.24597 0.0694753 -0.207841 -0.00867054 0.975654
