# width:480 height:360 psr bound:50 mu:0.8
1 0 0 0 0 0 0 1
35 0.1125 0.028125 0.00874982 0.002101 0.0632504 -0.0077556 0.997965
36 0.0673983 0.0288288 0.0107603 0.00109633 0.0680856 0.0211575 0.997455
37 0.378208 1.08535 0.0100293 -0.0151392 0.0650025 0.250101 0.965917
48 0.457363 1.13794 -0.0170839 -0.0237506 0.107002 0.259785 0.959426
49 0.452891 1.13491 0.0199878 -0.0251977 0.11142 0.266534 0.957032
54 0.464022 1.14165 0.0170784 -0.0311752 0.13463 0.277759 0.950659
68 0.507206 1.16968 -0.0143847 -0.0483302 0.200414 0.30441 0.929964
85 0.555102 1.20603 -0.0577844 -0.0612942 0.265097 0.330673 0.903671
137 0.586131 1.14766 -0.0621551 0.00473745 0.239587 0.309103 0.920343
156 0.528694 1.10969 -0.0300382 0.0180049 0.170474 0.289072 0.941834
171 0.497399 1.09325 -0.000434051 0.0301307 0.0984385 0.263664 0.959105
183 0.47571 1.08831 0.00589498 0.0423013 0.0430631 0.236003 0.969876
185 0.455281 1.07762 0.00769353 0.0434179 0.0335363 0.239467 0.969353
186 0.457597 1.07159 -0.00971513 0.0439619 0.0283024 0.238934 0.969627
202 0.446885 1.0563 -0.00755936 0.0545741 -0.0461302 0.216035 0.973767
215 0.445868 1.05437 0.00763032 0.0671463 -0.118428 0.190266 0.972247
232 0.350129 1.02572 -0.0167361 0.0770217 -0.186488 0.153037 0.967403
249 0.298825 1.02862 -0.0374044 0.0800679 -0.25447 0.121462 0.956076
268 0.241495 1.03411 -0.0792385 0.0811268 -0.328802 0.0866506 0.93691
296 0.195192 1.06825 -0.106019 0.0655308 -0.392351 0.0498422 0.916123
317 0.160478 1.06731 -0.155795 0.0863615 -0.454463 0.022925 0.886273
348 0.17041 0.975304 -0.158537 0.145222 -0.429265 0.0655169 0.889016
366 0.201537 0.92729 -0.124701 0.15279 -0.364276 0.0999798 0.913215
380 0.234186 0.920645 -0.0874925 0.145893 -0.297256 0.12755 0.934925
394 0.264104 0.934147 -0.0570675 0.128118 -0.23008 0.149223 0.95309
409 0.291652 0.950399 -0.0351906 0.100916 -0.163089 0.172777 0.966109
426 0.31493 0.988218 -0.0171838 0.0717973 -0.0979652 0.197991 0.97265
440 0.286658 1.00234 -0.00262213 0.0405662 -0.0304363 0.22328 0.973434
500 0.424872 0.859056 0.593047 -0.026275 0.000417355 0.242307 0.969844
517 0.444683 0.824916 0.699332 -0.0455165 0.0624048 0.281766 0.956369
531 0.495678 0.841959 0.73615 -0.0711098 0.12707 0.311264 0.939101
