# width:480 height:360 psr bound:50 mu:0.8
1 0 0 0 0 0 0 1
68 0.0416667 0.00833333 0.186884 -0.00674071 -0.0162672 -0.0487973 0.998653
80 0.0949956 0.00433691 0.290649 -0.00683967 -0.056305 -0.0798003 0.995196
90 0.117079 0.00119489 0.382035 -0.0111525 -0.0962763 -0.111431 0.989035
100 0.133894 -0.0196718 0.49102 -0.010366 -0.137492 -0.13943 0.980585
110 0.145163 -0.0424876 0.586897 0.0115753 -0.182883 -0.15546 0.970697
118 0.153073 -0.0508039 0.656958 0.0255759 -0.231857 -0.160764 0.959032
126 0.154003 -0.0622268 0.742245 0.0364761 -0.283188 -0.171949 0.942819
134 0.161818 -0.0695246 0.816814 0.0390258 -0.331143 -0.185442 0.924355
140 0.168941 -0.0673869 0.87413 0.0357311 -0.382048 -0.189808 0.903734
147 0.151038 -0.0625196 0.916385 0.0341715 -0.433547 -0.186826 0.880889
154 0.126691 -0.0584672 0.967912 0.0345805 -0.479353 -0.188431 0.856457
161 0.0794192 -0.0582368 1.02409 0.0325943 -0.523644 -0.19342 0.82905
169 0.0362914 -0.0577017 1.07033 0.0278201 -0.568146 -0.198074 0.79825
177 0.0101178 -0.0423145 1.10111 0.0149194 -0.613855 -0.191261 0.765754
183 -0.00515269 -0.033675 1.11462 0.00550503 -0.659425 -0.181181 0.72959
189 -0.0144176 -0.0297506 1.13978 0.00177951 -0.698316 -0.183451 0.69188
196 -0.0183113 -0.0292496 1.16995 0.00263844 -0.736807 -0.186589 0.649841
204 -0.0184339 -0.0260864 1.18643 -0.00264204 -0.772652 -0.181167 0.608425
213 -0.0212784 -0.0252288 1.18584 -0.00913784 -0.805779 -0.166995 0.56811
224 -0.029343 -0.0336056 1.1648 -0.00714646 -0.836331 -0.146521 0.528234
237 -0.055013 -0.0483069 1.11575 -0.0035908 0.860996 0.114879 -0.495455
250 -0.103307 -0.0844143 1.05543 -0.0218524 0.874551 0.0714887 -0.479138
262 -0.144171 -0.118816 0.988675 -0.0423821 0.891394 0.0358949 -0.449814
275 -0.180045 -0.127793 0.91395 -0.0546186 0.91042 0.0140901 -0.409821
288 -0.220708 -0.126007 0.837994 -0.052947 0.930403 0.00950039 -0.362568
299 -0.291615 -0.113052 0.77478 -0.0395131 0.947759 0.0136927 -0.316235
310 -0.386499 -0.109244 0.724153 -0.037476 0.962554 0.0241441 -0.2674
321 -0.464807 -0.0812414 0.686124 -0.0308207 0.974459 0.0340463 -0.219818
352 -0.589053 -0.0302597 0.449964 -0.0184049 0.980355 0.0677358 -0.184329
369 -0.613611 -0.0102468 0.306058 -0.0113703 0.988166 0.071847 -0.135047
380 -0.63834 0.00254623 0.21828 -0.00545784 0.994538 0.0591068 -0.0858544
398 -0.706954 -0.00572678 0.0709544 0.00306886 0.998419 0.038784 -0.0405765
417 -0.744304 -0.0286601 -0.0709739 0.00684481 0.999949 0.00723546 -0.00167389
450 -0.713043 -0.040832 -0.383086 -0.00520005 0.999041 -0.0363214 -0.0239078
452 -0.713783 -0.0335031 -0.397123 -0.00381602 0.998836 -0.0407105 -0.0256055
453 -0.714266 -0.0342776 -0.406579 -0.00350679 0.998765 -0.0418976 -0.026468
454 -0.723148 -0.0352113 -0.41674 -0.00350679 0.998765 -0.0418976 -0.026468
455 -0.723711 -0.0361093 -0.427393 -0.00350679 0.998765 -0.0418976 -0.026468
456 -0.724077 -0.0366927 -0.434314 -0.00377417 0.998665 -0.0439121 -0.0269355
457 -0.724596 -0.037546 -0.44397 -0.00352156 0.998594 -0.0453336 -0.0272629
458 -0.72505 -0.0383074 -0.452314 -0.00350177 0.998476 -0.0480886 -0.0268498
482 -0.803644 -0.0771943 -0.674417 -0.0165119 0.994466 -0.0966676 -0.0376744
499 -0.812397 -0.0844696 -0.788457 -0.0115233 0.993514 -0.112678 0.0100879
515 -0.780899 -0.0787986 -0.92937 0.005597 0.99033 -0.127314 0.0548258
525 -0.74358 -0.0930474 -1.00862 0.0155299 0.988765 -0.129191 0.0735627
531 -0.730824 -0.0821898 -1.04614 0.0258242 0.98831 -0.117169 0.0940611
538 -0.724239 -0.0688342 -1.07777 0.0317341 0.98734 -0.103185 0.116214
542 -0.726971 -0.057487 -1.09468 0.0323149 0.986165 -0.0949929 0.131946
546 -0.840145 -0.0425776 -1.1088 0.0333145 0.98362 -0.0873737 0.154104
548 -0.837438 -0.0295145 -1.11549 0.0353422 0.982168 -0.0819549 0.16547
553 -0.830868 -0.0179556 -1.13274 0.037774 0.978211 -0.0727724 0.190739
558 -0.825206 -0.02037 -1.14685 0.037294 0.974519 -0.0662138 0.211039
565 -0.930334 -0.0116094 -1.1638 0.0326249 0.970365 -0.0554554 0.23292
575 -0.941787 0.0112718 -1.19306 0.0385702 0.96124 -0.0346375 0.270796
579 -0.934428 0.0264466 -1.20341 0.0388577 0.95663 -0.0250771 0.287611
586 -0.924605 0.0411326 -1.21661 0.0326059 0.948227 -0.00941888 0.315774
599 -0.924989 0.0712531 -1.2258 0.0308418 0.932724 0.0144902 0.358976
613 -0.914066 0.0920066 -1.22519 0.0318937 0.913302 0.0305572 0.404882
625 -0.891146 0.112693 -1.23437 0.0289583 0.890706 0.0423912 0.451672
639 -0.808357 0.111037 -1.22899 0.0288732 0.866486 0.0354918 0.4971
681 -0.454279 0.143403 -1.20075 0.00889526 0.84441 0.0561383 0.532673
716 -0.144372 0.182506 -1.37629 -0.00904799 0.859468 0.0902946 0.503071
729 -0.00699941 0.174305 -1.34081 -0.00588815 0.884468 0.100519 0.455606
739 0.0926247 0.171817 -1.29916 -0.00364716 0.905789 0.110745 0.408985
755 0.200669 0.1632 -1.25831 -0.0110581 0.924688 0.115774 0.362528
764 0.262855 0.166203 -1.24099 -0.00749847 0.939079 0.140501 0.313581
796 0.401982 0.126171 -1.25883 0.00326863 0.943523 0.0885661 0.319232
808 0.428831 0.11512 -1.24565 0.0051287 0.931567 0.0583126 0.358827
819 0.456672 0.117691 -1.21402 -0.00231964 0.911839 0.0699697 0.404534
830 0.449841 0.124254 -1.18616 -0.0176933 0.891953 0.0962817 0.441403
843 0.412189 0.134433 -1.15012 -0.0388381 0.86813 0.106127 0.483299
851 0.382261 0.133309 -1.14326 -0.0429331 0.842355 0.106145 0.52662
860 0.35 0.142455 -1.11092 -0.0529985 0.813648 0.107643 0.568842
878 0.210449 0.117731 -0.988578 -0.039785 0.788015 0.0885062 0.607961
891 0.0966666 0.0955412 -0.907441 -0.0370539 0.754679 0.0761417 0.650606
898 0.0447978 0.0857641 -0.883502 -0.0281202 0.722154 0.0712468 0.687478
907 -0.0234069 0.0869216 -0.879798 -0.0268296 0.68334 0.0664677 0.726573
920 -0.116445 0.08575 -0.879569 -0.023491 0.646698 0.0604119 0.759987
951 -0.1598 0.0558846 -0.876046 0.0131793 0.640412 0.0266758 0.767455
963 -0.150718 0.0499213 -0.881323 0.024065 0.645064 0.0277575 0.763245
964 -0.149928 0.0499205 -0.881189 0.0249349 0.645839 0.0276234 0.762566
