# width:480 height:360 psr bound:50 mu:0.8
1 0 0 0 0 0 0 1
110 0.3 0.028125 -0.105901 0.00795325 0.308534 0.131324 0.942071
180 0.159937 -0.0358472 -0.0334638 0.046969 0.0853014 0.0434321 0.994299
230 0.0440844 -0.0392541 -0.0176627 0.032004 -0.150892 -0.0422551 0.987128
320 -0.121628 0.102161 -0.13373 -0.0228326 -0.45034 -0.168914 0.876436
380 -0.139254 -0.053319 -0.104499 0.0695711 -0.360069 -0.0919665 0.925771
460 -0.0230312 -0.00224107 0.0389551 0.00682196 -0.0116242 0.0133007 0.999821
570 0.239018 -0.285331 0.22458 -0.0316722 0.277931 0.146909 0.948772
610 0.323999 -0.385002 0.241014 0.0625828 0.346022 0.119502 0.928478
620 0.441353 -0.763839 0.116213 0.0165328 0.313367 0.136388 0.939642
630 0.272768 -0.432091 0.239015 0.0757127 0.297941 0.101244 0.946176
720 -0.0784241 -0.478115 0.389364 0.0557749 -0.0608209 -0.0080892 0.996556
730 -0.59435 -0.351704 0.350744 0.0668437 0.00223938 -0.0215367 0.997528
740 -0.73211 -0.222405 0.375907 0.0668437 0.00223938 -0.0215367 0.997528
750 -0.816165 -0.095945 0.404729 0.0668437 0.00223938 -0.0215367 0.997528
760 -0.911317 0.0325646 0.443812 0.0668437 0.00223938 -0.0215367 0.997528
770 -1.13252 0.1788 0.479668 0.0668437 0.00223938 -0.0215367 0.997528
780 -1.12993 0.238001 0.487636 0.0438643 -0.822225 -0.0819563 0.56152
870 -1.28618 0.876085 0.520535 0.0462952 -0.834784 -0.0618224 0.545133
920 -1.24351 0.935704 0.473454 -0.0883524 0.900124 0.128365 -0.406809
930 -1.25682 0.938511 0.462239 -0.09885 0.917102 0.13929 -0.36021
940 -1.24368 0.932392 0.444873 -0.116901 0.935514 0.142101 -0.301589
950 -1.25745 0.92178 0.430437 -0.133013 0.949694 0.136501 -0.24850
980 -1.23849 0.914497 0.398577 -0.151561 0.973692 0.139728 -0.0971052
1000 -1.19807 0.899467 0.388914 -0.161172 0.979044 0.124477 0.00159716
1140 -1.28631 0.722779 0.431672 -0.167876 0.958129 -0.039245 -0.22862
1210 -1.93261 0.586188 0.836901 -0.139588 0.890374 -0.0584215 -0.429345
1220 -2.16934 0.487492 1.1605 -0.139588 0.890374 -0.0584215 -0.429345
1230 -2.35374 0.367548 1.43623 -0.139588 0.890374 -0.0584215 -0.42934
1240 -2.48271 0.285457 1.6345 -0.139588 0.890374 -0.0584215 -0.429345
1250 -2.58848 0.184005 1.79234 -0.139588 0.890374 -0.0584215 -0.429345
1260 -2.66577 0.0749924 1.93012 -0.139588 0.890374 -0.0584215 -0.429345
1270 -2.75284 -0.0716433 2.11122 -0.139588 0.890374 -0.0584215 -0.429345
1290 -1.94197 -0.574008 1.29086 -0.000833811 -0.807924 0.0455691 0.587521
1310 -2.12153 -0.27944 1.75448 -0.00597846 -0.807903 0.0493093 0.587219
1320 -2.20661 -0.0477639 1.8993 -0.00597846 -0.807903 0.0493093 0.587219
1330 -1.95953 1.07579 0.864174 -0.213205 -0.673294 -0.317393 0.632835
1430 -2.3813 1.0014 0.376451 -0.234251 -0.304589 -0.293545 0.875319
