# width:480 height:360 psr bound
1 0 0 0 0 0 0 1
91 0.2625 0.028125 -0.0761992 -0.00641391 0.267123 0.12061 0.956064
173 0.171679 -0.0408051 -0.0315565 0.050332 0.121225 0.0583868 0.98962
223 0.0987622 -0.0525785 0.00445176 0.0356961 -0.127804 -0.0260818 0.990814
275 -0.0893103 0.0128884 -0.0725033 0.00686145 -0.324439 -0.113067 0.9391
444 -0.0424207 -0.0321186 -0.0539162 0.0332203 -0.0509178 0.000655907 0.99815
568 0.215885 -0.289162 0.769667 -0.0340694 0.273754 0.148477 0.94965
597 0.303869 -0.373565 0.786061 0.0375478 0.327708 0.132856 0.934637
667 0.139513 -0.491922 0.915818 0.0691714 0.138798 0.0539609 0.986427
684 -0.216826 -0.58081 1.00641 0.0578696 0.109693 0.0363273 0.991614
685 1.08458 -0.407804 0.726458 0.0780051 -0.106489 0.0520478 0.98988
729 1.39646 -0.333364 0.834147 0.073608 -0.310245 -0.00769842 0.947771
840 1.31705 0.255446 1.06489 0.0716159 -0.486289 -0.103457 0.864691
881 1.33928 0.421865 1.03781 0.0173377 -0.437125 -0.0838867 0.895312
895 1.33411 0.441512 1.01472 0.0186025 -0.471155 -0.109911 0.874978
911 1.31963 0.446655 0.996474 0.0302465 -0.533731 -0.141225 0.83323
912 1.32745 0.450541 0.970065 0.0301232 -0.540429 -0.145829 0.828108
915 1.31868 0.449961 0.981574 0.0332513 -0.550042 -0.152557 0.820411
917 1.31427 0.450507 0.983469 0.0348686 -0.556799 -0.156449 0.815035
920 1.31203 0.454047 1.00079 0.0373419 -0.566867 -0.162726 0.806714
923 1.30839 0.456294 0.995389 0.0374375 -0.578592 -0.167395 0.797376
926 1.30741 0.458185 0.989233 0.0374113 -0.589495 -0.171993 0.788362
929 1.30678 0.458282 0.989437 0.0390732 -0.600544 -0.177414 0.778681
931 1.30273 0.45893 0.990611 0.0412254 -0.608609 -0.180806 0.771495
933 1.31847 0.462202 0.988476 0.0429341 -0.617065 -0.185879 0.763437
935 1.34198 0.467742 0.973147 0.0459266 -0.626374 -0.188877 0.754898
937 1.34376 0.467434 0.972757 0.0494088 -0.636028 -0.190284 0.74620
942 1.33998 0.46809 0.973483 0.0585252 -0.658735 -0.191852 0.725146
947 1.32877 0.467785 0.980993 0.0665071 -0.67736 -0.194751 0.70628
956 1.30406 0.451522 0.996941 0.0721896 -0.708358 -0.200775 0.672835
985 1.29131 0.44523 0.96349 0.0847863 -0.80015 -0.213278 0.554151
994 1.28823 0.442812 0.969171 0.0903217 -0.824874 -0.213324 0.515673
1003 1.29 0.433181 0.957312 -0.0994125 0.84544 0.201359 -0.484564
1119 1.27686 0.28125 1.01904 0.195235 -0.775594 -0.064352 0.59682
1203 1.2719 0.204218 1.53547 0.170442 -0.544749 -0.0137867 0.82098
1205 1.36414 0.168412 1.79405 0.164888 -0.576464 -0.00892336 0.80026
1206 1.15073 0.305455 1.18467 0.195345 -0.477308 -0.0215264 0.856478
1209 1.46287 0.271763 1.7134 0.188699 -0.56535 -0.0103963 0.80291
1238 1.46681 0.267502 1.67018 0.191385 -0.435495 0.0398686 0.878707
1298 1.56791 0.221958 1.7108 0.199679 -0.220256 0.0719422 0.952071
1391 1.41614 -0.330002 1.57142 -0.0478435 0.0171953 0.164506 0.985065
1421 1.26924 -0.458161 1.68108 -0.0564972 0.181467 0.249016 0.949668
1486 1.2003 -0.67154 1.95965 0.00104602 0.459357 0.292012 0.838879
