# width:480 height:360 psr bound:50 mu:0.8
1 0 0 0 0 0 0 1
2 0 0 -0.00102599 0.00120621 -0.000118811 -0.00026517 0.999999
3 -1.65425e-08 -1.67489e-07 -0.000956556 -0.000947 -0.000417028 -0.000130576 0.999999
4 2.41191e-08 -2.59858e-07 -0.00100532 -0.000946641 0.000373525 -0.000132933 0.999999
5 -2.35208e-07 -9.16827e-07 -0.00135234 -0.000946641 0.000373525 -0.000132933 0.999999
6 -3.23406e-07 -1.14026e-06 -0.00147036 -0.00205536 0.000610674 -0.000435655 0.999998
7 2.31772e-07 7.25331e-07 -0.00101647 -0.00326456 0.000773325 -0.000150244 0.999994
8 4.03411e-07 1.44941e-06 -0.000905566 -0.00247431 0.000542654 -7.5185e-05 0.999997
9 4.83469e-07 1.81432e-06 -0.000831827 -0.00247431 0.000542654 -7.5185e-05 0.999997
10 7.14795e-07 2.8687e-06 -0.000618759 -0.00323672 0.000607768 -3.22047e-05 0.999995
11 1.29722e-06 5.96993e-06 -0.000139695 -0.00323672 0.000607768 -3.22047e-05 0.999995
12 1.77439e-06 8.51067e-06 0.000252787 -0.00216775 0.000754922 0.000145945 0.999997
13 1.97638e-06 9.09097e-06 0.000386626 -0.00114259 0.000558723 0.00054454 0.999999
14 2.12065e-06 9.3864e-06 0.000515875 -0.000480522 0.000254656 0.001042 0.999999
15 2.07562e-06 9.30123e-06 0.000427295 0.000209626 -7.87207e-05 0.00125515 0.999999
16 2.04774e-06 9.2267e-06 0.00060497 0.000209626 -7.87207e-05 0.00125515 0.999999
17 2.05928e-06 9.25752e-06 0.000531486 0.000209626 -7.87207e-05 0.00125515 0.999999
18 2.12104e-06 9.42262e-06 0.000137888 0.000209626 -7.87207e-05 0.00125515 0.999999
19 2.17094e-06 9.55601e-06 -0.000180127 0.000209626 -7.87207e-05 0.00125515 0.999999
20 2.21064e-06 9.66213e-06 -0.000433121 -0.000496039 8.41452e-05 0.000431648 1
21 2.17018e-06 9.42302e-06 -0.000674121 -0.000496039 8.41452e-05 0.000431648 1
22 2.13436e-06 9.21127e-06 -0.000887546 -0.000496039 8.41452e-05 0.000431648 1
23 2.08896e-06 8.94296e-06 -0.00115798 -0.000496039 8.41452e-05 0.000431648 1
24 2.07753e-06 8.87537e-06 -0.0012261 -0.000496039 8.41452e-05 0.000431648 1
25 2.09058e-06 8.9525e-06 -0.00114836 -0.000496039 8.41452e-05 0.000431648 1
26 2.11385e-06 9.09005e-06 -0.00100973 -0.000496039 8.41452e-05 0.000431648 1
27 2.13309e-06 9.20377e-06 -0.000895107 -0.000496039 8.41452e-05 0.000431648 1
28 2.12419e-06 9.15117e-06 -0.000948123 -0.000496039 8.41452e-05 0.000431648 1
29 2.12044e-06 9.12903e-06 -0.000970437 -0.000496039 8.41452e-05 0.000431648 1
30 2.15769e-06 9.34916e-06 -0.000748564 -0.000496039 8.41452e-05 0.000431648 1
31 2.15653e-06 9.34233e-06 -0.000755453 -0.000496039 8.41452e-05 0.000431648 1
32 2.18163e-06 9.49066e-06 -0.00060594 -0.00140318 2.32789e-05 -2.22584e-05 0.999999
33 2.19008e-06 9.99956e-06 -0.000424605 -0.00140318 2.32789e-05 -2.22584e-05 0.999999
34 2.17572e-06 9.13519e-06 -0.000732607 -0.00140318 2.32789e-05 -2.22584e-05 0.999999
35 2.1732e-06 8.98348e-06 -0.000786667 -0.00211953 0.000663615 -0.000246627 0.999998
36 2.17365e-06 8.98491e-06 -0.000786329 -0.00213136 0.00179802 -0.00024807 0.999996
37 2.69449e-06 9.60199e-06 -0.000641538 -0.00214051 0.00266198 -0.000248293 0.999994
38 1.35225e-08 7.44732e-06 -0.00114499 -0.00215285 0.00383517 -0.000249423 0.99999
39 2.79731e-06 9.00907e-06 -0.000782126 -0.00423422 0.00472946 0.000626464 0.99998
40 9.60293e-06 1.51097e-05 -6.22737e-05 -0.00529258 0.00513757 0.00169654 0.999971
41 1.36842e-05 1.93285e-05 0.00033559 -0.0045396 0.00545361 0.00251282 0.999972
42 2.02579e-05 2.48284e-05 0.000939503 -0.0045396 0.00545361 0.00251282 0.999972
43 2.70203e-05 3.04863e-05 0.00156075 -0.0045396 0.00545361 0.00251282 0.999972
44 3.38496e-05 3.62001e-05 0.00218814 -0.00361818 0.00628588 0.00206519 0.999972
45 4.04818e-05 4.00359e-05 0.00271627 -0.00319481 0.00727651 0.000980465 0.999968
46 5.27027e-05 4.54159e-05 0.00355631 -0.00410347 0.00824883 -0.00027455 0.999958
47 7.58204e-05 5.69081e-05 0.00495721 -0.00496584 0.0092172 -0.00176323 0.999944
48 8.95643e-05 6.42815e-05 0.00570194 -0.00496584 0.0092172 -0.00176323 0.999944
49 0.000116812 7.88996e-05 0.0071784 -0.00673901 0.00950631 -0.00366159 0.999925
50 0.000151912 0.000103589 0.0090194 -0.00837014 0.00983116 -0.00532434 0.999902
51 0.000183313 0.000130037 0.0106088 -0.00837014 0.00983116 -0.00532434 0.999902
52 0.000213315 0.000155305 0.0121274 -0.00837014 0.00983116 -0.00532434 0.999902
53 0.000248367 0.000184828 0.0139017 -0.00970963 0.00949354 -0.00662055 0.999886
54 0.000294845 0.000231738 0.0163325 -0.0112517 0.00921851 -0.00729565 0.999868
55 0.000341219 0.000287506 0.0188248 -0.0118359 0.00799863 -0.00784112 0.999867
56 0.0366194 -0.000233572 0.0205526 -0.0114782 -0.00293427 -0.00884364 0.999891
57 0.030563 -6.31697e-05 0.0232953 -0.0114438 -0.00336336 -0.0100765 0.999878
58 0.0305452 -3.35532e-07 0.0260321 -0.00966693 -0.00495365 -0.0116819 0.999873
59 0.0305214 4.7594e-05 0.0284961 -0.00805902 -0.00643139 -0.0141597 0.999847
60 0.0304844 9.52545e-05 0.0314199 -0.00798 -0.00769236 -0.0166014 0.999801
61 0.0304401 0.000142787 0.034351 -0.00755192 -0.00917567 -0.0190478 0.999748
62 0.0303908 0.000184926 0.0370778 -0.00700856 -0.0115226 -0.0212687 0.999683
63 -0.389984 0.000570814 0.0327598 -0.010249 0.0883882 -0.0479842 0.994877
64 -0.430434 -0.00702326 0.0438567 -0.0126924 0.0956629 -0.0529795 0.993922
65 -0.480758 0.00445716 0.0552011 -0.0111251 0.106451 -0.0594765 0.992475
66 -0.480081 0.00448716 0.0583137 -0.0129136 0.104393 -0.0623359 0.992497
67 -0.479482 0.00452339 0.0611209 -0.011572 0.102134 -0.0662404 0.992495
68 -0.47893 0.00454887 0.0637637 -0.0101205 0.0987298 -0.0693539 0.992643
70 -1.00075 0.0569161 0.168769 -0.0116694 0.221484 -0.126582 0.966843
72 0.0169563 -0.256677 -0.303226 0.0375345 -0.335124 0.101893 0.935896
73 0.0152567 -0.257057 -0.301107 0.0377248 -0.338255 0.100171 0.934947
74 0.0162805 -0.251095 -0.295027 0.0279751 -0.342826 0.129874 0.929957
76 0.0137583 -0.251659 -0.291973 0.0319457 -0.349074 0.124701 0.928212
77 0.0120336 -0.252053 -0.28994 0.0322663 -0.35273 0.120952 0.927314
78 0.139409 -0.181341 -0.161472 0.0426423 -0.397994 0.131249 0.906949
80 -0.34372 -0.314365 -0.655995 0.019598 -0.123428 0.0108552 0.992101
81 -0.3443 -0.314464 -0.653697 0.0195363 -0.127357 0.00745682 0.991636
82 -0.344826 -0.314549 -0.651679 0.0196187 -0.131523 0.00386746 0.991111
83 -0.345439 -0.314643 -0.64941 0.0182533 -0.135579 0.000766309 0.990598
84 -0.346072 -0.314728 -0.647143 0.0170987 -0.139521 -0.00200348 0.990069
85 -0.346688 -0.314802 -0.645 0.017093 -0.14376 -0.00462641 0.989454
86 -0.347213 -0.314862 -0.643235 0.0173177 -0.147281 -0.00746874 0.988915
87 -0.429529 -0.330441 -0.674411 0.0136663 -0.127233 -0.00955042 0.991733
89 -0.708387 -0.382473 -0.742725 -0.000856097 -0.0519255 -0.0132792 0.998562
90 -0.708648 -0.382465 -0.740221 0.000163005 -0.0552662 -0.016602 0.998334
91 -1.26409 -0.393181 -0.765408 -0.0501414 0.178834 -0.130205 0.973936
97 -1.24912 -0.382569 -0.751125 -0.0514671 0.152601 -0.122612 0.979301
98 -2.41131 0.388703 -0.42085 0.0172321 -0.248071 -0.162418 0.954874
99 -2.28857 0.0621201 -0.335944 -0.0822873 0.923933 0.0174594 0.373191
100 -2.29081 0.0674492 -0.343148 -0.0838187 0.921553 0.0132464 0.378865
101 -2.29317 0.0726937 -0.350201 -0.084431 0.919239 0.00910053 0.384431
102 -2.32194 0.0896091 -0.391589 -0.0842321 0.912226 0.0015015 0.400932
103 -2.3199 0.0898053 -0.393483 -0.0850685 0.910202 -0.00199857 0.405329
104 -2.31716 0.0900478 -0.395975 -0.0861052 0.908175 -0.00518137 0.409606
105 -2.31471 0.0902494 -0.398167 -0.0870418 0.906374 -0.0080397 0.413334
106 -2.29796 0.0702382 -0.37585 -0.0897306 0.907838 -0.0052856 0.409575
107 -2.31931 0.0817654 -0.416756 -0.0892234 0.900811 -0.0106666 0.424812
108 -2.29941 0.0636756 -0.38149 -0.0897724 0.90447 -0.00645839 0.416933
109 -2.26581 0.0305534 -0.330289 -0.0896097 0.909789 0.000918191 0.405281
110 -2.09796 -0.0766601 -0.160977 -0.0856688 0.939899 0.0363145 0.32853
111 -1.90877 -0.153456 -0.0191054 -0.0837691 0.956208 0.0573044 0.274529
114 -1.55631 -0.294563 0.176186 -0.10237 0.971276 0.0906245 0.194756
129 -1.3678 -0.341248 0.25358 -0.10866 0.962416 0.0827732 0.234728
140 -1.37719 -0.333967 0.227002 -0.105729 0.937878 0.0825295 0.319993
150 -1.37407 -0.324964 0.210519 -0.0908466 0.911577 0.0799962 0.392905
160 -1.36641 -0.314498 0.184305 -0.0820328 0.880628 0.0748068 0.460618
172 -1.35623 -0.304291 0.160734 -0.0759368 0.840836 0.0769214 0.530388
182 -1.35069 -0.29634 0.157718 -0.0494727 0.799497 0.0854644 0.592497
184 -1.34956 -0.296106 0.157378 -0.0415655 0.783745 0.0842082 0.613942
185 -1.34898 -0.295995 0.157237 -0.0396252 0.778351 0.0834472 0.620996
186 -1.3452 -0.29648 0.170895 -0.0391734 0.775201 0.0834179 0.624957
187 -1.29959 -0.305775 0.378234 -0.0395418 0.798409 0.0865314 0.594552
197 -1.3055 -0.298381 0.365519 -0.0363128 0.747108 0.0819665 0.658629
208 -1.30792 -0.29718 0.344438 -0.0142065 0.697365 0.0774033 0.712382
223 -1.3053 -0.304584 0.350919 0.0177851 0.646321 0.0696266 0.759674
242 -1.28672 -0.319174 0.366401 0.0692931 0.609896 0.0353632 0.788654
246 -1.28093 -0.327407 0.366729 0.0818667 0.606786 0.0298717 0.790074
247 -1.27989 -0.327507 0.366998 0.0853167 0.6057 0.0285743 0.79059
249 -1.27741 -0.327766 0.367647 0.0920186 0.603835 0.0251398 0.791381
250 -1.27598 -0.327938 0.368026 0.095275 0.60251 0.0235135 0.792055
252 -1.23948 -0.317416 0.294665 0.103023 0.585503 0.0166851 0.803924
256 -1.30924 -0.393243 0.467301 0.108094 0.607219 0.0123415 0.78705
260 -1.37411 -0.560664 0.619695 0.119018 0.626523 0.0447133 0.768963
262 -1.47469 -0.729799 1.01219 0.125428 0.666059 0.0988396 0.728604
267 -1.49178 -0.901482 1.19369 0.133155 0.686581 0.122257 0.704223
270 -1.51894 -1.4588 1.73159 0.12477 0.742579 0.213339 0.622491
276 -1.33899 -1.98498 2.34509 0.090318 0.817458 0.26725 0.502178
294 -1.30545 -1.9698 2.34082 0.125517 0.776297 0.267398 0.556872
311 -1.27432 -1.94298 2.31872 0.144778 0.726531 0.269848 0.615122
318 -1.15652 -2.19083 2.69697 0.124614 0.744475 0.27258 0.596597
330 -1.08099 -2.28622 2.92474 0.108959 0.751726 0.273643 0.590047
338 -1.04946 -2.16281 3.02292 0.132902 0.753324 0.26468 0.587184
352 -0.995966 -2.18201 3.11918 0.118988 0.759233 0.262396 0.583572
374 -0.942518 -2.16493 3.12029 0.148458 0.713299 0.255193 0.635642
390 -0.876921 -2.41127 3.3207 0.158232 0.70632 0.260212 0.639034
391 -0.809149 -2.84216 3.45491 0.103495 0.730012 0.290739 0.609788
394 -0.564968 -3.4945 3.88363 -0.0259309 0.765509 0.351726 0.538157
437 -0.465936 -3.4423 3.85531 0.020839 0.769305 0.299023 0.564199
479 -0.366951 -3.38476 3.82021 0.0398248 0.804109 0.237919 0.543339
505 -0.318635 -3.35282 3.80929 0.0871892 0.771783 0.22225 0.589368
531 -0.270752 -3.3177 3.78494 0.139287 0.727093 0.243937 0.626442
548 -0.262431 -3.29404 3.78906 0.152477 0.670157 0.275642 0.672058
566 -0.255937 -3.27176 3.78597 0.160388 0.610905 0.292663 0.717927
583 -0.25094 -3.25539 3.79033 0.166118 0.546745 0.317569 0.756719
602 -0.254037 -3.24475 3.79923 0.165682 0.480825 0.337887 0.791953
620 -0.255345 -3.23942 3.80431 0.178427 0.412863 0.346116 0.823354
641 -0.247099 -3.25054 3.83663 0.204592 0.349943 0.329014 0.852896
723 -0.141602 -3.29741 4.03412 0.133659 0.350997 0.355682 0.855819
739 -0.140651 -3.32832 4.0811 0.102472 0.41033 0.379255 0.822979
760 -0.139368 -3.35596 4.12235 0.0590748 0.466365 0.394341 0.789626
808 -0.113164 -3.39469 4.16581 0.120904 0.47556 0.351921 0.797105
825 -0.123248 -3.40525 4.17176 0.120028 0.404936 0.356079 0.833563
843 -0.143447 -3.4021 4.16111 0.106768 0.340156 0.345184 0.868183
855 -0.159122 -3.39776 4.15068 0.124156 0.273159 0.326828 0.896188
868 -0.188967 -3.41083 4.13676 0.138981 0.227993 0.317474 0.909897
871 -0.201723 -3.44428 4.13074 0.140567 0.224005 0.323756 0.90843
872 -0.217793 -3.44782 4.1345 0.140657 0.223289 0.327209 0.907354
873 -0.220329 -3.45774 4.13143 0.140682 0.22266 0.328799 0.90693
885 -0.250754 -3.46287 4.1005 0.166651 0.206019 0.310567 0.91287
886 -0.252225 -3.46233 4.09787 0.167885 0.202649 0.309631 0.913716
887 -0.253441 -3.46187 4.09566 0.169332 0.198684 0.308528 0.914692
888 -0.254717 -3.46136 4.0933 0.170368 0.193562 0.308048 0.915759
889 -0.250919 -3.45591 4.08819 0.17283 0.186215 0.306902 0.917205
890 -0.25223 -3.45532 4.08564 0.175496 0.179937 0.306103 0.918218
891 -0.25337 -3.45476 4.08337 0.178812 0.173403 0.305582 0.919009
892 -0.277986 -3.48371 4.08771 0.179291 0.172275 0.306622 0.918781
893 -0.40327 -3.64998 4.10831 0.162098 0.19975 0.317061 0.912851
894 -0.77901 -4.16749 4.2103 0.100968 0.296624 0.348222 0.883494
895 -1.33822 -5.16011 4.66113 -0.0148981 0.475012 0.397298 0.785045
896 -1.34608 -5.17887 4.68322 -0.0148981 0.475012 0.397298 0.785045
897 -1.55117 -6.33656 5.7872 -0.193202 0.744411 0.452491 0.451416
898 -1.58957 -6.32904 5.7409 -0.177519 0.73853 0.456362 0.463459
899 -1.63036 -6.31654 5.68799 -0.159912 0.731706 0.462097 0.474869
902 -1.97356 -6.18343 5.08652 -0.0862476 0.642659 0.48249 0.588858
904 -2.07111 -6.03871 4.8138 -0.0561687 0.596572 0.482007 0.639231
905 -2.07775 -6.00986 4.75914 -0.0383177 0.58718 0.490037 0.643128
906 -2.08404 -5.97864 4.70576 -0.0211526 0.57773 0.496537 0.647481
908 -3.20903 -4.32838 4.17329 -0.196264 0.806233 0.388848 -0.400333
909 -2.7813 -3.94535 3.74517 -0.0356584 0.783068 0.47484 0.400075
910 -2.8941 -3.87554 3.66736 -0.0240071 0.771501 0.468103 0.43022
911 -3.71095 -3.56197 2.14879 -0.183003 0.862564 0.377206 -0.283212
912 -4.66538 -4.11673 2.68544 -0.141454 0.899825 0.408833 -0.0562343
913 -4.64785 -4.11951 2.68209 -0.141454 0.899825 0.408833 -0.0562343
914 -4.70443 -4.12483 2.69188 -0.137873 0.901614 0.407953 -0.0407103
915 -4.68837 -4.1238 2.69565 -0.137873 0.901614 0.407953 -0.0407103
916 -3.01706 -3.36933 3.05092 -0.0175053 0.830934 0.411171 0.374408
917 -3.0079 -3.3763 3.0624 -0.0175053 0.830934 0.411171 0.374408
918 -2.9985 -3.38344 3.07418 -0.0175053 0.830934 0.411171 0.374408
919 -2.90925 -3.44916 3.12328 -0.024932 0.835813 0.417105 0.356116
920 -2.9103 -3.45046 3.124 -0.0230933 0.835174 0.41666 0.358252
921 -2.73728 -3.57727 3.15211 -0.0387802 0.838644 0.43552 0.3248
922 -2.48136 -3.76837 3.11164 -0.060475 0.833186 0.47214 0.281473
923 -2.50815 -3.75645 3.11153 -0.0472494 0.835906 0.467813 0.283162
924 -2.5227 -3.75529 3.10404 -0.0369025 0.837475 0.466146 0.28281
925 -2.53842 -3.7606 3.07985 -0.0227111 0.837695 0.46714 0.282013
927 -2.59283 -3.74562 3.0476 0.00452926 0.838838 0.462599 0.286935
928 -2.61769 -3.73017 3.04888 0.0171936 0.840847 0.457558 0.288653
929 -2.62496 -3.72854 3.04548 0.0272112 0.841943 0.455653 0.2877
930 -2.62221 -3.73916 3.03339 0.0322713 0.842219 0.456334 0.28528
931 -2.61942 -3.74942 3.02106 0.037001 0.84236 0.457269 0.282783
932 -2.62017 -3.75053 3.02168 0.0363965 0.843173 0.456028 0.282442
933 -2.62572 -3.73749 3.04157 0.0371034 0.845841 0.450379 0.283435
934 -2.62771 -3.7333 3.04829 0.0357494 0.847565 0.446615 0.284412
935 -2.63161 -3.72465 3.06156 0.0336901 0.849681 0.441917 0.285687
936 -2.63215 -3.72541 3.06203 0.0330602 0.850489 0.440624 0.285352
937 -2.63262 -3.72609 3.06245 0.0324902 0.851236 0.439424 0.28504
940 -2.68131 -3.79161 2.85857 0.041492 0.830973 0.468193 0.297585
941 -2.68713 -3.79629 2.83072 0.03796 0.828628 0.470125 0.301525
942 -2.68229 -3.78573 2.86422 0.0330579 0.83226 0.463234 0.302761
943 -2.68465 -3.77272 2.89423 0.0300855 0.835946 0.456643 0.30293
945 -2.68696 -3.72998 2.99344 0.0189946 0.846689 0.435547 0.305051
946 -2.76227 -3.8477 2.6658 0.0420058 0.811378 0.487218 0.320188
947 -2.81286 -3.909 2.37868 0.0597885 0.780826 0.526246 0.331362
948 -3.85562 -3.27213 1.90607 -0.0963753 0.950036 0.151453 0.255354
950 -3.85242 -3.33593 1.86894 -0.0972315 0.947338 0.163543 0.257587
951 -3.85011 -3.34289 1.86651 -0.0985383 0.947319 0.162615 0.257747
954 -3.84975 -3.41313 1.82056 -0.0976631 0.944346 0.175097 0.260796
956 -3.78532 -2.99099 2.06695 -0.132448 0.95845 0.0897099 0.236186
959 -3.76062 -2.9473 2.09777 -0.14225 0.959673 0.0816536 0.228309
960 -3.76014 -2.94705 2.09674 -0.14225 0.959673 0.0816536 0.228309
964 -3.66155 -2.81245 2.18657 -0.161207 0.964079 0.0554492 0.203687
