# width:480 height:360 psr bound:50 mu:0.8
1 0 0 0 0 0 0 1
2 -0.00875 0 0.000193425 0 0 0 1
7 -0.00875 0 -0.000420686 0.000689498 -0.00142869 -0.00025759 0.999999
8 -0.00874897 4.95034e-07 -0.000779858 0.000689498 -0.00142869 -0.00025759 0.999999
9 -0.0087497 1.452e-07 -0.000526036 0.000689498 -0.00142869 -0.00025759 0.999999
10 -0.00875159 -7.68215e-07 0.000136693 0.000689498 -0.00142869 -0.00025759 0.999999
11 -0.00874861 6.69462e-07 -0.000906414 0.000703555 -0.00142936 -0.00100527 0.999998
31 -0.0874661 0.000174865 -0.0123177 -0.00471771 0.0247529 -0.000343467 0.999682
44 -0.20665 0.000253539 -0.00970794 -0.0105137 0.0500344 0.000827864 0.998692
53 -0.26008 0.00919334 -0.00377782 -0.00582263 0.0574011 -0.00271424 0.998331
63 -0.364672 0.0100647 0.0275827 -0.0101093 0.081206 0.00503744 0.996633
71 -0.453696 0.000261455 0.0378065 -0.0171483 0.107035 0.00497271 0.994095
81 -0.495064 -0.0183822 0.00790708 -0.00688635 0.131244 -6.96713e-05 0.991326
82 -0.505151 -0.0184291 0.00570923 -0.00732521 0.135791 0.00120997 0.99071
83 -0.514635 -0.018469 0.0058281 -0.00710623 0.140307 0.00200504 0.99008
84 -0.471722 -0.0184372 -0.0107632 -0.00818275 0.13818 0.00267518 0.99037
85 -0.497349 -0.0185051 -0.00262825 -0.00849251 0.147035 0.00398937 0.989087
86 -0.506696 -0.0186014 -0.00257739 -0.00877225 0.150582 0.00594736 0.988541
88 -0.534601 -0.0189911 -0.00179107 -0.00992823 0.157863 0.0101373 0.987359
90 -0.552888 -0.0193864 -6.51903e-05 -0.0108178 0.164154 0.0133745 0.986285
91 -0.57039 -0.0198398 0.00411077 -0.0123642 0.168802 0.0144066 0.985467
92 -0.571359 -0.0199249 0.00136401 -0.0121198 0.170497 0.0150502 0.985169
93 -0.580672 -0.0202297 0.00190642 -0.0122925 0.17293 0.015468 0.984736
94 -0.597599 -0.0207071 0.00776751 -0.0134329 0.176395 0.0161458 0.984095
95 -0.607103 -0.021052 0.00788553 -0.0132796 0.179466 0.0165426 0.983535
96 -0.615534 -0.0213058 0.0109068 -0.0132593 0.181253 0.0166287 0.983206
97 -0.632851 -0.0218585 0.0157602 -0.014621 0.185226 0.0170327 0.982439
98 -0.641586 -0.0221481 0.0180081 -0.015825 0.187019 0.0173864 0.982075
108 -0.708529 -0.0149544 0.0634934 -0.0185093 0.212609 0.0195116 0.976767
114 -0.745366 -0.0154602 0.106169 -0.0251091 0.236065 0.0255594 0.971076
120 -0.793243 -0.0163455 0.162333 -0.0270478 0.260439 0.0265943 0.964745
127 -0.837585 -0.0255523 0.221321 -0.0256232 0.28612 0.0273711 0.95746
133 -0.879817 -0.0263777 0.281485 -0.0278405 0.314495 0.0322637 0.948302
138 -0.905202 -0.0271633 0.318864 -0.0252512 0.337935 0.0389092 0.940026
142 -0.9368 -0.0291301 0.361003 -0.0301881 0.360481 0.0448352 0.931199
147 -0.96122 -0.030577 0.408379 -0.0283142 0.384661 0.0478251 0.921383
153 -0.981268 -0.0318639 0.468482 -0.0310626 0.409341 0.0504549 0.910456
158 -0.991899 -0.0322637 0.524206 -0.0325166 0.430921 0.0593977 0.899845
163 -0.989942 -0.0397288 0.58756 -0.0322328 0.455775 0.0604072 0.887457
169 -0.984375 -0.0469827 0.670784 -0.0312759 0.47795 0.0556005 0.876067
181 -0.982963 -0.0547675 0.80633 -0.0351746 0.501081 0.0539427 0.863001
187 -0.975833 -0.0614489 0.894105 -0.0410143 0.522303 0.0553499 0.849973
192 -0.966096 -0.0754747 0.98013 -0.0354302 0.546218 0.0541883 0.835137
193 -0.963442 -0.0751293 0.999037 -0.033693 0.551157 0.0531654 0.832024
198 -0.959962 -0.0830617 1.07065 -0.0363492 0.574752 0.058488 0.815425
203 -0.954023 -0.0828105 1.1418 -0.0337828 0.59594 0.0627548 0.79986
211 -0.922429 -0.0886734 1.24406 -0.0338704 0.617839 0.0594347 0.783323
218 -0.870012 -0.100186 1.33299 -0.0195452 0.634996 0.0495235 0.770679
224 -0.810823 -0.11342 1.39594 -0.0075693 0.652893 0.041641 0.756267
230 -0.750138 -0.137259 1.45537 0.0121769 0.661441 0.0298913 0.749303
237 -0.6821 -0.165928 1.50834 0.0210336 0.669335 0.00981221 0.742598
244 -0.610621 -0.19512 1.56613 0.03645 0.681402 -0.00671312 0.730971
249 -0.560034 -0.200185 1.6124 0.0488026 0.698211 -0.00975018 0.71416
250 -0.549141 -0.201577 1.62115 0.0503939 0.702342 -0.00953713 0.70999
251 -0.542435 -0.202648 1.62973 0.0522276 0.706325 -0.0100091 0.705888
252 -0.532696 -0.195458 1.63874 0.0527647 0.709657 -0.00966374 0.702503
253 -0.521818 -0.196936 1.64713 0.0518914 0.712872 -0.00763071 0.69933
260 -0.449137 -0.215282 1.70468 0.057558 0.732046 -0.00951774 0.678753
270 -0.324528 -0.231152 1.76154 0.055999 0.748264 -0.018375 0.660778
281 -0.18099 -0.240438 1.80093 0.0622225 0.757758 -0.0384537 0.648423
307 -0.0110906 -0.244997 1.99684 0.0535024 0.771661 -0.0241716 0.633318
321 -0.010358 -0.241986 2.16267 0.0514795 0.756329 -0.0121075 0.65205
324 -0.0172722 -0.242625 2.18896 0.0503957 0.739551 -0.0133654 0.671078
326 -0.0234001 -0.251017 2.20541 0.051873 0.726172 -0.0121018 0.685446
327 -0.0221203 -0.251535 2.21283 0.0513394 0.718978 -0.0118418 0.693033
330 -0.02963 -0.252093 2.23561 0.0490634 0.699006 -0.0145197 0.713283
333 -0.0363986 -0.252935 2.26462 0.0479345 0.679799 -0.0141362 0.731694
336 -0.042446 -0.260824 2.28577 0.049758 0.659324 -0.0153115 0.750055
339 -0.0462426 -0.26124 2.29956 0.0538581 0.638098 -0.0197716 0.767814
342 -0.0506936 -0.261557 2.31271 0.0550385 0.617816 -0.0211406 0.784109
345 -0.0526292 -0.262162 2.32595 0.0591827 0.596539 -0.0226643 0.800078
349 -0.060341 -0.263012 2.35059 0.0622234 0.572377 -0.0234981 0.817289
359 -0.062605 -0.259735 2.3996 0.0585275 0.551878 -0.0232795 0.831543
363 -0.0644247 -0.262181 2.4361 0.057678 0.551555 -0.0222932 0.831843
365 -0.0643007 -0.263237 2.45061 0.0567637 0.551167 -0.0220823 0.832169
374 -0.062479 -0.261436 2.51463 0.0498025 0.575819 -0.0144186 0.815931
377 -0.0538856 -0.263754 2.53953 0.0402357 0.600508 -0.0130351 0.7985
381 -0.0466582 -0.265404 2.56306 0.0359362 0.625091 -0.0123083 0.779627
384 -0.03694 -0.266395 2.57205 0.0365716 0.64511 -0.0126377 0.763109
387 -0.0278711 -0.267327 2.58032 0.0392816 0.669394 -0.0151748 0.741713
390 -0.0155387 -0.268305 2.58158 0.0373689 0.694573 -0.0170755 0.718248
393 -0.00699442 -0.261867 2.58205 0.0355142 0.720312 -0.0169619 0.692533
396 0.00136017 -0.262484 2.58171 0.0355455 0.7451 -0.014041 0.665857
398 0.00864599 -0.262986 2.58088 0.0341457 0.760609 -0.0129739 0.648182
399 0.0129308 -0.263264 2.58019 0.0332692 0.768376 -0.0135041 0.638991
401 0.0228355 -0.263903 2.57834 0.0329455 0.784463 -0.0144529 0.619131
404 0.0374475 -0.265003 2.58276 0.0288796 0.805111 -0.015781 0.59221
406 0.0494646 -0.26583 2.58751 0.0244885 0.820831 -0.0153273 0.570441
408 0.0632637 -0.266637 2.59103 0.0216813 0.836878 -0.0129054 0.546807
410 0.0726481 -0.26712 2.59578 0.0211404 0.85242 -0.0120193 0.522292
412 0.0839391 -0.267689 2.60779 0.019504 0.86871 -0.00837284 0.494866
414 0.0909469 -0.260086 2.61307 0.019044 0.882943 -0.00572645 0.46906
415 0.0969809 -0.260366 2.6188 0.0166972 0.889023 -0.00224183 0.457552
418 0.11386 -0.260997 2.62721 0.00837726 0.90479 0.00376005 0.42576
421 0.134481 -0.252975 2.63198 0.00114722 0.921444 0.00316002 0.388497
424 0.153245 -0.252924 2.62532 -0.00397802 0.931339 0.00524574 0.364094
427 0.175459 -0.244259 2.61349 -0.00745706 0.940037 0.00353795 0.340972
431 0.218958 -0.234982 2.60123 -0.00841284 0.949552 0.00295818 0.313482
435 0.269653 -0.23407 2.57585 -0.00430888 0.957251 0.0067812 0.289146
440 0.320139 -0.224238 2.53144 0.00693726 0.963019 -0.00478733 0.269303
444 0.378121 -0.225416 2.48527 0.00581204 0.970114 -0.000887946 0.24258
449 0.417596 -0.217502 2.44686 0.00478694 0.976748 -0.0010763 0.214336
454 0.467275 -0.209657 2.4189 0.00102905 0.982367 0.00276851 0.186941
460 0.53232 -0.201033 2.39379 0.00610244 0.98706 0.00671637 0.160096
465 0.579619 -0.191608 2.37352 0.00768048 0.991418 0.00897641 0.130192
469 0.621462 -0.18227 2.36931 0.00614031 0.99507 0.0161996 0.0976505
472 0.652874 -0.182199 2.35869 0.00301009 0.997041 0.0250603 0.0726049
476 0.684072 -0.181101 2.33548 0.00265158 0.998578 0.0304027 0.0437191
480 0.721407 -0.180833 2.32947 -0.00163168 0.999262 0.0354942 0.014607
482 0.739409 -0.180567 2.32682 -0.0022549 0.999353 0.0358794 0.000717188
484 0.748373 -0.180216 2.32251 -0.00196839 0.999238 0.0380075 -0.00870993
489 0.774759 -0.177999 2.29455 0.00153923 0.998944 0.0313936 -0.0335072
490 0.783513 -0.177639 2.28809 0.00128904 0.998676 0.031316 -0.0407924
491 0.782746 -0.177049 2.27872 0.000503388 0.998507 0.0312004 -0.044824
496 0.788173 -0.165279 2.23695 -0.00957889 0.997203 0.0296719 -0.0679303
502 0.797922 -0.161276 2.17333 -0.00895227 0.994929 0.0299314 -0.0956012
509 0.792746 -0.156763 2.09878 -0.00415675 0.992181 0.0278958 -0.121577
514 0.806111 -0.162438 2.04073 -0.00063838 0.988955 0.020803 -0.146745
520 0.804411 -0.160893 2.00358 -0.00522757 0.984793 0.0112276 -0.173289
526 0.823982 -0.150594 1.9529 -0.012343 0.979344 0.0132979 -0.201383
531 0.848567 -0.148387 1.89671 -0.0153037 0.973236 0.0160653 -0.228733
535 0.857421 -0.146669 1.85705 -0.0153045 0.968955 0.0180471 -0.246102
536 0.866605 -0.145676 1.83821 -0.0153245 0.967392 0.0181213 -0.252171
537 0.869832 -0.145108 1.8265 -0.015143 0.966315 0.0184071 -0.256258
538 0.866434 -0.144917 1.82055 -0.0151904 0.965302 0.0185409 -0.260034
541 0.875355 -0.143185 1.78496 -0.0165706 0.961924 0.017408 -0.272257
542 0.878743 -0.14265 1.77419 -0.0173428 0.960825 0.0175777 -0.276054
543 0.881842 -0.142094 1.76307 -0.0188488 0.959901 0.0190766 -0.279054
544 0.884111 -0.141454 1.75074 -0.020582 0.958954 0.0201201 -0.282097
545 0.882904 -0.141394 1.74887 -0.0219913 0.958136 0.0220782 -0.284614
546 0.886363 -0.140725 1.73856 -0.0230897 0.957233 0.0234122 -0.287442
547 0.883866 -0.140583 1.73479 -0.0239984 0.956547 0.0236562 -0.289626
548 0.887677 -0.139888 1.72514 -0.0246047 0.955531 0.024099 -0.292873
549 0.886388 -0.139815 1.72324 -0.0244845 0.954606 0.0245514 -0.295846
550 0.889721 -0.13908 1.71304 -0.0243563 0.953571 0.0238714 -0.299232
551 0.894779 -0.138456 1.70539 -0.0244041 0.952255 0.0236412 -0.303406
552 0.893246 -0.138376 1.70323 -0.0241847 0.951146 0.0225643 -0.306964
553 0.895957 -0.137662 1.69242 -0.0238707 0.949768 0.0219922 -0.311266
554 0.899208 -0.136993 1.68245 -0.0227891 0.948464 0.0224278 -0.315267
555 0.902252 -0.136325 1.67228 -0.0219195 0.947343 0.0213067 -0.318759
556 0.899579 -0.136208 1.66877 -0.0215932 0.946419 0.0190165 -0.321657
557 0.895778 -0.13607 1.66383 -0.0208709 0.945354 0.018786 -0.324834
558 0.894597 -0.136028 1.66231 -0.0198586 0.943997 0.0196957 -0.328766
559 0.892963 -0.135965 1.66025 -0.018879 0.942656 0.0190069 -0.332688
560 0.896135 -0.135456 1.65126 -0.0180033 0.940878 0.0184016 -0.337766
561 0.89498 -0.135415 1.64986 -0.0175472 0.939465 0.0181202 -0.341715
562 0.897679 -0.134926 1.64045 -0.0176178 0.937702 0.0171761 -0.346568
563 0.895487 -0.134859 1.63789 -0.0177047 0.936046 0.0160323 -0.351065
564 0.897406 -0.134386 1.62775 -0.0176362 0.93377 0.0159306 -0.357083
565 0.899358 -0.13392 1.61777 -0.0174436 0.931579 0.0166565 -0.362739
566 0.901946 -0.133466 1.60859 -0.0174925 0.929444 0.0172054 -0.368146
567 0.903892 -0.132988 1.59881 -0.0177164 0.92728 0.0174756 -0.373541
568 0.905224 -0.13249 1.58849 -0.0174136 0.925214 0.0183592 -0.378601
569 0.905438 -0.13195 1.57714 -0.0169356 0.923392 0.0194332 -0.382991
570 0.902899 -0.131868 1.57461 -0.0177092 0.921749 0.0186665 -0.386932
571 0.903696 -0.131343 1.56402 -0.019404 0.919964 0.0172789 -0.391141
572 0.903889 -0.130818 1.55294 -0.0206199 0.918127 0.018304 -0.395326
573 0.900694 -0.130742 1.54992 -0.0217304 0.916765 0.0185704 -0.398402
574 0.90013 -0.130173 1.53859 -0.022891 0.915462 0.0178071 -0.401358
575 0.900515 -0.129632 1.5282 -0.0237844 0.914129 0.0186245 -0.404297
576 0.900257 -0.129056 1.51729 -0.0240001 0.912613 0.0203519 -0.407611
577 0.900145 -0.128435 1.5063 -0.0244735 0.911063 0.0203498 -0.411038
578 0.899864 -0.127825 1.49552 -0.0250615 0.909471 0.0205443 -0.414502
579 0.899869 -0.11932 1.48572 -0.0249838 0.90816 0.0206191 -0.417369
580 0.89884 -0.11869 1.47443 -0.0249231 0.907189 0.0206739 -0.419475
581 0.898145 -0.118068 1.46347 -0.0248603 0.906204 0.0207277 -0.4216
582 0.898816 -0.109582 1.45436 -0.0247817 0.904924 0.020795 -0.424342
583 0.897551 -0.10895 1.44304 -0.023881 0.903359 0.0224029 -0.427632
584 0.896276 -0.108278 1.43151 -0.0233034 0.901757 0.0231311 -0.430994
