# width:480 height:360 psr bound:50 mu:0.8
1 0 0 0 0 0 0 1
48 0.035 0.00875 -0.0362339 -0.00364596 0.0744213 0.019287 0.997034
68 0.0467979 0.0164297 -0.0539643 -0.00845152 0.14902 0.0352177 0.988171
89 0.0952244 0.0126025 -0.090452 -0.0159749 0.222978 0.0466896 0.973574
183 0.600349 -0.0392648 0.123335 -0.00528216 0.223492 0.00674629 0.974668
302 0.565772 -0.15024 0.923654 -0.0127236 0.151308 -0.0146974 0.988296
325 0.551718 -0.166349 1.06468 -0.0174676 0.0783532 -0.0359849 0.996123
338 0.534917 -0.175926 1.14 -0.0118013 0.00658695 -0.0583808 0.998203
347 0.51342 -0.186252 1.18087 -0.00945758 -0.0321649 -0.0729529 0.996772
349 0.505756 -0.184975 1.19107 -0.00990911 -0.0391332 -0.0763687 0.996262
350 0.505369 -0.184844 1.19612 -0.00899996 -0.0425373 -0.0777062 0.996028
351 0.505055 -0.184752 1.19986 -0.00742709 -0.0461328 -0.0787471 0.995799
353 0.489725 -0.182234 1.20938 -0.00717592 -0.05272 -0.0806586 0.995321
355 0.48162 -0.180872 1.21571 -0.00438814 -0.0605444 -0.0819123 0.994789
358 0.463916 -0.185556 1.22871 -0.00446582 -0.0681584 -0.0825918 0.99424
359 0.455299 -0.184136 1.23717 -0.00341719 -0.0724143 -0.0837054 0.99385
361 0.437559 -0.188798 1.24777 0.00231558 -0.0795853 -0.0841761 0.993265
363 0.457881 -0.192481 1.26112 0.00119056 -0.0899573 -0.0834029 0.992447
364 0.457054 -0.192423 1.26567 0.000974843 -0.0920505 -0.0825173 0.992329
367 0.429149 -0.203266 1.28087 0.0030894 -0.0990766 -0.0838532 0.991536
369 0.413792 -0.200716 1.28222 0.00680963 -0.102599 -0.0834488 0.991193
374 0.249415 -0.218722 1.27294 0.00275902 -0.0809473 -0.0894006 0.992697
376 0.232806 -0.215939 1.28306 0.00194062 -0.0879229 -0.0883795 0.992197
377 0.22479 -0.214571 1.28598 0.00216746 -0.0911968 -0.0883334 0.991905
378 0.216879 -0.213211 1.28817 0.00238729 -0.0943985 -0.0882894 0.991609
379 0.208848 -0.211845 1.29085 0.00212812 -0.0973461 -0.0888727 0.991272
381 0.200059 -0.210415 1.29727 0.00237631 -0.103724 -0.0918196 0.990356
383 0.183808 -0.207552 1.30288 0.00109511 -0.111846 -0.0948349 0.989189
384 0.183052 -0.207487 1.30621 0.00184275 -0.116482 -0.095603 0.988579
388 0.157966 -0.202933 1.31625 0.00147404 -0.131461 -0.0973883 0.986525
390 0.14849 -0.201282 1.32314 0.00165999 -0.141513 -0.0991716 0.984955
392 0.152476 -0.202478 1.33578 0.00250509 -0.154136 -0.100354 0.982937
394 0.149812 -0.20225 1.34414 0.000948866 -0.164163 -0.101239 0.981224
395 0.126513 -0.204883 1.34155 0.000842348 -0.165589 -0.101918 0.980914
396 0.118663 -0.203313 1.34241 0.00165846 -0.168845 -0.102414 0.980306
397 0.116937 -0.20315 1.34732 0.00136971 -0.173089 -0.102781 0.979528
398 0.108497 -0.20151 1.34967 0.00171814 -0.176122 -0.103798 0.978879
400 0.0990426 -0.199757 1.35469 0.00196642 -0.183704 -0.104757 0.977382
404 0.0926044 -0.199136 1.37139 8.22817e-05 -0.197643 -0.10647 0.974475
418 0.0294264 -0.218226 1.43287 -0.00700874 -0.254888 -0.122906 0.959102
430 -0.0171944 -0.224535 1.47912 0.00142339 -0.328238 -0.137541 0.934527
441 -0.0595488 -0.192225 1.49672 0.00492826 -0.378892 -0.129814 0.916278
460 -0.14629 -0.1452 1.52658 -0.00307535 -0.443417 -0.119006 0.888375
480 -0.211146 -0.126256 1.55222 -0.0426083 -0.500098 -0.125236 0.855805
495 -0.219231 -0.133442 1.58113 -0.0554879 -0.559919 -0.149314 0.813091
508 -0.226471 -0.132756 1.60135 -0.0452736 -0.623751 -0.154036 0.764956
525 -0.245042 -0.0982479 1.57752 -0.0327654 -0.681262 -0.158795 0.713857
531 -0.250188 -0.0278755 1.6926 -0.0629673 -0.705315 -0.114989 0.696666
534 -0.259538 -0.0254618 1.69257 -0.0520228 -0.711488 -0.123939 0.689723
558 -0.347222 -0.0446534 1.63263 -0.0177363 -0.760079 -0.111841 0.639888
567 -0.370861 -0.0421062 1.49035 -0.0470598 -0.784647 -0.0470573 0.61636
585 -0.443914 -0.0694532 1.44219 -0.0435882 -0.831624 -0.0505629 0.551312
601 -0.498723 0.0116715 1.27924 0.0103875 0.867139 0.0388397 -0.496442
608 -0.519515 0.100183 1.19949 -0.0112091 0.880952 0.0237013 -0.472478
622 -0.642281 0.0410821 1.18698 -0.0145502 0.916833 0.0315714 -0.397754
631 -0.699397 0.111321 1.1487 -0.0118402 0.926466 0.00829211 -0.376101
661 -0.848804 0.038009 0.981248 -0.0224049 0.952824 0.0175452 -0.302185
678 -0.975442 -0.00751366 0.87768 -0.0350602 0.973621 0.0195798 -0.224612
721 -1.02535 -0.0867358 0.524987 -0.0558974 0.986175 0.0271719 -0.153608
750 -1.0935 -0.157924 0.338725 -0.0752512 0.992821 -0.0148577 -0.0917776
783 -1.07445 -0.192078 0.180422 -0.089319 0.995569 -0.0238957 -0.0171173
808 -1.06774 -0.20385 0.0807926 -0.0961746 0.993283 -0.0200706 0.0611277
824 -1.09145 -0.21261 0.000992319 -0.110688 0.984257 -0.0226078 0.135924
843 -1.07972 -0.217791 -0.0999949 -0.125504 0.969582 -0.00980861 0.209912
868 -1.00318 -0.241961 -0.251756 -0.133597 0.949098 -0.00561413 0.28519
892 -0.920845 -0.254941 -0.381345 -0.145053 0.922631 0.00714368 0.357295
904 -0.849638 -0.263038 -0.453776 -0.163253 0.885475 0.00849228 0.434983
920 -0.766374 -0.264446 -0.506113 -0.173754 0.847569 0.014317 0.50123
939 -0.628683 -0.259278 -0.548986 -0.183987 0.804522 0.010478 0.56461
956 -0.510533 -0.245128 -0.578774 -0.193735 0.757419 0.0246497 0.623037
972 -0.397129 -0.227874 -0.601204 -0.200458 0.705847 0.0216567 0.679064
986 -0.302311 -0.212923 -0.604866 -0.213571 0.650542 0.0275891 0.7283
1008 -0.153777 -0.19957 -0.568995 -0.227254 0.591423 0.0204271 0.773406
1028 -0.0388246 -0.173316 -0.518627 -0.231712 0.527213 0.0291187 0.817012
1043 0.0533381 -0.157204 -0.475651 -0.243185 0.460911 0.0207571 0.853224
1057 0.123963 -0.142297 -0.428272 -0.245986 0.389864 0.0219567 0.887138
1071 0.170206 -0.136287 -0.369594 -0.240306 0.338917 0.0132419 0.909512
1097 0.23397 -0.118915 -0.227751 -0.232407 0.269039 0.0056146 0.934652
1123 0.286951 -0.0797489 -0.0513919 -0.214443 0.197923 0.00737777 0.956445
1173 0.353623 -0.0352707 0.253552 -0.177954 0.134681 0.0187649 0.974598
