# width:480 height:360 psr bound:50 mu:0.8
1 6.90157e-310 6.95332e-310 6.90159e-310 2.58651e-312 9.48043e-316 -2.58746e-312 0.5
2 0 0.00833333 -0.00231281 0.00128699 -0.000203279 -0.000307561 0.999999
3 0 0 -0.00233021 -0.00128218 0.000187034 -0.000238289 0.999999
4 0 0 -0.00182517 -0.00159889 0.000709168 -0.000451337 0.999998
5 0 0.00833333 -0.00258105 -0.00161482 0.000699357 -0.0010033 0.999998
6 0 0.0166667 -0.00246589 -0.00139027 0.000680236 -0.000624908 0.999999
7 0 0 -0.001871 -0.00421278 0.00122758 -0.000874612 0.99999
8 0 0.00833333 -0.00117127 -0.00195144 0.000680351 -0.000464343 0.999998
9 0 0.00833333 -0.00159697 -0.00143381 0.000705339 -0.000517897 0.999999
10 0 0.00833333 -0.00109087 -0.00236439 0.000811962 -0.000588826 0.999997
11 0 0.00833333 -0.000247422 -0.00157513 0.000679512 -0.000336008 0.999998
12 0 0 0.000470449 -0.00159172 0.000689567 -0.000371632 0.999998
13 0 0.00833333 0.000963004 0 0 0 1
14 0 0 0.000924207 0 0 0 1
15 0 0.00833333 0.000982912 0.00131401 -2.02022e-05 0.00119941 0.999998
16 0 0 0.000856123 0.00139055 -5.37509e-05 0.00118137 0.999998
17 0 0 0.000130999 0.0013858 -0.000285307 0.000666895 0.999999
18 0 0.00833333 0.00022484 0.000975436 -0.000466152 -4.30027e-06 0.999999
19 0 0.00833333 -0.000117805 0.000653785 -0.000322427 -0.00113071 0.999999
20 0 0 -0.000809312 -0.000787395 0.000317948 -0.00414989 0.999991
21 0 0 -0.000675662 -0.0014636 0.00069997 -0.0034793 0.999993
22 0 0 -0.000813415 -0.00146103 0.000700664 -0.00330243 0.999993
23 -0.00833333 0.00833333 -0.000594643 -0.00144844 0.000702537 -0.00239085 0.999996
24 -0.00833333 0.00833333 -0.000623041 -0.00143573 0.000702788 -0.00229495 0.999996
25 -0.00833333 0.00833333 -0.000523586 -0.00144272 0.000710844 -0.00236756 0.999996
26 -0.00833333 0 -0.000807589 -0.00146182 0.000710052 -0.00310736 0.999994
27 -0.00833333 0 -0.000655306 -0.00145714 0.000708864 -0.00393398 0.999991
28 -0.00833333 0 -0.000333876 -0.00146207 0.000709428 -0.00338511 0.999993
29 -0.00833333 0 -0.000479119 -0.00145378 0.000708236 -0.00366895 0.999992
30 -0.00833333 0 -0.000578076 -0.00150263 0.00074676 -0.00590478 0.999981
31 0 0 -0.000590934 -0.00151004 0.000749505 -0.00686687 0.999975
32 -0.00833333 0.00833333 0.000130637 -0.00143951 0.000709012 -0.00364783 0.999992
33 -0.00833333 0.00833333 0.000326943 -0.00143721 0.000707267 -0.00460879 0.999988
34 -0.00833333 0.00833333 -0.0002775 -0.00139533 0.000673823 -0.00466528 0.999988
35 -0.00833333 0.0166667 -5.27917e-05 -0.00142541 0.000707303 -0.00340759 0.999993
36 -0.00833333 0.00833333 0.000132646 -0.00273441 0.00188279 -0.00539312 0.99998
37 -0.00833333 0.00833333 0.000151298 -0.00262968 0.00324846 -0.00567422 0.999975
38 -0.0166667 0.0166667 -0.000498925 -0.00259919 0.00412908 -0.00482985 0.999976
39 -0.0166667 0.00833333 0.000444314 -0.00469312 0.00494394 -0.00406989 0.999968
40 -0.0166667 0.00833333 0.00248435 -0.00580695 0.00520186 -0.00307623 0.999965
41 -0.0166667 0.00833333 0.00353715 -0.0051429 0.00557833 -0.00228496 0.999969
42 -0.0166667 0.00833333 0.00533904 -0.00500617 0.00584175 -0.00171436 0.999969
43 -0.0166667 0.00833333 0.00729957 -0.00484933 0.00622889 -0.00137458 0.999968
44 -0.0166667 0.00833333 0.00907622 -0.00400531 0.00711119 -0.00177838 0.999965
45 -0.0166667 0.00833333 0.0109814 -0.00343853 0.0079663 -0.00268331 0.999959
46 -0.0166667 0.0166667 0.0140446 -0.00432253 0.0091109 -0.00381959 0.999942
47 -0.025 0.0166667 0.0186182 -0.00519187 0.0102343 -0.00518657 0.999921
48 -0.025 0.0166667 0.0221774 -0.00541421 0.0106694 -0.00693282 0.999904
49 -0.025 0.0166667 0.0271514 -0.00721686 0.011078 -0.00887809 0.999873
50 -0.0248706 0.0167493 0.0329551 -0.00891937 0.0115121 -0.0105545 0.999838
51 -0.0247392 0.0168333 0.0388527 -0.00949844 0.0113876 -0.0121434 0.999816
52 -0.0246057 0.0169186 0.0448406 -0.00975283 0.0110946 -0.0133869 0.999801
53 -0.0163471 0.0168605 0.0508025 -0.0111623 0.0108686 -0.0147109 0.99977
54 -0.0161698 0.0169738 0.0587598 -0.0127298 0.010653 -0.015473 0.999742
55 -0.0159916 0.0170876 0.0667533 -0.0133236 0.00944002 -0.0161069 0.999737
56 -0.0158202 0.0171971 0.0744447 -0.0132583 0.00752541 -0.0171613 0.999737
57 -0.00762931 0.00906419 0.083899 -0.0132653 0.00616752 -0.0184902 0.999722
58 -0.0074331 0.00918955 0.092702 -0.0114218 0.00454422 -0.0201795 0.999721
59 0.00101225 0.0172823 0.10051 -0.00990194 0.00319485 -0.0229053 0.999683
60 -0.0170181 -0.0223742 0.110204 -0.00979348 0.00174519 -0.00449018 0.99994
61 -0.0169856 -0.0221962 0.119297 -0.00940751 0.000179126 -0.00662849 0.999934
62 -0.00882611 -0.0220788 0.129009 -0.00883403 -0.00183402 -0.00912158 0.999918
63 -0.000667396 -0.0219656 0.138506 -0.00884438 -0.00422027 -0.0109908 0.999892
64 -0.000634377 -0.021785 0.147733 -0.00845273 -0.00669132 -0.0139393 0.999845
65 0.00752355 -0.0216761 0.157011 -0.00868231 -0.00916815 -0.0168724 0.999778
66 0.0151792 -0.029884 0.167715 -0.00997628 -0.0117546 -0.0201209 0.999679
67 0.0150219 -0.0297299 0.176432 -0.00808654 -0.0135677 -0.0239966 0.999587
68 0.0229713 -0.0298365 0.185986 -0.00618504 -0.0163713 -0.0270846 0.99948
69 0.023099 -0.0215727 0.194031 -0.0057601 -0.0191005 -0.0297419 0.999358
70 0.0308411 -0.0219327 0.203922 -0.00620775 -0.0221388 -0.0315816 0.999237
71 0.0305252 -0.0218271 0.212265 -0.00551755 -0.0253417 -0.0329524 0.99912
72 0.0382986 -0.0221975 0.221326 -0.00572793 -0.0282099 -0.0342594 0.998998
73 0.0379608 -0.0220846 0.230247 -0.00647728 -0.0315972 -0.0360077 0.998831
74 0.0452457 -0.0305639 0.239493 -0.00541301 -0.0350807 -0.0382932 0.998636
75 0.0528156 -0.0310831 0.247388 -0.00383961 -0.0387787 -0.0414286 0.998381
76 0.0529536 -0.0228881 0.254289 -0.00422121 -0.0422159 -0.0446212 0.998103
77 0.0597771 -0.0314844 0.263996 -0.00570362 -0.0458155 -0.048265 0.997767
78 0.0591559 -0.0313641 0.272892 -0.00552023 -0.0485423 -0.0518921 0.997457
79 0.05842 -0.0312414 0.2805 -0.0047175 -0.0519441 -0.0550552 0.99712
80 0.0656672 -0.0319454 0.289518 -0.0054054 -0.0563842 -0.0580349 0.996706
81 0.0648238 -0.0318048 0.298237 -0.00598284 -0.060324 -0.0618958 0.99624
82 0.0637724 -0.0316342 0.306975 -0.0064248 -0.0647055 -0.0656108 0.995724
83 0.070766 -0.0324664 0.31635 -0.00831921 -0.0687095 -0.0687642 0.995229
84 0.069829 -0.0323143 0.324136 -0.0100281 -0.0728626 -0.0715439 0.994722
85 0.0686746 -0.03207 0.332093 -0.0104851 -0.077356 -0.0743095 0.994175
86 0.0755649 -0.0329753 0.342061 -0.0106409 -0.0818322 -0.0771423 0.993599
87 0.0742584 -0.0326988 0.351066 -0.0103437 -0.0859505 -0.080184 0.993014
88 0.080876 -0.0337094 0.361158 -0.0104168 -0.089512 -0.083164 0.992453
89 0.0794669 -0.0334232 0.369368 -0.00998465 -0.0927707 -0.0870213 0.991827
90 0.085716 -0.034359 0.381608 -0.00886256 -0.096438 -0.090036 0.991219
91 0.0840112 -0.0340128 0.391542 -0.00886463 -0.0994773 -0.0931266 0.990633
92 0.0820065 -0.0336426 0.401594 -0.00896198 -0.102899 -0.0950935 0.990095
93 0.0882241 -0.0348319 0.412309 -0.00991849 -0.106874 -0.0966544 0.989514
94 0.0863135 -0.0344791 0.421889 -0.0103045 -0.111191 -0.0984081 0.988861
95 0.0924602 -0.0356553 0.432959 -0.0113599 -0.116133 -0.100795 0.988041
96 0.0878184 -0.0434322 0.445444 -0.0121368 -0.121009 -0.104347 0.987077
97 0.0937336 -0.0446624 0.456939 -0.0105826 -0.125127 -0.108113 0.986176
98 0.0996802 -0.0458989 0.468301 -0.00994799 -0.129299 -0.111817 0.985231
99 0.102861 -0.0555171 0.481734 -0.00982151 -0.133398 -0.116182 0.98418
100 0.100553 -0.0550737 0.490567 -0.00719054 -0.137621 -0.118293 0.983369
101 0.0982356 -0.0546286 0.499432 -0.0046906 -0.141737 -0.12059 0.982521
102 0.111748 -0.0582804 0.51247 -0.00308576 -0.146259 -0.122881 0.98158
103 0.117028 -0.0598754 0.524097 0.000107849 -0.151209 -0.125092 0.980555
104 0.103893 -0.0656627 0.532395 0.00246266 -0.155255 -0.127273 0.979638
105 0.109632 -0.0675889 0.542249 0.00474926 -0.159023 -0.129096 0.978787
106 0.107061 -0.0672963 0.550276 0.00741682 -0.162976 -0.130516 0.977931
107 0.112997 -0.0692449 0.559517 0.00840829 -0.16696 -0.132295 0.977012
108 0.107503 -0.0773335 0.569494 0.0102815 -0.171291 -0.133923 0.976022
109 0.11281 -0.0794516 0.579695 0.0131358 -0.176429 -0.13445 0.974999
110 0.110547 -0.0792782 0.586015 0.0157084 -0.182536 -0.13459 0.973817
111 0.115826 -0.0813942 0.596295 0.0179844 -0.188728 -0.134729 0.972577
112 0.120766 -0.0835762 0.606084 0.019902 -0.194613 -0.1353 0.9713
113 0.118006 -0.0834584 0.612971 0.0224656 -0.200731 -0.13582 0.969925
114 0.115402 -0.0833473 0.619468 0.0243454 -0.206648 -0.136727 0.968509
115 0.11989 -0.0856264 0.629577 0.0257785 -0.212052 -0.138156 0.9671
116 0.116722 -0.0855536 0.636687 0.0276398 -0.217522 -0.138887 0.965728
