# width:480 height:360 psr bound:50 mu:0.8
1 6.94991e-310 4.68112e-310 6.94989e-310 -1.13438e-310 -9.48039e-316 1.13439e-310 0.5
2 0 0.00833333 -0.00231281 0.00128699 -0.000203279 -0.000307561 0.999999
3 0 0 -0.00233021 -0.00128218 0.000187034 -0.000238289 0.999999
4 0 0 -0.00182517 -0.00159889 0.000709168 -0.000451337 0.999998
5 0 0.00833333 -0.00258105 -0.00161482 0.000699357 -0.0010033 0.999998
6 0 0.0166667 -0.00246589 -0.00139027 0.000680236 -0.000624908 0.999999
7 0 0 -0.001871 -0.00421278 0.00122758 -0.000874612 0.99999
8 0 0.00833333 -0.00117127 -0.00195144 0.000680351 -0.000464343 0.999998
9 0 0.00833333 -0.00159697 -0.00143381 0.000705339 -0.000517897 0.999999
10 0 0.00833333 -0.00109087 -0.00236439 0.000811962 -0.000588826 0.999997
11 0 0.00833333 -0.000247422 -0.00157513 0.000679512 -0.000336008 0.999998
12 0 0 0.000470449 -0.00159172 0.000689567 -0.000371632 0.999998
13 0 0.00833333 0.000963004 0 0 0 1
14 0 0 0.000924207 0 0 0 1
15 0 0.00833333 0.000982912 0.00131401 -2.02022e-05 0.00119941 0.999998
16 0 0 0.000856123 0.00139055 -5.37509e-05 0.00118137 0.999998
17 0 0 0.000130999 0.0013858 -0.000285307 0.000666895 0.999999
18 0 0.00833333 0.00022484 0.000975436 -0.000466152 -4.30027e-06 0.999999
19 0 0.00833333 -0.000117805 0.000653785 -0.000322427 -0.00113071 0.999999
20 0 0 -0.000809312 -0.000787395 0.000317948 -0.00414989 0.999991
21 0 0 -0.000675662 -0.0014636 0.00069997 -0.0034793 0.999993
22 0 0 -0.000813415 -0.00146103 0.000700664 -0.00330243 0.999993
23 -0.00833333 0.00833333 -0.000594643 -0.00144844 0.000702537 -0.00239085 0.999996
24 -0.00833333 0.00833333 -0.000623041 -0.00143573 0.000702788 -0.00229495 0.999996
25 -0.00833333 0.00833333 -0.000523586 -0.00144272 0.000710844 -0.00236756 0.999996
26 -0.00833333 0 -0.000807589 -0.00146182 0.000710052 -0.00310736 0.999994
27 -0.00833333 0 -0.000655306 -0.00145714 0.000708864 -0.00393398 0.999991
28 -0.00833333 0 -0.000333876 -0.00146207 0.000709428 -0.00338511 0.999993
29 -0.00833333 0 -0.000479119 -0.00145378 0.000708236 -0.00366895 0.999992
30 -0.00833333 0 -0.000578076 -0.00150263 0.00074676 -0.00590478 0.999981
31 0 0 -0.000590934 -0.00151004 0.000749505 -0.00686687 0.999975
32 -0.00833333 0.00833333 0.000130637 -0.00143951 0.000709012 -0.00364783 0.999992
33 -0.00833333 0.00833333 0.000326943 -0.00143721 0.000707267 -0.00460879 0.999988
34 -0.00833333 0.00833333 -0.0002775 -0.00139533 0.000673823 -0.00466528 0.999988
35 -0.00833333 0.0166667 -5.27917e-05 -0.00142541 0.000707303 -0.00340759 0.999993
36 -0.00833333 0.00833333 0.000132646 -0.00273441 0.00188279 -0.00539312 0.99998
37 -0.00833333 0.00833333 0.000151298 -0.00262968 0.00324846 -0.00567422 0.999975
38 -0.0166667 0.0166667 -0.000498925 -0.00259919 0.00412908 -0.00482985 0.999976
39 -0.0166667 0.00833333 0.000444314 -0.00469312 0.00494394 -0.00406989 0.999968
40 -0.0166667 0.00833333 0.00248435 -0.00580695 0.00520186 -0.00307623 0.999965
41 -0.0166667 0.00833333 0.00353715 -0.0051429 0.00557833 -0.00228496 0.999969
42 -0.0166667 0.00833333 0.00533904 -0.00500617 0.00584175 -0.00171436 0.999969
43 -0.0166667 0.00833333 0.00729957 -0.00484933 0.00622889 -0.00137458 0.999968
44 -0.0166667 0.00833333 0.00907622 -0.00400531 0.00711119 -0.00177838 0.999965
45 -0.0166667 0.00833333 0.0109814 -0.00343853 0.0079663 -0.00268331 0.999959
46 -0.0166667 0.0166667 0.0140446 -0.00432253 0.0091109 -0.00381959 0.999942
47 -0.025 0.0166667 0.0186182 -0.00519187 0.0102343 -0.00518657 0.999921
48 -0.025 0.0166667 0.0221774 -0.00541421 0.0106694 -0.00693282 0.999904
49 -0.0248918 0.0167206 0.0272301 -0.00722618 0.0110761 -0.00887569 0.999873
50 -0.0247682 0.0167823 0.0330022 -0.00892665 0.0115109 -0.0105502 0.999838
51 -0.0246369 0.0168478 0.0391323 -0.00950513 0.0113867 -0.0121349 0.999816
52 -0.0245114 0.0169104 0.0449889 -0.00975836 0.0110942 -0.0133737 0.999801
53 -0.0161472 0.0249854 0.0508028 -0.0111663 0.0108687 -0.0146965 0.999771
54 -0.0160863 0.0169478 0.0589513 -0.0127324 0.0106517 -0.0154617 0.999743
55 -0.01591 0.0170357 0.0671835 -0.0133287 0.00944466 -0.0160982 0.999737
56 -0.0157372 0.0171219 0.0752492 -0.0132625 0.00752801 -0.0171508 0.999737
57 -0.0158749 0.00924046 0.0844483 -0.0132696 0.00617008 -0.0183814 0.999724
58 -0.00760298 0.00921867 0.0941673 -0.0114346 0.00454298 -0.0200792 0.999723
59 -0.00721133 0.0175302 0.10134 -0.00991104 0.00319368 -0.0225746 0.999691
60 0.00105385 0.017497 0.110624 -0.00981481 0.00189496 -0.0252247 0.999632
61 0.00120231 0.0177484 0.120193 -0.00946534 0.000322782 -0.0276202 0.999574
62 0.00121342 0.0179281 0.129701 -0.00895748 -0.00170081 -0.0299192 0.999511
63 0.00933687 0.017655 0.138984 -0.00899114 -0.00408613 -0.0322095 0.999432
64 0.017461 0.0173925 0.148828 -0.008656 -0.00656571 -0.035159 0.999323
65 0.025584 0.0171131 0.157783 -0.00894602 -0.00902855 -0.0393796 0.999143
66 0.0328612 0.0085702 0.168489 -0.0102977 -0.0115854 -0.042625 0.998971
67 0.03271 0.00873229 0.177206 -0.00844904 -0.0134408 -0.0464975 0.998792
68 0.0406455 0.00826906 0.186761 -0.00661097 -0.0162867 -0.049582 0.998615
69 0.0411442 0.0165197 0.194805 -0.00624744 -0.0190249 -0.0522357 0.998434
70 0.0488611 0.0158128 0.204697 -0.00676327 -0.0220525 -0.054072 0.998271
71 0.0485494 0.0159335 0.213039 -0.00614528 -0.0252702 -0.0554397 0.998123
72 0.0562972 0.0152146 0.222102 -0.00642011 -0.028133 -0.0567434 0.997972
73 0.0559639 0.0153437 0.231023 -0.00724542 -0.0315027 -0.0584874 0.997765
74 0.0635198 0.0145446 0.239543 -0.00626198 -0.0350074 -0.060758 0.997519
75 0.0630378 0.0146857 0.247299 -0.0047718 -0.0387405 -0.0638914 0.997193
76 0.0716121 0.0219357 0.254664 -0.00522835 -0.0421681 -0.067054 0.996844
77 0.0789125 0.0209925 0.26399 -0.00679121 -0.0457327 -0.070708 0.996425
78 0.078187 0.0211324 0.272661 -0.00666406 -0.0484609 -0.074223 0.996041
79 0.085578 0.0201717 0.280903 -0.00594051 -0.0518834 -0.0774354 0.995629
80 0.0926891 0.0190932 0.290227 -0.0067395 -0.0562932 -0.0806999 0.995125
81 0.0918445 0.019257 0.298431 -0.007394 -0.0602218 -0.0842898 0.994592
82 0.0909927 0.0194223 0.306704 -0.00793559 -0.0646098 -0.0880062 0.993991
83 0.0899631 0.0196423 0.31474 -0.00991993 -0.0685375 -0.0911258 0.993429
84 0.0968906 0.0184436 0.323629 -0.0117237 -0.0726833 -0.0939026 0.992855
85 0.0958517 0.0186656 0.331737 -0.0122757 -0.0771465 -0.0966339 0.99225
86 0.102603 0.0174292 0.341733 -0.012532 -0.0816174 -0.0994426 0.991611
87 0.101228 0.0177873 0.350739 -0.0123229 -0.0857416 -0.102428 0.990962
88 0.0999482 0.0181208 0.359129 -0.0124765 -0.0893025 -0.105407 0.990333
89 0.0984572 0.0184934 0.367547 -0.0120733 -0.0925707 -0.108787 0.989672
90 0.10462 0.0172351 0.379503 -0.0110791 -0.096261 -0.112256 0.988944
91 0.102871 0.0176721 0.389377 -0.0111505 -0.0992991 -0.115344 0.988287
92 0.100884 0.0181331 0.399429 -0.0113245 -0.102718 -0.117298 0.987705
93 0.107041 0.0166671 0.410144 -0.01237 -0.10667 -0.118846 0.987089
94 0.105147 0.0171065 0.419725 -0.0128527 -0.110978 -0.120584 0.986397
95 0.111234 0.0156568 0.430795 -0.0140187 -0.115895 -0.122951 0.985523
96 0.106247 0.00809762 0.443281 -0.0149047 -0.120752 -0.126481 0.984479
97 0.1121 0.00660443 0.454777 -0.0134432 -0.124904 -0.130225 0.983494
98 0.117984 0.00510351 0.466139 -0.0129022 -0.12909 -0.133907 0.982465
99 0.120729 -0.0046462 0.479573 -0.0128675 -0.133191 -0.138247 0.981317
100 0.118442 -0.00409849 0.488406 -0.0103319 -0.137472 -0.140339 0.980459
101 0.116146 -0.00354874 0.497271 -0.00792491 -0.141643 -0.142615 0.979559
102 0.12948 -0.00780213 0.510311 -0.00642187 -0.1462 -0.144884 0.978567
103 0.134683 -0.0096312 0.521938 -0.0033401 -0.151221 -0.147072 0.977492
104 0.1213 -0.0148218 0.530235 -0.00107659 -0.155319 -0.149231 0.976527
105 0.126946 -0.0170027 0.54009 0.00112493 -0.159138 -0.151034 0.975634
106 0.124391 -0.0165939 0.548117 0.00370317 -0.163149 -0.152434 0.974747
107 0.130232 -0.018806 0.557359 0.00460505 -0.167154 -0.154192 0.973788
108 0.13584 -0.0211558 0.566654 0.00637936 -0.171525 -0.155797 0.972762
109 0.133697 -0.0208767 0.572842 0.00911686 -0.176727 -0.156298 0.971728
110 0.146337 -0.0257618 0.587321 0.0115521 -0.18289 -0.156414 0.970542
111 0.144032 -0.0255382 0.593315 0.013686 -0.189129 -0.156525 0.9693
112 0.149026 -0.0279194 0.602974 0.0154674 -0.19506 -0.157062 0.96801
113 0.153429 -0.0302433 0.614166 0.0178989 -0.201231 -0.157553 0.966624
114 0.150721 -0.0300457 0.620468 0.0196425 -0.207186 -0.15843 0.965188
115 0.155218 -0.0324951 0.630558 0.0209597 -0.212625 -0.159823 0.963747
116 0.152132 -0.0322699 0.637738 0.0226944 -0.218134 -0.160523 0.962359
117 0.155681 -0.0347628 0.649176 0.0237602 -0.224666 -0.16129 0.960701
118 0.15228 -0.034553 0.656372 0.0255044 -0.231892 -0.161731 0.958863
119 0.148396 -0.0343292 0.664013 0.0273049 -0.238086 -0.162698 0.957131
120 0.151074 -0.0367633 0.676157 0.0283108 -0.244547 -0.164186 0.955216
121 0.153236 -0.0392326 0.688686 0.0300117 -0.251278 -0.166236 0.95306
122 0.149191 -0.03901 0.696148 0.0312191 -0.257788 -0.167639 0.951035
123 0.151124 -0.0414802 0.708087 0.0323715 -0.264036 -0.168631 0.949105
124 0.152859 -0.0439395 0.720371 0.0337529 -0.270751 -0.169615 0.946987
125 0.154317 -0.0464314 0.732576 0.0354226 -0.277244 -0.171033 0.94479
126 0.150044 -0.0462039 0.739512 0.0363521 -0.283268 -0.172952 0.942616
127 0.151772 -0.0487087 0.750447 0.0373197 -0.289218 -0.175247 0.940345
128 0.153038 -0.0511886 0.762087 0.0389166 -0.295136 -0.176557 0.938194
129 0.148587 -0.050944 0.768539 0.0393939 -0.300606 -0.178054 0.936152
130 0.160368 -0.0490029 0.782477 0.0383908 -0.306346 -0.1796 0.934035
131 0.162375 -0.0515856 0.792604 0.0378377 -0.312562 -0.180495 0.931824
132 0.158126 -0.051284 0.798318 0.0381541 -0.318729 -0.182114 0.929403
133 0.159924 -0.0538464 0.808276 0.0376975 -0.325002 -0.184588 0.926758
134 0.156397 -0.0535597 0.812773 0.0388444 -0.331202 -0.186438 0.924141
135 0.16695 -0.0518066 0.827141 0.0392937 -0.337996 -0.188383 0.921264
136 0.167453 -0.0542649 0.83773 0.038572 -0.345039 -0.190044 0.918337
137 0.164577 -0.054017 0.841196 0.0376772 -0.351537 -0.190768 0.915756
138 0.164702 -0.0564082 0.851879 0.0376148 -0.358819 -0.190555 0.912975
139 0.170844 -0.052023 0.860108 0.0378475 -0.366886 -0.190485 0.909768
140 0.166479 -0.0539274 0.875217 0.0355144 -0.382077 -0.190813 0.903519
141 0.161742 -0.0533781 0.879964 0.0350262 -0.390091 -0.190037 0.900271
142 0.170746 -0.0516092 0.895262 0.0338135 -0.397952 -0.189319 0.897022
143 0.17003 -0.0537621 0.905756 0.0324825 -0.405341 -0.188725 0.893883
144 0.166076 -0.0532723 0.909461 0.0320101 -0.412243 -0.188347 0.890818
145 0.162344 -0.0527812 0.91275 0.0325712 -0.419632 -0.187576 0.887504
146 0.156381 -0.0519963 0.918007 0.0340304 -0.426915 -0.187249 0.884038
147 0.150725 -0.0512616 0.922672 0.0338994 -0.433529 -0.187832 0.880694
148 0.145981 -0.0506452 0.926586 0.0332047 -0.440405 -0.188406 0.87718
149 0.140363 -0.0498747 0.93095 0.0328513 -0.447259 -0.188892 0.873613
150 0.137904 -0.051798 0.942205 0.0326027 -0.45357 -0.18932 0.87027
151 0.132269 -0.05099 0.946326 0.0326031 -0.460011 -0.189206 0.866907
152 0.128599 -0.0527195 0.958156 0.0331949 -0.466977 -0.189148 0.863165
153 0.122074 -0.0517683 0.962632 0.0339 -0.473459 -0.189202 0.859587
154 0.118029 -0.0533814 0.974128 0.0342539 -0.479311 -0.189426 0.856274
155 0.105918 -0.0538169 0.990504 0.0340275 -0.489377 -0.189157 0.85063
156 0.099533 -0.0528757 0.994625 0.0331125 -0.495201 -0.189109 0.8473
157 0.0924593 -0.0517861 0.998839 0.0329669 -0.501108 -0.189133 0.84382
158 0.0872714 -0.05319 1.01031 0.0323044 -0.506974 -0.19023 0.840087
159 0.0826493 -0.0546535 1.02116 0.0318598 -0.512744 -0.191098 0.836397
160 0.0764703 -0.0536623 1.02462 0.0323339 -0.518455 -0.19242 0.832546
161 0.0698034 -0.0525532 1.02812 0.0322536 -0.523572 -0.194429 0.828873
162 0.0650847 -0.0539984 1.03873 0.0313052 -0.528647 -0.195851 0.825345
163 0.0594426 -0.0530598 1.0417 0.030906 -0.534599 -0.196613 0.821336
164 0.0533164 -0.0519626 1.04463 0.030428 -0.540671 -0.197834 0.817075
165 0.0480242 -0.0532744 1.05514 0.0292609 -0.54636 -0.198569 0.813145
166 0.0432002 -0.054571 1.06495 0.0285109 -0.552281 -0.198234 0.809244
167 0.0368691 -0.0533796 1.06778 0.0288347 -0.55771 -0.198286 0.805488
168 0.0317468 -0.052396 1.06989 0.0277811 -0.562747 -0.199211 0.801784
169 0.0265201 -0.0535983 1.07964 0.0274188 -0.568053 -0.199067 0.798083
170 0.0208866 -0.0525165 1.08196 0.0275281 -0.573589 -0.198888 0.794155
171 0.0156191 -0.0514628 1.08391 0.0260946 -0.57883 -0.199216 0.790309
172 0.0110132 -0.0505414 1.08561 0.0239141 -0.583869 -0.199004 0.786716
173 0.00678209 -0.0496536 1.08706 0.0220591 -0.589462 -0.1977 0.782919
174 0.00722453 -0.044582 1.09709 0.0202821 -0.595559 -0.196244 0.778708
175 0.00302839 -0.0436752 1.09839 0.0182117 -0.601184 -0.194965 0.774748
176 -0.000849919 -0.0428371 1.09959 0.0163454 -0.607403 -0.193259 0.770354
177 -0.00467346 -0.0419865 1.10065 0.01445 -0.613744 -0.192218 0.765612
178 -0.0076994 -0.0413134 1.10149 0.0128352 -0.620043 -0.191146 0.760819
179 -0.010869 -0.0405865 1.10227 0.011492 -0.626543 -0.189424 0.75593
180 -0.0139467 -0.0398806 1.10301 0.00973924 -0.632779 -0.187907 0.751124
181 -0.0165937 -0.0392615 1.10357 0.00803272 -0.639022 -0.186409 0.746216
182 -0.019227 -0.0386457 1.10412 0.00699888 -0.645528 -0.184746 0.741022
183 -0.0243072 -0.0374375 1.105 0.00499011 -0.659301 -0.182114 0.729473
184 -0.0265702 -0.0368907 1.1053 0.00538568 -0.666557 -0.180669 0.723209
185 -0.029507 -0.0361811 1.1057 0.00527539 -0.673445 -0.17996 0.716979
186 -0.0313851 -0.0357253 1.10588 0.00457195 -0.679942 -0.18046 0.710698
187 -0.0346958 -0.0368592 1.11345 0.0038308 -0.686273 -0.180813 0.704501
188 -0.0364835 -0.036411 1.11356 0.0024162 -0.692292 -0.182242 0.698222
189 -0.0381841 -0.0379486 1.1209 0.00122792 -0.698185 -0.184364 0.69177
190 -0.0382787 -0.0379236 1.1209 0.00250534 -0.704414 -0.185346 0.685158
191 -0.0407484 -0.0392253 1.128 0.0040038 -0.710666 -0.185723 0.678561
192 -0.0430426 -0.0406449 1.135 0.00388461 -0.716243 -0.186752 0.672388
193 -0.043177 -0.0406089 1.135 0.00340272 -0.7215 -0.187647 0.666494
194 -0.0434611 -0.0405304 1.13499 0.00322784 -0.726821 -0.187794 0.660647
195 -0.0458714 -0.0420081 1.14212 0.00281939 -0.73184 -0.187711 0.655109
196 -0.0467469 -0.0417609 1.14206 0.00205145 -0.736679 -0.187472 0.649734
197 -0.0487439 -0.0433725 1.14917 0.00114448 -0.741674 -0.187592 0.643994
198 -0.0491487 -0.0432553 1.14913 0.000790479 -0.746345 -0.187149 0.638704
199 -0.0499199 -0.0430319 1.14905 0.000234046 -0.750918 -0.186282 0.633578
200 -0.0505328 -0.0428519 1.14897 -0.00113814 -0.75533 -0.185838 0.628443
201 -0.050715 -0.0427984 1.14894 -0.00209209 -0.75975 -0.185212 0.623275
202 -0.0508887 -0.0427463 1.14891 -0.00261097 -0.764043 -0.184387 0.61825
203 -0.0510354 -0.0427022 1.14889 -0.00301182 -0.768382 -0.18328 0.613179
204 -0.0511491 -0.0426678 1.14887 -0.00325275 -0.77252 -0.18204 0.608328
205 -0.05097 -0.0427221 1.1489 -0.00380525 -0.776542 -0.18077 0.603565
206 -0.0508037 -0.0427725 1.14893 -0.00374081 -0.78084 -0.178792 0.598589
207 -0.0512983 -0.0426222 1.14882 -0.00354063 -0.784921 -0.176456 0.593927
208 -0.0522698 -0.0423269 1.14859 -0.00427441 -0.788755 -0.17423 0.589484
209 -0.0525535 -0.0422407 1.14852 -0.0054523 -0.792378 -0.173189 0.584904
210 -0.0527691 -0.0421752 1.14846 -0.0066426 -0.795799 -0.172264 0.580504
211 -0.052765 -0.0421765 1.14846 -0.00780972 -0.799095 -0.171014 0.576316
212 -0.053304 -0.0420128 1.14831 -0.00878196 -0.802556 -0.169264 0.571993
213 -0.0536316 -0.041912 1.14821 -0.00966554 -0.805614 -0.168021 0.568033
214 -0.0533451 -0.0420002 1.1483 -0.0104979 -0.808439 -0.167011 0.56429
215 -0.0513267 -0.0405369 1.14143 -0.0108289 -0.811314 -0.165387 0.560624
216 -0.0516613 -0.0404333 1.14131 -0.0113018 -0.814416 -0.163396 0.556687
217 -0.0517959 -0.0403916 1.14126 -0.0117547 -0.817553 -0.161312 0.552673
218 -0.0512138 -0.0405718 1.14147 -0.0118214 -0.820525 -0.159484 0.548784
219 -0.0508482 -0.0406838 1.14161 -0.0114509 -0.823551 -0.157661 0.544772
220 -0.0510537 -0.0406209 1.14153 -0.0105998 -0.826413 -0.15565 0.54102
221 -0.0488455 -0.039217 1.13445 -0.00930753 -0.82904 -0.153969 0.537493
222 -0.048463 -0.0393312 1.13461 -0.00811029 -0.831394 -0.152006 0.534427
223 -0.0556027 -0.0447474 1.13033 -0.00764967 -0.833762 -0.14957 0.531424
224 -0.0535504 -0.0432894 1.12315 -0.00785087 -0.836222 -0.147313 0.528176
225 -0.0537804 -0.0432229 1.12305 -0.00751144 -0.838967 -0.144841 0.524498
226 -0.0608646 -0.0487146 1.11863 -0.00739213 -0.84164 -0.142613 0.520816
227 -0.0591108 -0.0471948 1.11128 -0.00684025 -0.844191 -0.140097 0.517366
228 -0.0604785 -0.0468125 1.11062 -0.00641218 -0.846305 -0.137465 0.514617
229 -0.06092 -0.0466891 1.1104 -0.00664539 -0.848067 -0.135449 0.512242
230 -0.0660872 -0.0508034 1.09846 -0.00695538 -0.850072 -0.133205 0.509496
231 -0.0662121 -0.0507685 1.0984 -0.00657879 -0.852012 -0.13088 0.506856
232 -0.066803 -0.050611 1.09809 -0.00556174 -0.853929 -0.128256 0.504306
233 -0.0743982 -0.0561171 1.09305 -0.00427773 -0.8555 -0.125579 0.502326
234 -0.0733697 -0.0545087 1.08519 -0.00291488 -0.856812 -0.123404 0.500636
235 -0.0739343 -0.0543582 1.0849 0.00123284 0.857934 0.121548 -0.499172
236 -0.0750521 -0.0540843 1.08428 0.000262612 0.858962 0.119423 -0.497918
237 -0.0799996 -0.0585612 1.07201 -0.00282014 0.860918 0.115619 -0.495423
238 -0.0871751 -0.0643083 1.06701 -0.00466164 0.86212 0.112872 -0.493951
239 -0.0864605 -0.0644834 1.0674 -0.00685964 0.863443 0.110152 -0.492225
240 -0.0871038 -0.0643448 1.06703 -0.00920945 0.864832 0.106405 -0.490569
241 -0.0949701 -0.0701234 1.06143 -0.0117101 0.866143 0.102539 -0.489024
242 -0.0937184 -0.0686582 1.05356 -0.0139105 0.86709 0.098957 -0.488026
243 -0.0944289 -0.0685259 1.05314 -0.0157444 0.867983 0.0954088 -0.487089
244 -0.100936 -0.0731303 1.03955 -0.0167682 0.868654 0.0920947 -0.486495
245 -0.101813 -0.0729671 1.03903 -0.0167742 0.869509 0.0892617 -0.485495
246 -0.109159 -0.0790513 1.0336 -0.0171545 0.870516 0.0860652 -0.484252
247 -0.114841 -0.0841286 1.02041 -0.0178219 0.871533 0.082567 -0.483007
248 -0.11586 -0.0839681 1.01978 -0.0191245 0.872461 0.0789618 -0.481882
249 -0.11677 -0.0838248 1.01923 -0.0200426 0.873382 0.0755838 -0.480717
250 -0.123264 -0.0902499 1.01426 -0.0210399 0.874508 0.0722206 -0.479143
251 -0.128758 -0.0956961 1.00104 -0.0225786 0.87588 0.0683993 -0.477123
252 -0.129125 -0.0956498 1.00081 -0.0245363 0.877193 0.0652076 -0.475055
253 -0.135824 -0.10225 0.995635 -0.026554 0.87865 0.0620182 -0.472676
254 -0.1414 -0.107751 0.982403 -0.028875 0.880074 0.0583597 -0.470351
255 -0.142337 -0.107657 0.98179 -0.0311162 0.881387 0.0549192 -0.468158
256 -0.14344 -0.107546 0.981069 -0.0331436 0.882792 0.0514678 -0.465758
257 -0.143288 -0.106482 0.972408 -0.0350438 0.884077 0.0489607 -0.463446
258 -0.149703 -0.113247 0.967111 -0.0361152 0.885356 0.0469367 -0.461127
259 -0.150809 -0.113167 0.96636 -0.0370717 0.886871 0.0442261 -0.458398
260 -0.157317 -0.119925 0.961 -0.0388531 0.88849 0.0410404 -0.455402
261 -0.159486 -0.119825 0.959446 -0.0404297 0.889883 0.0385314 -0.452757
262 -0.162867 -0.12511 0.937697 -0.0415286 0.891389 0.0366023 -0.449846
263 -0.166312 -0.125951 0.944403 -0.0424106 0.893141 0.0345009 -0.446441
264 -0.169369 -0.125809 0.942213 -0.0439997 0.895001 0.0315595 -0.442765
265 -0.171754 -0.125757 0.940396 -0.0458604 0.896511 0.0296512 -0.439643
266 -0.174669 -0.124793 0.9288 -0.0467446 0.89789 0.0288814 -0.436776
267 -0.177894 -0.132169 0.925337 -0.0477532 0.899451 0.0274865 -0.433534
268 -0.1813 -0.132094 0.922742 -0.0493155 0.90098 0.0256197 -0.430288
269 -0.184493 -0.132079 0.920163 -0.0511587 0.902156 0.0234096 -0.427726
270 -0.186358 -0.131215 0.909075 -0.0521105 0.903149 0.0217462 -0.425598
271 -0.189639 -0.138651 0.905354 -0.0521472 0.904484 0.020717 -0.4228
272 -0.192154 -0.137785 0.893741 -0.052154 0.906041 0.0185526 -0.419554
273 -0.195738 -0.137832 0.890698 -0.0527278 0.907664 0.0166567 -0.41604
274 -0.197268 -0.137091 0.879619 -0.0532552 0.908993 0.0156236 -0.4131
275 -0.200469 -0.137134 0.8769 -0.0537017 0.910409 0.0147675 -0.409944
276 -0.203666 -0.137176 0.874186 -0.0543147 0.911772 0.0133693 -0.40687
277 -0.206846 -0.137261 0.871325 -0.0555264 0.912953 0.0118225 -0.404097
278 -0.209179 -0.137323 0.869228 -0.0565211 0.914016 0.010957 -0.401571
279 -0.211982 -0.136687 0.856402 -0.0566804 0.915043 0.0105973 -0.399213
280 -0.215392 -0.136778 0.853336 -0.0568882 0.916245 0.00992451 -0.396435
281 -0.218981 -0.136874 0.850108 -0.0570404 0.917675 0.00933185 -0.393105
282 -0.223002 -0.137028 0.846264 -0.0573383 0.919314 0.00898876 -0.389222
283 -0.226318 -0.137155 0.843094 -0.0569816 0.921073 0.00894935 -0.385093
284 -0.228867 -0.136574 0.829773 -0.056748 0.922949 0.00915783 -0.380606
285 -0.232613 -0.136714 0.825993 -0.0564639 0.924784 0.00940104 -0.376161
286 -0.23379 -0.136082 0.813628 -0.0554714 0.92662 0.00960297 -0.37176
287 -0.237424 -0.136217 0.80996 -0.0540927 0.928524 0.00961001 -0.367186
288 -0.24181 -0.136358 0.805271 -0.0520135 0.930588 0.0101062 -0.362214
289 -0.246745 -0.136516 0.799994 -0.0500642 0.932402 0.0104067 -0.357787
290 -0.253071 -0.128826 0.794477 -0.0482863 0.93423 0.00960784 -0.353256
291 -0.258229 -0.128952 0.788623 -0.0471852 0.936015 0.00966539 -0.34865
292 -0.26406 -0.1212 0.783166 -0.0459298 0.937597 0.010963 -0.344502
293 -0.270477 -0.121357 0.775882 -0.0439254 0.939122 0.0113518 -0.340577
294 -0.27634 -0.121436 0.768856 -0.0425741 0.940661 0.0108657 -0.336491
295 -0.286043 -0.122183 0.769211 -0.0416446 0.942183 0.0106685 -0.332329
296 -0.292799 -0.114589 0.7622 -0.0412333 0.943645 0.0108083 -0.328202
297 -0.298791 -0.114654 0.754624 -0.0410299 0.945004 0.0119055 -0.324258
298 -0.308936 -0.115352 0.754178 -0.0399335 0.946424 0.0133094 -0.320172
299 -0.315444 -0.115422 0.745948 -0.0385826 0.947884 0.0142026 -0.315952
300 -0.318237 -0.114769 0.729769 -0.0370958 0.949256 0.01551 -0.311924
301 -0.332181 -0.115993 0.736094 -0.0351593 0.950653 0.0166262 -0.307809
302 -0.338753 -0.115965 0.727332 -0.0340712 0.952061 0.0175462 -0.3035
303 -0.345211 -0.115823 0.718242 -0.0337994 0.953408 0.018786 -0.299196
304 -0.355615 -0.116295 0.71651 -0.0338028 0.95474 0.0202715 -0.29482
305 -0.366052 -0.116766 0.714731 -0.0341179 0.956201 0.0211056 -0.289948
306 -0.376732 -0.117182 0.712215 -0.0348268 0.957602 0.0212701 -0.285189
307 -0.38257 -0.116966 0.703489 -0.0358886 0.958867 0.0216582 -0.280743
308 -0.392736 -0.10994 0.702786 -0.0364118 0.960091 0.0229615 -0.276356
309 -0.4031 -0.110378 0.700348 -0.0366188 0.96132 0.0243463 -0.271899
310 -0.413727 -0.110804 0.697492 -0.0365365 0.962657 0.024602 -0.267116
311 -0.419518 -0.110544 0.688286 -0.0365295 0.96395 0.0248369 -0.26239
312 -0.424996 -0.110234 0.678995 -0.0357308 0.965293 0.0254648 -0.257456
313 -0.425556 -0.109212 0.66333 -0.0345944 0.966808 0.025783 -0.251835
314 -0.443752 -0.103708 0.677848 -0.0337612 0.968263 0.02645 -0.246225
315 -0.454319 -0.104007 0.674089 -0.033658 0.969621 0.0275661 -0.240714
316 -0.456559 -0.0964012 0.671212 -0.0340017 0.970677 0.0287431 -0.23623
317 -0.466946 -0.0967135 0.667784 -0.0337534 0.971581 0.0308365 -0.232252
318 -0.471297 -0.096289 0.659241 -0.0329997 0.972379 0.0325751 -0.228753
319 -0.480042 -0.089255 0.659864 -0.0319356 0.973186 0.0332256 -0.225356
320 -0.510957 -0.0924913 0.68153 -0.0308612 0.97391 0.0335723 -0.222304
321 -0.493476 -0.0891948 0.649961 -0.0298774 0.974538 0.0344414 -0.219539
322 -0.497424 -0.0886988 0.641685 -0.0284565 0.975128 0.0359902 -0.216842
323 -0.507506 -0.0888321 0.637923 -0.0275347 0.975817 0.0370089 -0.213668
324 -0.508554 -0.0812723 0.637007 -0.0271693 0.976526 0.0378454 -0.210299
325 -0.513231 -0.0806848 0.627204 -0.0268225 0.977132 0.0390411 -0.207292
326 -0.517522 -0.0799979 0.617602 -0.026343 0.977712 0.0403145 -0.204354
327 -0.521424 -0.0793734 0.608873 -0.0257652 0.978124 0.0412203 -0.202264
328 -0.528086 -0.0724943 0.613568 -0.025188 0.978387 0.0423548 -0.200826
329 -0.532637 -0.0717658 0.603385 -0.0243354 0.978592 0.043434 -0.199697
330 -0.530788 -0.0704518 0.589188 -0.023601 0.978801 0.0445769 -0.198505
331 -0.543621 -0.0641949 0.598411 -0.0231405 0.978998 0.0457922 -0.197307
332 -0.54751 -0.0635725 0.58971 -0.0227292 0.979111 0.0473653 -0.196419
333 -0.551407 -0.0627279 0.580457 -0.0228782 0.979249 0.0484409 -0.195452
334 -0.559454 -0.0555392 0.581859 -0.0235739 0.979282 0.049604 -0.19491
335 -0.556726 -0.0541588 0.569053 -0.0234825 0.979101 0.0527273 -0.195011
336 -0.56396 -0.0600076 0.550653 -0.0233854 0.979039 0.0551529 -0.194664
337 -0.576462 -0.053825 0.560761 -0.0234316 0.97912 0.0568649 -0.193755
338 -0.570837 -0.0585171 0.534324 -0.0231971 0.979289 0.0586871 -0.192382
339 -0.573782 -0.057879 0.527333 -0.0226495 0.979515 0.0594778 -0.191051
340 -0.576876 -0.0569935 0.519781 -0.0221343 0.979803 0.0594552 -0.189633
341 -0.580776 -0.0558776 0.510264 -0.0225028 0.980067 0.0593897 -0.18824
342 -0.585023 -0.0546624 0.4999 -0.022997 0.980141 0.0597325 -0.187688
343 -0.588716 -0.0536059 0.49089 -0.022782 0.980134 0.0611529 -0.187295
344 -0.591803 -0.0527224 0.483355 -0.0222779 0.980217 0.0623667 -0.186516
345 -0.595066 -0.0517888 0.475393 -0.02229 0.980388 0.0627173 -0.185496
346 -0.598936 -0.0506815 0.465949 -0.022192 0.980527 0.0626257 -0.184802
347 -0.602676 -0.0496113 0.456822 -0.0221184 0.980572 0.0629651 -0.184457
348 -0.606748 -0.0484462 0.446885 -0.0213954 0.980539 0.0636498 -0.184484
349 -0.604383 -0.0466326 0.432923 -0.0205203 0.980466 0.0646344 -0.18463
350 -0.608574 -0.0454333 0.422695 -0.0195107 0.980428 0.0655402 -0.184621
351 -0.612639 -0.04427 0.412774 -0.0184695 0.980401 0.0668844 -0.184391
352 -0.616344 -0.04321 0.403733 -0.0175036 0.980403 0.0680795 -0.184035
353 -0.61943 -0.0423269 0.396202 -0.0164098 0.980515 0.0689007 -0.183233
354 -0.622328 -0.0412924 0.388803 -0.0157077 0.980693 0.0687163 -0.182408
355 -0.625466 -0.0401718 0.380788 -0.0148926 0.980909 0.068571 -0.181366
356 -0.628103 -0.0392304 0.374055 -0.0134819 0.981253 0.0683949 -0.179677
357 -0.630617 -0.0383328 0.367635 -0.0123794 0.981739 0.0674339 -0.177451
358 -0.634776 -0.0368478 0.357015 -0.0120231 0.982172 0.0661716 -0.175539
359 -0.631851 -0.034965 0.343951 -0.0113144 0.982473 0.0667188 -0.173688
360 -0.634592 -0.0339862 0.33695 -0.0100816 0.982868 0.0683654 -0.170868
361 -0.637356 -0.032913 0.32931 -0.00927895 0.983429 0.0692049 -0.167307
362 -0.640649 -0.0316346 0.320208 -0.00902354 0.984086 0.069591 -0.163251
363 -0.636837 -0.0300494 0.308719 -0.00913854 0.984639 0.0707411 -0.159369
364 -0.638814 -0.0292819 0.303255 -0.00902408 0.985199 0.0715769 -0.155492
365 -0.641041 -0.028281 0.296439 -0.00946962 0.98582 0.0706586 -0.151908
366 -0.637526 -0.0262565 0.282401 -0.010298 0.986407 0.0696319 -0.148479
367 -0.644627 -0.0190267 0.286472 -0.0103938 0.986962 0.070634 -0.14425
368 -0.573129 -0.0227547 0.256304 -0.00902408 0.985199 0.0715769 -0.155492
369 -0.644328 -0.0232006 0.261589 -0.0106414 0.988189 0.0721296 -0.134782
370 -0.628911 -0.0224183 0.256435 -0.0106414 0.988189 0.0721296 -0.134782
371 -0.648646 -0.0209494 0.246226 -0.0101402 0.989616 0.0706834 -0.124742
372 -0.645099 -0.0264206 0.227616 -0.00958029 0.990337 0.0694973 -0.119629
373 -0.646733 -0.025492 0.221018 -0.00913973 0.991093 0.0674377 -0.114474
374 -0.649154 -0.0241169 0.211249 -0.00886176 0.991817 0.0648462 -0.109619
375 -0.651373 -0.0228564 0.202293 -0.00801399 0.992325 0.0639936 -0.10551
376 -0.654023 -0.0295301 0.188916 -0.00658578 0.992743 0.0636789 -0.101801
377 -0.654611 -0.0209281 0.187373 -0.00539147 0.993242 0.0612784 -0.0984194
378 -0.656908 -0.0195599 0.176788 -0.00500889 0.993727 0.0598085 -0.0943685
379 -0.658791 -0.0184386 0.168112 -0.00482749 0.994135 0.0599398 -0.0898836
380 -0.642262 -0.0179078 0.163561 -0.00482749 0.994135 0.0599398 -0.0898836
381 -0.662044 -0.0162923 0.150394 -0.00388457 0.994856 0.0588301 -0.0823709
382 -0.663343 -0.0154352 0.143319 -0.00245268 0.995145 0.0587304 -0.0789383
383 -0.673142 -0.0146882 0.137237 -0.0010951 0.995477 0.058312 -0.0749876
384 -0.67426 -0.013821 0.129892 5.19827e-05 0.995788 0.0575497 -0.0713683
385 -0.684153 -0.0129531 0.123037 0.000861816 0.996048 0.0569216 -0.0681757
386 -0.685328 -0.0120418 0.115318 0.0014834 0.996303 0.0566148 -0.0645993
387 -0.687269 -0.0192705 0.101919 0.00203417 0.996596 0.0556042 -0.060829
388 -0.688287 -0.0183364 0.093624 0.00192614 0.996862 0.0540909 -0.0577687
389 -0.697757 -0.0176392 0.0882846 0.00175259 0.997092 0.0528524 -0.0548718
390 -0.699345 -0.0249649 0.0751496 0.00194115 0.997273 0.0520088 -0.0523201
391 -0.700226 -0.0241562 0.0679681 0.00179559 0.997478 0.0501864 -0.0501629
392 -0.709721 -0.0234363 0.062427 0.00222784 0.997626 0.048566 -0.0487807
393 -0.710389 -0.0227683 0.0556143 0.00282613 0.997767 0.0471827 -0.047191
394 -0.720215 -0.030026 0.042913 0.0037187 0.997897 0.0460197 -0.0455058
395 -0.720934 -0.0293069 0.0355786 0.0042166 0.997985 0.0446054 -0.0449179
396 -0.729915 -0.0288288 0.0315096 0.00445009 0.998131 0.0425191 -0.043676
397 -0.730875 -0.0278685 0.021716 0.00437984 0.998301 0.0400917 -0.0420537
398 -0.731633 -0.0271104 0.013984 0.00383136 0.998416 0.0390122 -0.0403511
399 -0.740651 -0.0265963 0.00954803 0.00361505 0.998529 0.0384968 -0.0380201
400 -0.741224 -0.0260116 0.00201472 0.00345059 0.998701 0.0363889 -0.0355025
401 -0.750207 -0.0254991 -0.00346536 0.00299327 0.998849 0.0348954 -0.0327604
402 -0.75119 -0.0331014 -0.0158946 0.00311742 0.998988 0.0329825 -0.0304123
403 -0.751771 -0.0325094 -0.0235227 0.00333557 0.999138 0.0302162 -0.0282603
404 -0.752293 -0.0319766 -0.0303875 0.00275031 0.999306 0.0271807 -0.0253313
405 -0.752881 -0.0399344 -0.041308 0.00147306 0.999394 0.0258017 -0.0233208
406 -0.753176 -0.0396166 -0.0471265 0.000813326 0.999501 0.023002 -0.0216498
407 -0.762027 -0.0392358 -0.0530223 0.000611879 0.999581 0.0208403 -0.0200882
408 -0.762368 -0.0388671 -0.0597719 0.000600241 0.999641 0.0196849 -0.0181887
409 -0.762622 -0.0385932 -0.0647885 0.00117882 0.999685 0.0189624 -0.0163795
410 -0.762926 -0.038265 -0.070798 0.00157833 0.999755 0.0166912 -0.0144529
411 -0.763105 -0.0380578 -0.0769902 0.00137556 0.99981 0.0144951 -0.0129519
412 -0.763292 -0.0378418 -0.0834482 0.00145573 0.99985 0.01282 -0.0115525
413 -0.76349 -0.0376119 -0.0903193 0.00200686 0.999877 0.0118084 -0.0101423
414 -0.763775 -0.0454365 -0.0994333 0.00318062 0.999892 0.0114544 -0.0086826
415 -0.772117 -0.0451596 -0.106827 0.00473179 0.999912 0.0103365 -0.00689063
416 -0.772359 -0.044879 -0.115216 0.00660218 0.999927 0.00911837 -0.0043325
417 -0.772429 -0.0447297 -0.123375 0.00755214 0.999942 0.00746831 -0.00148239
418 -0.780741 -0.052574 -0.132852 0.00768674 0.999958 0.00489683 0.00059235
419 -0.780811 -0.0524249 -0.141004 0.00724268 0.999971 0.00157508 0.00198037
420 -0.780889 -0.0522566 -0.150199 0.00677414 0.999972 0.000128692 0.00309067
421 -0.772837 -0.0522086 -0.158725 0.0065128 0.999974 -0.00130067 0.00280844
422 -0.781036 -0.0519432 -0.167327 0.00626871 0.999973 -0.00253817 0.0028936
423 -0.780977 -0.0519953 -0.177515 0.00601349 0.99997 -0.00395167 0.00277806
424 -0.78092 -0.0520456 -0.187356 0.00518859 0.999961 -0.00693435 0.00168401
425 -0.780867 -0.0520928 -0.196583 0.00356481 0.999956 -0.00870822 0.000260363
426 -0.780817 -0.0521375 -0.205321 0.00191598 0.999955 -0.00919396 -0.00131103
427 -0.780755 -0.0521926 -0.216096 0.000346951 0.99995 -0.00928731 -0.00369054
428 -0.780697 -0.0522441 -0.226182 -0.000980934 0.999937 -0.00989283 -0.00512624
429 -0.780642 -0.052293 -0.235728 -0.00180916 0.99993 -0.0101891 -0.00571618
430 -0.780777 -0.0525343 -0.247555 -0.00180916 0.99993 -0.0101891 -0.00571618
431 -0.780887 -0.0527322 -0.257256 -0.00141107 0.999906 -0.0115724 -0.00724768
432 -0.781009 -0.0529508 -0.267972 -0.00133351 0.999883 -0.0131689 -0.0077038
433 -0.781123 -0.0531539 -0.277926 -0.000845271 0.999858 -0.0142167 -0.00906028
434 -0.781216 -0.0619184 -0.288764 0.000158567 0.999845 -0.0147617 -0.0095423
435 -0.781416 -0.0622272 -0.299218 0.000397135 0.999801 -0.017127 -0.0102278
436 -0.781594 -0.0625021 -0.308528 -0.000435154 0.999741 -0.0198863 -0.0110652
437 -0.78182 -0.0629097 -0.318764 -0.00181565 0.999689 -0.0214858 -0.0125408
438 -0.773532 -0.0633135 -0.328972 -0.0035587 0.999623 -0.0232294 -0.0142014
439 -0.773772 -0.0637108 -0.337493 -0.00474303 0.999553 -0.0253898 -0.015034
440 -0.765484 -0.0640678 -0.34658 -0.00592164 0.999468 -0.0275827 -0.0163399
441 -0.765694 -0.0644131 -0.353988 -0.00635613 0.99937 -0.0302316 -0.0174711
442 -0.765868 -0.064701 -0.360164 -0.00672099 0.999284 -0.0321967 -0.0187077
443 -0.766088 -0.0650636 -0.367944 -0.00659818 0.999222 -0.033224 -0.0202158
444 -0.76647 -0.0657006 -0.377471 -0.00662584 0.999203 -0.0332161 -0.0211052
445 -0.766767 -0.0661957 -0.384875 -0.00663706 0.999196 -0.0332129 -0.021466
446 -0.767147 -0.0668291 -0.394348 -0.00637557 0.999253 -0.0316344 -0.0212533
447 -0.76745 -0.0673356 -0.401922 -0.00643033 0.999222 -0.0323018 -0.0216861
448 -0.767652 -0.0676727 -0.406965 -0.00666334 0.999177 -0.0332055 -0.0223118
449 -0.768326 -0.0687955 -0.423757 -0.00538126 0.999183 -0.0329519 -0.0227848
450 -0.768642 -0.0692587 -0.430742 -0.00449671 0.999097 -0.0352163 -0.0233194
451 -0.769084 -0.0614412 -0.438788 -0.00394678 0.999004 -0.0375276 -0.0238312
452 -0.76935 -0.0618308 -0.444663 -0.00315133 0.998894 -0.0396645 -0.0250414
453 -0.769777 -0.0624543 -0.454067 -0.00286136 0.998822 -0.0409061 -0.0259441
454 -0.770274 -0.0631823 -0.465046 -0.0021882 0.998817 -0.040639 -0.0266109
455 -0.779052 -0.0639229 -0.474669 -0.00172972 0.99879 -0.041098 -0.0269509
456 -0.779364 -0.0643796 -0.481557 -0.00198899 0.998691 -0.043122 -0.0274228
457 -0.779816 -0.0650401 -0.491519 -0.00166761 0.998626 -0.0444401 -0.0277081
458 -0.780193 -0.0655928 -0.499853 -0.00159031 0.998509 -0.0472563 -0.0272808
459 -0.780691 -0.0664574 -0.508952 -0.00256949 0.998408 -0.0494662 -0.0269643
460 -0.781183 -0.0673658 -0.518078 -0.00320799 0.99834 -0.0509243 -0.0267032
461 -0.781517 -0.068008 -0.524341 -0.00328556 0.998179 -0.0541267 -0.0264191
462 -0.782189 -0.0608632 -0.536356 -0.00399467 0.99803 -0.0563864 -0.027226
463 -0.782565 -0.0616514 -0.543291 -0.00523034 0.997901 -0.0583013 -0.0277128
464 -0.783104 -0.0628003 -0.553058 -0.00636392 0.997766 -0.0598759 -0.0289452
465 -0.792075 -0.0642484 -0.564392 -0.00710302 0.997709 -0.0604391 -0.0295394
466 -0.792495 -0.073662 -0.573095 -0.00757668 0.997717 -0.0600693 -0.0299246
467 -0.792937 -0.0829438 -0.582142 -0.00764843 0.99768 -0.0600583 -0.0311357
468 -0.801796 -0.076195 -0.592694 -0.00747352 0.997504 -0.0623221 -0.0323408
469 -0.810577 -0.0859683 -0.604038 -0.00747352 0.997504 -0.0623221 -0.0323408
470 -0.811248 -0.0789232 -0.613103 -0.00831718 0.997192 -0.0663736 -0.0336568
471 -0.811731 -0.0882337 -0.622009 -0.00970296 0.996728 -0.072098 -0.0352254
472 -0.81235 -0.0895329 -0.63089 -0.0115522 0.996255 -0.0771835 -0.0372082
473 -0.821134 -0.0832706 -0.641419 -0.0126665 0.996047 -0.0790506 -0.0384795
474 -0.821884 -0.0848631 -0.651314 -0.0133486 0.995867 -0.0804617 -0.0399583
475 -0.830617 -0.0867815 -0.661393 -0.0140811 0.995587 -0.0834233 -0.0406059
476 -0.831194 -0.096181 -0.670708 -0.0151602 0.995392 -0.0851693 -0.0413677
477 -0.831683 -0.105435 -0.678959 -0.0151232 0.995307 -0.0858044 -0.0420971
478 -0.832425 -0.107007 -0.68793 -0.0148584 0.99519 -0.0874455 -0.0415962
479 -0.84087 -0.108811 -0.69655 -0.0148406 0.995045 -0.0894321 -0.0408281
480 -0.841557 -0.110267 -0.704855 -0.0150857 0.994961 -0.0909175 -0.0394805
481 -0.84226 -0.111955 -0.713943 -0.0152372 0.994876 -0.0924864 -0.0378891
482 -0.843028 -0.105832 -0.721902 -0.0154705 0.994582 -0.0956488 -0.0376547
483 -0.843519 -0.107084 -0.728529 -0.0154818 0.994518 -0.0971367 -0.0354694
484 -0.843921 -0.10824 -0.734354 -0.0159377 0.994479 -0.0978355 -0.0344377
485 -0.844399 -0.109673 -0.741519 -0.0158017 0.994526 -0.0978586 -0.0330435
486 -0.844874 -0.111094 -0.748622 -0.015249 0.994432 -0.0993835 -0.0315394
487 -0.845373 -0.112588 -0.756093 -0.014649 0.994368 -0.100722 -0.0295553
488 -0.845733 -0.113666 -0.761483 -0.0143392 0.994226 -0.102816 -0.0271615
489 -0.846203 -0.115071 -0.768508 -0.014517 0.994171 -0.103952 -0.0246342
490 -0.854135 -0.116617 -0.774768 -0.013648 0.994221 -0.104368 -0.0211335
491 -0.854428 -0.118173 -0.782073 -0.0132743 0.99429 -0.104418 -0.0175446
492 -0.854672 -0.119471 -0.788169 -0.0129272 0.994246 -0.10554 -0.0130444
493 -0.854958 -0.120991 -0.795309 -0.0125837 0.994241 -0.106021 -0.00926643
494 -0.855211 -0.122332 -0.801604 -0.0120734 0.994094 -0.107759 -0.00435767
495 -0.862548 -0.124194 -0.809243 -0.0110795 0.993946 -0.109306 0.000473159
496 -0.862767 -0.118395 -0.816821 -0.0103943 0.993803 -0.110583 0.00432745
497 -0.855675 -0.111661 -0.820991 -0.0103064 0.993653 -0.111817 0.00671276
498 -0.855568 -0.11318 -0.827661 -0.0100288 0.993633 -0.111844 0.00920001
499 -0.848159 -0.114725 -0.835066 -0.00981696 0.993613 -0.111864 0.0110973
500 -0.855621 -0.102143 -0.844859 -0.00944543 0.993289 -0.114393 0.014236
501 -0.855499 -0.103874 -0.852458 -0.00859869 0.992908 -0.117275 0.0175071
502 -0.855344 -0.10608 -0.862142 -0.00911264 0.992791 -0.117824 0.0199907
503 -0.855019 -0.107895 -0.869688 -0.00881644 0.992737 -0.117848 0.0225059
504 -0.854613 -0.110159 -0.879105 -0.00846643 0.992665 -0.117875 0.0254774
505 -0.854233 -0.11228 -0.887924 -0.0070745 0.992635 -0.117404 0.029016
506 -0.854024 -0.106904 -0.896752 -0.00574431 0.992398 -0.118369 0.0331873
507 -0.85343 -0.101979 -0.907408 -0.00461431 0.992197 -0.119022 0.0368424
508 -0.845739 -0.103292 -0.912947 -0.00383322 0.991919 -0.120354 0.0399639
509 -0.84515 -0.105345 -0.921435 -0.00213297 0.991556 -0.122007 0.0438812
510 -0.844548 -0.107445 -0.930117 -0.000807059 0.99133 -0.122414 0.0477342
511 -0.843612 -0.109842 -0.939654 -0.000436947 0.99118 -0.122418 0.0507544
512 -0.835338 -0.112341 -0.949297 0.00220881 0.991038 -0.123163 0.0516713
513 -0.834285 -0.107774 -0.961039 0.00362918 0.990797 -0.124156 0.0537985
514 -0.82626 -0.109639 -0.968158 0.00506086 0.9906 -0.125034 0.0552557
515 -0.818119 -0.104539 -0.977474 0.00708951 0.99039 -0.126313 0.055883
516 -0.810064 -0.10648 -0.984896 0.00849986 0.990234 -0.126959 0.0569766
517 -0.801999 -0.108842 -0.993013 0.0100542 0.990034 -0.127964 0.057938
518 -0.80102 -0.111076 -1.00152 0.0116748 0.989811 -0.129061 0.0589988
519 -0.792842 -0.106337 -1.01047 0.0120733 0.98957 -0.130257 0.0603231
520 -0.791936 -0.108401 -1.01833 0.0130764 0.98942 -0.130606 0.0617945
521 -0.791131 -0.117597 -1.02548 0.0146526 0.989232 -0.130836 0.0639263
522 -0.790292 -0.119511 -1.03277 0.0149507 0.989056 -0.130979 0.0662485
523 -0.789145 -0.114767 -1.04258 0.0153788 0.988929 -0.1305 0.0689359
524 -0.788178 -0.116667 -1.04956 0.0161464 0.988865 -0.129477 0.0715584
525 -0.780053 -0.118943 -1.05661 0.0170557 0.988787 -0.128203 0.0746537
526 -0.778803 -0.11389 -1.06498 0.0186251 0.988649 -0.127016 0.0780539
527 -0.778005 -0.115459 -1.07075 0.0206302 0.988578 -0.124994 0.08164
528 -0.776731 -0.110171 -1.07764 0.0232352 0.988446 -0.123219 0.0851544
529 -0.775831 -0.111615 -1.08314 0.0250374 0.988308 -0.121265 0.0889703
530 -0.774864 -0.113164 -1.08906 0.0261861 0.988251 -0.118863 0.0924444
531 -0.773666 -0.107433 -1.09438 0.0273441 0.98828 -0.116207 0.0951356
532 -0.772837 -0.108559 -1.09886 0.0280901 0.988256 -0.113695 0.0981515
533 -0.771614 -0.10286 -1.10432 0.0296835 0.988011 -0.112685 0.101265
534 -0.77044 -0.0970945 -1.1095 0.0308073 0.987833 -0.11122 0.104249
535 -0.769359 -0.0983229 -1.11468 0.0324005 0.987612 -0.109475 0.10765
536 -0.768058 -0.0924518 -1.11961 0.0327461 0.987389 -0.107976 0.111049
537 -0.767335 -0.0932736 -1.12307 0.0333436 0.987321 -0.105255 0.114044
538 -0.766035 -0.0874013 -1.128 0.033261 0.987258 -0.102246 0.117306
539 -0.765167 -0.0882115 -1.13167 0.0332754 0.987148 -0.0998103 0.12029
540 -0.764225 -0.0890902 -1.13566 0.0333425 0.986864 -0.0977095 0.124263
541 -0.762889 -0.0828241 -1.14 0.0338999 0.986483 -0.0959755 0.12842
542 -0.768692 -0.0760149 -1.14491 0.0338483 0.986053 -0.0940694 0.133058
543 -0.796972 -0.0740615 -1.14877 0.0341802 0.985445 -0.0928803 0.138217
544 -0.817485 -0.0656907 -1.15309 0.035118 0.984737 -0.0919662 0.143537
545 -0.845938 -0.063606 -1.15631 0.0350009 0.984072 -0.0898321 0.14936
546 -0.874683 -0.0612785 -1.15912 0.034844 0.983472 -0.0864899 0.155207
547 -0.903095 -0.0591678 -1.16301 0.0343374 0.982748 -0.0838015 0.161262
548 -0.924377 -0.0502921 -1.16539 0.0368835 0.981995 -0.0810796 0.166585
549 -0.900302 -0.0460547 -1.16955 0.0368832 0.981224 -0.0786537 0.172198
550 -0.981213 -0.0461635 -1.17392 0.037596 0.980343 -0.0773431 0.177573
551 -1.01203 -0.0434316 -1.177 0.0377568 0.97951 -0.0761467 0.182581
552 -1.02636 -0.0348284 -1.18043 0.0394621 0.978723 -0.07434 0.187132
553 -0.977719 -0.0400927 -1.18235 0.039323 0.977996 -0.0719343 0.191843
554 -1.00073 -0.0457716 -1.18639 0.0383823 0.977235 -0.0700017 0.196565
555 -1.02359 -0.0438322 -1.18992 0.0395143 0.976356 -0.0692916 0.200914
556 -1.04714 -0.0415766 -1.19197 0.0403217 0.975487 -0.0688976 0.205066
557 -1.09478 -0.0368482 -1.19478 0.0394489 0.974852 -0.0674274 0.208711
558 -1.11779 -0.0348025 -1.1981 0.0386921 0.974293 -0.0654224 0.212074
559 -1.0924 -0.0377787 -1.20038 0.0377285 0.973742 -0.0640436 0.215177
560 -1.10778 -0.0366915 -1.20479 0.0373008 0.973118 -0.0626472 0.218461
561 -1.12333 -0.0355488 -1.20885 0.0367761 0.97252 -0.0613751 0.221553
562 -1.13065 -0.0351303 -1.21185 0.0365158 0.971946 -0.0599779 0.224476
563 -1.14826 -0.0332829 -1.21142 0.0351931 0.971368 -0.0583276 0.227602
564 -1.15565 -0.0328622 -1.21433 0.0349457 0.97074 -0.0563575 0.230793
565 -1.17099 -0.0318488 -1.21898 0.0340748 0.970113 -0.0547266 0.233935
566 -1.18595 -0.0309485 -1.22441 0.0337979 0.96938 -0.0532074 0.237339
567 -1.15234 -0.0257724 -1.22029 0.0334839 0.968716 -0.0515967 0.240427
568 -1.15969 -0.0254022 -1.22376 0.0339607 0.968027 -0.0492344 0.243612
569 -1.17531 -0.0244276 -1.22894 0.0340733 0.9673 -0.0472112 0.246861
570 -1.19092 -0.0234207 -1.23421 0.0359757 0.966462 -0.0448706 0.250286
571 -1.20574 -0.0225952 -1.24095 0.0359337 0.965554 -0.0422484 0.254223
572 -1.22073 -0.021636 -1.2474 0.0372062 0.964412 -0.0405579 0.258611
573 -1.23542 -0.0206814 -1.25441 0.0384888 0.963258 -0.0386009 0.262989
574 -1.25026 -0.019639 -1.26118 0.0390336 0.962141 -0.0364352 0.267269
575 -1.27296 -0.0179494 -1.27065 0.0400648 0.960917 -0.0340873 0.271794
576 -1.28775 -0.0168322 -1.27755 0.0408321 0.959695 -0.0316321 0.276255
577 -1.26927 -0.0103588 -1.27577 0.0412693 0.958571 -0.0291143 0.280342
578 -1.28408 -0.00923809 -1.28264 0.0411432 0.957417 -0.0268362 0.2845
579 -1.28319 -0.00936042 -1.28401 0.0403458 0.956283 -0.0245556 0.288604
580 -1.31318 -0.00685908 -1.29585 0.0390843 0.955151 -0.0226153 0.292657
581 -1.27958 -0.00187714 -1.28865 0.0374698 0.953945 -0.0208209 0.296904
582 -1.27763 -0.00209083 -1.29149 0.0367843 0.952673 -0.0184952 0.301196
583 -1.3061 0.000104279 -1.30294 0.0363106 0.951427 -0.01675 0.305266
584 -1.27525 0.00518898 -1.29418 0.0351362 0.950418 -0.0141166 0.308662
585 -1.27371 0.00506135 -1.29631 0.0343701 0.949156 -0.0111415 0.312725
586 -1.2731 0.00501082 -1.29715 0.0341125 0.947846 -0.00896472 0.316771
587 -1.27312 0.00501281 -1.29712 0.0336799 0.946615 -0.00671593 0.320532
588 -1.27222 0.00496161 -1.2983 0.0331104 0.945319 -0.00437558 0.324434
589 -1.27159 0.00492632 -1.29912 0.0328228 0.944049 -0.0022156 0.328161
590 -1.27063 0.0121744 -1.29966 0.0329267 0.942819 -0.000544612 0.331674
591 -1.27014 0.0121566 -1.30027 0.0325685 0.94151 0.00211199 0.335402
592 -1.26985 0.012146 -1.30063 0.0322307 0.940418 0.00434153 0.338462
593 -1.26823 0.0193792 -1.30194 0.0319752 0.9392 0.00589693 0.341827
594 -1.27439 0.0198472 -1.30589 0.0319952 0.938092 0.0077643 0.344817
595 -1.27445 0.0198479 -1.30582 0.0318511 0.936929 0.00992137 0.347924
596 -1.2744 0.0198473 -1.30588 0.0320734 0.935918 0.0116499 0.350562
597 -1.27412 0.0198441 -1.3062 0.0323626 0.934755 0.0130183 0.353576
598 -1.27373 0.02712 -1.30593 0.0323599 0.933565 0.013863 0.356676
599 -1.2732 0.0271222 -1.30652 0.0323529 0.9323 0.0148375 0.359931
600 -1.27276 0.0341883 -1.30627 0.0326479 0.931056 0.016188 0.363053
601 -1.27266 0.0341887 -1.30637 0.0328657 0.929773 0.017908 0.366226
602 -1.27245 0.0412539 -1.30587 0.0331393 0.928489 0.020387 0.369316
603 -1.27243 0.0412542 -1.30588 0.0330057 0.927125 0.0224527 0.372621
604 -1.27215 0.0412597 -1.30618 0.0329368 0.925551 0.0238205 0.376435
605 -1.27168 0.0483244 -1.30589 0.0328704 0.924116 0.0245058 0.379906
606 -1.27124 0.048333 -1.30636 0.0327181 0.922777 0.0251037 0.383122
607 -1.27025 0.0483626 -1.30734 0.0322389 0.921555 0.0256238 0.386058
608 -1.27134 0.0553804 -1.30546 0.0319318 0.920339 0.0261379 0.388938
609 -1.27041 0.0554083 -1.30639 0.0315834 0.918963 0.0278078 0.392093
610 -1.2696 0.0554326 -1.30719 0.0317186 0.917563 0.0287215 0.395281
611 -1.26809 0.05549 -1.30862 0.0317277 0.915891 0.0300426 0.399043
612 -1.26774 0.0555033 -1.30895 0.0316988 0.914508 0.0310299 0.40213
613 -1.26741 0.0555156 -1.30925 0.0334478 0.912814 0.0308046 0.405837
614 -1.26696 0.055533 -1.30969 0.0356973 0.910481 0.0311035 0.410831
615 -1.26637 0.0623887 -1.30937 0.0367469 0.908094 0.0325077 0.415882
616 -1.26505 0.0624368 -1.31054 0.0364357 0.906258 0.034357 0.419749
617 -1.26317 0.0625052 -1.31219 0.0364423 0.904535 0.036066 0.423305
618 -1.26124 0.0625913 -1.31379 0.0353988 0.902549 0.0388314 0.427369
619 -1.25959 0.0626654 -1.31517 0.034372 0.900251 0.0409844 0.432072
620 -1.25742 0.0627624 -1.31697 0.0338788 0.898223 0.0413624 0.436276
621 -1.25419 0.0629464 -1.3195 0.0334747 0.896447 0.0411855 0.439961
622 -1.24971 0.0689399 -1.31376 0.0328351 0.894978 0.0413603 0.442974
623 -1.24643 0.0691263 -1.31632 0.0320857 0.893217 0.0416002 0.446546
624 -1.24475 0.0692221 -1.31764 0.0309482 0.891843 0.0423929 0.449289
625 -1.24311 0.0693194 -1.31885 0.0305471 0.890164 0.0425358 0.452622
626 -1.23376 0.0690178 -1.3175 0.0312038 0.888164 0.0424922 0.456492
627 -1.23158 0.0691478 -1.31911 0.0310948 0.886449 0.0435308 0.459724
628 -1.22658 0.0628216 -1.32356 0.0308238 0.88468 0.0440905 0.463085
629 -1.22395 0.0629797 -1.32538 0.0311699 0.883173 0.0426191 0.466066
630 -1.21848 0.0690677 -1.32032 0.0307913 0.881798 0.0417521 0.468764
631 -1.21024 0.0686992 -1.31794 0.0300105 0.880158 0.0416121 0.4719
632 -1.20554 0.0623594 -1.32196 0.0294363 0.878303 0.0415257 0.475387
633 -1.19739 0.0619936 -1.31934 0.0299086 0.876508 0.0405062 0.478747
634 -1.18902 0.0616393 -1.31686 0.0304543 0.874733 0.039423 0.482038
635 -1.1851 0.0618497 -1.31941 0.0306257 0.872658 0.0386278 0.485838
636 -1.17685 0.061489 -1.31685 0.0306241 0.870847 0.0376515 0.489152
637 -1.17097 0.0676194 -1.31195 0.0309686 0.869152 0.0362834 0.492239
638 -1.16652 0.0678051 -1.31466 0.0306881 0.867476 0.036053 0.495221
639 -1.15694 0.0608281 -1.31341 0.0304957 0.865894 0.0355412 0.49803
640 -1.14662 0.060513 -1.31191 0.0304263 0.864474 0.0349401 0.500538
641 -1.13656 0.0601617 -1.31001 0.0306063 0.862868 0.0338994 0.503361
642 -1.13273 0.060294 -1.3122 0.0301702 0.861538 0.0337872 0.505668
643 -1.12363 0.05991 -1.30976 0.0306527 0.860396 0.0331495 0.507622
644 -1.11353 0.0595604 -1.30789 0.0309839 0.859319 0.0328278 0.509444
645 -1.10487 0.0591609 -1.30519 0.0305329 0.858112 0.0336446 0.511449
646 -1.09683 0.0587403 -1.30214 0.0304717 0.857146 0.0335983 0.513072
647 -1.08805 0.0583305 -1.2993 0.0309135 0.856145 0.032871 0.514761
648 -1.07915 0.0645599 -1.29587 0.0305314 0.855029 0.0327775 0.516643
649 -1.07308 0.0581056 -1.29978 0.0296791 0.854269 0.0331756 0.517922
650 -1.06477 0.0576817 -1.29668 0.0288657 0.853586 0.0331609 0.519093
651 -1.05507 0.0572994 -1.29434 0.0280838 0.852702 0.0327965 0.520611
652 -1.04978 0.0574573 -1.29717 0.0277028 0.85209 0.0325058 0.52165
653 -1.02928 0.0560537 -1.28553 0.0269341 0.852366 0.0329695 0.52121
654 -1.02359 0.0562237 -1.28858 0.0271459 0.852235 0.0327535 0.521427
655 -1.01547 0.0557941 -1.28538 0.0267088 0.852352 0.0331515 0.521233
656 -1.00697 0.0553761 -1.2824 0.0268828 0.852525 0.0333004 0.520931
657 -0.997572 0.0549847 -1.27989 0.0270701 0.852109 0.0335166 0.521588
658 -0.988545 0.0545822 -1.27718 0.0272164 0.85152 0.0341387 0.522502
659 -0.979062 0.0541934 -1.27472 0.027566 0.85122 0.0340752 0.522976
660 -0.970184 0.0537866 -1.27194 0.0277867 0.851322 0.0345315 0.522768
661 -0.961071 0.0533867 -1.26928 0.0273605 0.851224 0.0353273 0.522898
662 -0.954287 0.059553 -1.26472 0.0267482 0.851322 0.0352195 0.522776
663 -0.944475 0.0591741 -1.26243 0.0259318 0.851984 0.0355906 0.521712
664 -0.940531 0.0659276 -1.26389 0.0250222 0.852343 0.0365763 0.521101
665 -0.930523 0.0655545 -1.2617 0.0235283 0.852517 0.0382713 0.520765
666 -0.923367 0.0717319 -1.25734 0.0222102 0.852377 0.0397588 0.52094
667 -0.91344 0.0715487 -1.25495 0.0204556 0.852254 0.0408187 0.521132
668 -0.909764 0.0783733 -1.25623 0.0184471 0.85208 0.041683 0.521422
669 -0.899472 0.0782084 -1.25402 0.0154084 0.852011 0.0432528 0.521507
670 -0.893446 0.0785107 -1.2571 0.0127282 0.852125 0.0444405 0.521293
671 -0.88517 0.0789258 -1.26132 0.0111887 0.85216 0.0447602 0.521244
672 -0.877641 0.0852626 -1.25711 0.00930928 0.852084 0.0466764 0.521236
673 -0.868503 0.0853111 -1.25429 0.00792729 0.851812 0.0491008 0.521482
674 -0.86079 0.085917 -1.25821 0.00785283 0.851249 0.0500798 0.522308
675 -0.852092 0.0866002 -1.26264 0.00792553 0.851024 0.0505271 0.52263
676 -0.843753 0.0872552 -1.26688 0.00690208 0.850515 0.0517307 0.523355
677 -0.835664 0.0878906 -1.27099 0.00659594 0.849938 0.0526484 0.524205
678 -0.827241 0.0885522 -1.27528 0.00665493 0.848744 0.0538571 0.526012
679 -0.815742 0.0887863 -1.27366 0.00738735 0.847407 0.0553234 0.528002
680 -0.807144 0.0894616 -1.27804 0.00899517 0.845781 0.0556516 0.530544
681 -0.797676 0.090353 -1.28258 0.0105229 0.843802 0.0560553 0.533615
682 -0.788746 0.0911939 -1.28686 0.0117946 0.842235 0.0568083 0.53598
683 -0.779043 0.0921075 -1.29151 0.01335 0.84099 0.0569991 0.537873
684 -0.771346 0.0994839 -1.29465 0.0144704 0.840626 0.05679 0.538436
685 -0.760836 0.100474 -1.29969 0.0137228 0.840493 0.0583638 0.538495
686 -0.754162 0.101871 -1.31027 0.0123693 0.840543 0.0602786 0.538238
687 -0.744036 0.102825 -1.31512 0.0115179 0.840896 0.0620568 0.537503
688 -0.733683 0.103799 -1.32009 0.0105662 0.841255 0.0638634 0.536749
689 -0.724186 0.104694 -1.32464 0.00932336 0.841529 0.0660355 0.53608
690 -0.713962 0.0997738 -1.33747 0.00850286 0.841679 0.0662769 0.535827
691 -0.703425 0.100766 -1.34252 0.0082016 0.842051 0.0650844 0.535394
692 -0.69218 0.101825 -1.34791 0.00753227 0.842651 0.0639637 0.534594
693 -0.684517 0.103316 -1.35896 0.00629747 0.843237 0.0640082 0.53368
694 -0.673637 0.10434 -1.36418 0.00526417 0.843593 0.064329 0.53309
695 -0.663774 0.105269 -1.36891 0.00415419 0.843759 0.0652797 0.532721
696 -0.648159 0.107508 -1.38377 0.00298702 0.843839 0.0665511 0.532444
697 -0.637784 0.108485 -1.38875 0.00366918 0.844533 0.0665578 0.531339
698 -0.624028 0.11055 -1.40271 0.00250159 0.845398 0.0698884 0.529539
699 -0.615138 0.111696 -1.40698 0.00209627 0.845724 0.0705959 0.528927
700 -0.6101 0.118591 -1.40885 0.00167783 0.846076 0.0717948 0.528203
701 -0.604525 0.120153 -1.41843 0.000963838 0.846063 0.074039 0.527916
702 -0.597256 0.121091 -1.42191 0.000197161 0.846027 0.0773284 0.527503
703 -0.589762 0.122057 -1.42551 0.000164874 0.846414 0.0797043 0.526528
704 -0.584529 0.123575 -1.43492 0.000235982 0.847024 0.0814125 0.525283
705 -0.576952 0.124552 -1.43856 -0.000729252 0.847529 0.0837829 0.524095
706 -0.567205 0.120076 -1.44394 -0.00207752 0.847699 0.0860109 0.523455
707 -0.55989 0.121252 -1.44753 -0.00248717 0.848051 0.0862765 0.522838
708 -0.555625 0.12798 -1.44904 -0.00223351 0.848605 0.0861124 0.521966
709 -0.54841 0.12914 -1.45259 -0.00263437 0.849346 0.0874742 0.520531
710 -0.538323 0.124718 -1.45813 -0.00301869 0.85001 0.0889215 0.519198
711 -0.531709 0.130864 -1.45409 -0.00273418 0.851254 0.0890007 0.517143
712 -0.524356 0.132046 -1.4577 -0.00392674 0.852547 0.0897296 0.514875
713 -0.51456 0.127577 -1.46311 -0.00597634 0.853646 0.0912222 0.512769
714 -0.505501 0.123198 -1.46842 -0.00734567 0.854999 0.0919465 0.510362
715 -0.496996 0.123738 -1.46608 -0.00746835 0.856785 0.0913053 0.507471
716 -0.487186 0.124521 -1.46442 -0.00743605 0.858871 0.0903014 0.504114
717 -0.478112 0.125167 -1.46237 -0.00726558 0.860906 0.0900912 0.500672
718 -0.468842 0.125914 -1.4609 -0.00726848 0.862872 0.0902621 0.497245
719 -0.459527 0.126669 -1.45946 -0.00786673 0.864791 0.0914897 0.493664
720 -0.448486 0.121899 -1.4595 -0.00850059 0.8666 0.0934603 0.490099
721 -0.439661 0.122562 -1.45778 -0.00761423 0.868714 0.0937727 0.486297
722 -0.431102 0.123254 -1.4564 -0.00683195 0.870668 0.0942948 0.482699
723 -0.419682 0.123486 -1.4502 -0.00660944 0.872562 0.0945955 0.479211
724 -0.404174 0.118899 -1.44698 -0.00675193 0.87449 0.0949271 0.475615
725 -0.395512 0.119611 -1.44566 -0.0073838 0.876156 0.0957879 0.472357
726 -0.381596 0.114721 -1.44185 -0.00808312 0.878033 0.0976231 0.468468
727 -0.370733 0.114829 -1.43552 -0.00735726 0.879904 0.0982443 0.464826
728 -0.361499 0.115687 -1.43482 -0.00544123 0.882041 0.0984395 0.460742
729 -0.350137 0.115851 -1.42902 -0.00430616 0.883901 0.100603 0.456705
730 -0.339425 0.115871 -1.42276 -0.00360218 0.886064 0.1029 0.451984
731 -0.328438 0.111481 -1.42406 -0.00283571 0.888306 0.104388 0.447223
732 -0.317684 0.111532 -1.41854 -0.00219701 0.890477 0.105722 0.442571
733 -0.306933 0.107405 -1.4203 -0.00158398 0.892817 0.106664 0.437604
734 -0.296158 0.10746 -1.4148 -0.00128536 0.895038 0.106991 0.432964
735 -0.285285 0.107501 -1.40959 -0.00130724 0.897175 0.107251 0.428454
736 -0.278414 0.107878 -1.4081 -0.00185454 0.899224 0.10827 0.423876
737 -0.268699 0.107631 -1.40199 -0.00223926 0.901354 0.109258 0.419069
738 -0.258114 0.10762 -1.39674 -0.00186834 0.903491 0.109528 0.414373
739 -0.253972 0.112735 -1.39254 -0.0020933 0.905253 0.110903 0.410138
740 -0.248035 0.112899 -1.39045 -0.00362472 0.90681 0.113432 0.405975
741 -0.238712 0.112557 -1.38427 -0.0054185 0.908452 0.115449 0.401692
742 -0.233063 0.112666 -1.38204 -0.00724819 0.909941 0.11669 0.397918
743 -0.227039 0.112882 -1.38015 -0.00879433 0.911366 0.117425 0.394394
744 -0.219274 0.108263 -1.38054 -0.0104725 0.91241 0.118482 0.391613
745 -0.214302 0.10823 -1.37779 -0.0110582 0.91317 0.117605 0.390087
746 -0.210643 0.113241 -1.37324 -0.0105014 0.913906 0.115987 0.38886
747 -0.193853 0.108274 -1.36726 -0.0135858 0.915138 0.11851 0.385088
748 -0.188897 0.108237 -1.36449 -0.0144589 0.915978 0.11864 0.383015
749 -0.183723 0.10833 -1.36198 -0.0148104 0.916705 0.118283 0.381367
750 -0.176055 0.103768 -1.36239 -0.0150444 0.917372 0.118263 0.379758
751 -0.17116 0.103769 -1.35961 -0.014522 0.918316 0.1173 0.37779
752 -0.165145 0.104137 -1.35792 -0.0128389 0.919639 0.116252 0.374947
753 -0.159766 0.104297 -1.35561 -0.0118438 0.920986 0.116396 0.371614
754 -0.154312 0.104481 -1.35338 -0.0106971 0.922539 0.116 0.367901
755 -0.148109 0.104928 -1.35233 -0.00954141 0.924206 0.116002 0.363726
756 -0.144715 0.109701 -1.34785 -0.00994462 0.925796 0.117784 0.359068
757 -0.139323 0.109882 -1.34596 -0.0112019 0.927369 0.121092 0.353834
758 -0.133929 0.110075 -1.34417 -0.0121981 0.929164 0.124071 0.348011
759 -0.124246 0.110066 -1.33938 -0.0119213 0.93083 0.126228 0.342754
760 -0.117846 0.110617 -1.3387 -0.0112389 0.932257 0.128904 0.337868
761 -0.108389 0.110489 -1.33378 -0.0102258 0.933823 0.13209 0.332297
762 -0.10236 0.11094 -1.33285 -0.00883493 0.935491 0.134893 0.326471
763 -0.0957586 0.11163 -1.33275 -0.00696354 0.937136 0.137481 0.320666
764 -0.0856529 0.111695 -1.32872 -0.00601454 0.938621 0.140789 0.314854
765 -0.0777162 0.107765 -1.33118 -0.00581278 0.940168 0.143946 0.308754
766 -0.0678091 0.107667 -1.32701 -0.00478216 0.9418 0.145698 0.302923
767 -0.0614134 0.108299 -1.32695 -0.00352085 0.943169 0.147077 0.297972
768 -0.0557789 0.108559 -1.32585 -0.00258279 0.94422 0.148993 0.293671
769 -0.0476193 0.104817 -1.32891 -0.0005878 0.945108 0.149955 0.290318
770 -0.040421 0.105852 -1.33016 0.00229463 0.945775 0.150041 0.288082
771 -0.0342396 0.106362 -1.32996 0.00483336 0.945929 0.15213 0.286446
772 -0.0285285 0.106629 -1.32908 0.00689023 0.945868 0.153748 0.28574
773 -0.0223698 0.107127 -1.32884 0.00827694 0.945826 0.154162 0.28562
774 -0.018588 0.103872 -1.33508 0.00817234 0.94567 0.154427 0.285995
775 -0.0127246 0.104217 -1.33442 0.0075915 0.945555 0.153214 0.287042
776 -0.00681848 0.104584 -1.33382 0.00602871 0.945427 0.152287 0.287994
777 -0.00390584 0.10088 -1.33881 0.00351666 0.945161 0.151774 0.289178
778 0.000974516 0.100716 -1.33674 0.00213394 0.945007 0.148999 0.291131
779 0.00427444 0.0972118 -1.34228 0.00101432 0.944861 0.144683 0.293775
780 0.00957028 0.0972635 -1.34081 -0.000706412 0.944541 0.140337 0.296895
781 0.0103374 0.0976603 -1.34191 -0.00293814 0.944149 0.136122 0.300074
782 0.011525 0.0982035 -1.34355 -0.00458304 0.944093 0.132012 0.302059
783 0.016607 0.0982722 -1.34207 -0.00490861 0.944017 0.128879 0.30364
784 0.0179509 0.0988869 -1.34393 -0.00477747 0.943696 0.127511 0.305215
785 0.0205687 0.0950701 -1.34823 -0.0053072 0.943322 0.127198 0.306489
786 0.0247171 0.0947117 -1.34546 -0.00468839 0.943036 0.125493 0.308078
787 0.0273749 0.0907895 -1.34962 -0.0037718 0.942953 0.123499 0.309151
788 0.0310704 0.0903004 -1.34623 -0.00378406 0.942985 0.121334 0.309907
789 0.0332067 0.0861627 -1.34969 -0.00272953 0.943321 0.117292 0.310453
790 0.0377724 0.0860331 -1.34747 -0.000923001 0.943756 0.112977 0.31074
791 0.0419009 0.0857251 -1.34466 0.000354594 0.94395 0.110133 0.311174
792 0.0439661 0.0814746 -1.348 0.00152336 0.943753 0.107417 0.312713
793 0.0457985 0.0771393 -1.35102 0.00256776 0.943533 0.103784 0.314591
794 0.0492169 0.0765723 -1.34727 0.00387783 0.943435 0.0996968 0.316191
795 0.0506628 0.0720346 -1.34975 0.0043926 0.943292 0.0953639 0.317942
796 0.0537531 0.0714001 -1.34558 0.00486892 0.943079 0.0888818 0.320433
797 0.0553953 0.0669234 -1.34831 0.00513446 0.942707 0.0816235 0.323443
798 0.0553725 0.0669178 -1.34828 0.00486406 0.942425 0.0761227 0.325601
799 0.0609304 0.0620147 -1.34779 0.00495086 0.941834 0.0725103 0.328126
800 0.0611594 0.0620712 -1.34808 0.00505221 0.940992 0.0702987 0.33101
801 0.0652511 0.0617844 -1.34487 0.00556688 0.939925 0.0681669 0.334461
802 0.0656771 0.0618725 -1.3454 0.00642793 0.938683 0.0665778 0.338231
803 0.0710121 0.0566463 -1.3442 0.00699774 0.937394 0.0649033 0.342099
804 0.0712849 0.0567027 -1.34453 0.00771998 0.936163 0.0629615 0.345797
805 0.0751027 0.0563756 -1.341 0.0084323 0.93482 0.0612565 0.349698
806 0.0757213 0.056483 -1.34172 0.00811425 0.933591 0.0604495 0.353111
807 0.0792095 0.0560987 -1.3378 0.00726479 0.932304 0.0596956 0.356641
808 0.0796566 0.0561763 -1.33832 0.00679277 0.931101 0.0585644 0.359965
809 0.0832241 0.0558457 -1.33451 0.00642865 0.929713 0.0573083 0.363742
810 0.0838533 0.0559433 -1.3352 0.00581227 0.928172 0.0568291 0.36774
811 0.0876764 0.0556524 -1.33168 0.00511891 0.926374 0.0570308 0.372226
812 0.0916526 0.0554131 -1.32831 0.00425889 0.924612 0.0575248 0.376517
813 0.0952754 0.0551216 -1.32457 0.00372462 0.922836 0.058619 0.380688
814 0.0958686 0.0552092 -1.32519 0.002783 0.920977 0.0604646 0.384886
815 0.0994229 0.054923 -1.32139 0.00198686 0.919051 0.0623976 0.389164
816 0.100021 0.055015 -1.32197 0.00162538 0.91712 0.0642769 0.393392
817 0.103284 0.0546839 -1.31789 0.000878893 0.915246 0.0663144 0.397398
818 0.106325 0.0543145 -1.31362 0.000256713 0.913348 0.0681424 0.401438
819 0.106222 0.0542975 -1.31352 -0.000610394 0.911326 0.0701123 0.40567
820 0.108888 0.0538657 -1.3089 -0.0017575 0.909402 0.0721368 0.409611
821 0.10869 0.0538303 -1.30872 -0.00196657 0.907496 0.0741821 0.413454
822 0.111236 0.0533765 -1.30404 -0.00266973 0.905645 0.0770072 0.416977
823 0.108842 0.0581619 -1.30155 -0.00357324 0.90375 0.0796165 0.420576
824 0.108454 0.0580868 -1.30122 -0.00504519 0.902055 0.0824547 0.423641
825 0.110146 0.0574479 -1.29586 -0.00670821 0.900217 0.0852509 0.426962
826 0.107317 0.0621169 -1.29309 -0.00829776 0.898551 0.0874561 0.429987
827 0.106727 0.0619914 -1.29262 -0.00983381 0.897036 0.0900145 0.432582
828 0.105237 0.0616739 -1.29143 -0.011909 0.89544 0.0926501 0.435272
829 0.105946 0.0608523 -1.28561 -0.0132076 0.894294 0.0942916 0.437234
830 0.0995482 0.0645082 -1.28012 -0.0159597 0.89146 0.0962411 0.442474
831 0.100446 0.0637185 -1.27456 -0.0165381 0.890407 0.0966241 0.444483
832 0.0984516 0.0632472 -1.27306 -0.017503 0.888669 0.0973401 0.447756
833 0.0959762 0.0626621 -1.2712 -0.0187931 0.886764 0.0981448 0.451292
834 0.0941115 0.0622214 -1.2698 -0.0192286 0.88491 0.0982002 0.454886
835 0.101335 0.0650919 -1.25011 -0.0192286 0.88491 0.0982002 0.454886
836 0.0872998 0.0656424 -1.26464 -0.0211413 0.880593 0.0987763 0.462982
837 0.0847132 0.065025 -1.26281 -0.0232555 0.878697 0.099294 0.46636
838 0.0818823 0.0643435 -1.26091 -0.0253674 0.876894 0.0994117 0.469607
839 0.0773604 0.0683115 -1.25757 -0.0272258 0.875555 0.0997572 0.471922
840 0.0724086 0.0721761 -1.25394 -0.0296967 0.874028 0.100907 0.474353
841 0.069864 0.0715636 -1.25224 -0.0328838 0.872055 0.103174 0.477277
842 0.0668334 0.0707878 -1.25032 -0.0355395 0.869871 0.104911 0.480682
843 0.0613785 0.0744737 -1.24661 -0.0370897 0.867631 0.105956 0.484369
844 0.0584014 0.0737117 -1.24472 -0.0389783 0.864925 0.107618 0.488675
845 0.0550152 0.0728044 -1.2427 -0.0407173 0.862274 0.10912 0.492867
846 0.0519941 0.0719949 -1.2409 -0.0415699 0.859712 0.109851 0.497092
847 0.0486654 0.0711029 -1.23892 -0.041733 0.856735 0.109794 0.502204
848 0.045489 0.0702446 -1.23716 -0.0415403 0.853546 0.109418 0.507702
849 0.0426343 0.0694732 -1.23558 -0.040797 0.850197 0.108577 0.513529
850 0.0398681 0.0687483 -1.23414 -0.0405165 0.846128 0.107267 0.520499
851 0.0355148 0.0683986 -1.23727 -0.0411663 0.841828 0.105918 0.527648
852 0.0329021 0.0677399 -1.23602 -0.0423336 0.838014 0.104691 0.533836
853 0.0279541 0.0713791 -1.23343 -0.0434598 0.834472 0.103666 0.539464
854 0.0241993 0.0753413 -1.23154 -0.0446317 0.831027 0.102835 0.544818
855 0.0202528 0.0785782 -1.22434 -0.0469224 0.827771 0.103925 0.549358
856 0.0174356 0.0778831 -1.22308 -0.0494967 0.824582 0.105511 0.553608
857 0.0128482 0.0809899 -1.21588 -0.0500851 0.821679 0.106062 0.557751
858 0.0100844 0.0802892 -1.21476 -0.0505131 0.818717 0.107059 0.561863
859 0.00655071 0.0787605 -1.20817 -0.0512363 0.815687 0.107756 0.566054
860 0.00951749 0.0770465 -1.18885 -0.0512363 0.815687 0.107756 0.566054
861 -0.00293527 0.0806189 -1.19937 -0.0510735 0.811018 0.107031 0.572875
862 -0.00717642 0.0789136 -1.19271 -0.0510657 0.809015 0.106956 0.575715
863 -0.012481 0.0769358 -1.18565 -0.0504172 0.807125 0.106286 0.578542
864 -0.0167655 0.0752811 -1.17918 -0.0490896 0.805401 0.105154 0.581259
865 -0.024403 0.0776943 -1.17137 -0.0487168 0.803174 0.104902 0.584408
866 -0.0309757 0.0754697 -1.16413 -0.0491141 0.800949 0.105141 0.587379
867 -0.0382242 0.0736646 -1.16171 -0.0484637 0.799204 0.104062 0.589997
868 -0.0456939 0.07129 -1.15423 -0.0477831 0.797613 0.102629 0.59245
869 -0.0534912 0.068837 -1.14666 -0.046495 0.796256 0.100381 0.594759
870 -0.0626754 0.0711599 -1.13842 -0.044968 0.79495 0.0980735 0.597004
871 -0.0725887 0.073308 -1.12996 -0.0448423 0.79342 0.0979103 0.599072
872 -0.079568 0.0659428 -1.12287 -0.0455256 0.791901 0.0993707 0.600787
873 -0.0894252 0.0631799 -1.11499 -0.0439786 0.790899 0.0986366 0.602342
874 -0.0983313 0.0606311 -1.10737 -0.0412824 0.790316 0.0963681 0.603663
875 -0.107512 0.0585651 -1.10486 -0.039406 0.789923 0.0941082 0.604659
876 -0.117053 0.0558733 -1.09706 -0.0381394 0.789387 0.0921573 0.605739
877 -0.128303 0.057893 -1.08855 -0.0372801 0.78869 0.0896775 0.607072
878 -0.137954 0.0554921 -1.08088 -0.0379932 0.787433 0.0881281 0.608883
879 -0.148038 0.0530062 -1.07311 -0.0378268 0.786267 0.0854101 0.610785
880 -0.156842 0.0512775 -1.07082 -0.0364732 0.784958 0.0817157 0.613053
881 -0.165425 0.0490863 -1.06343 -0.036359 0.783591 0.0796714 0.615074
882 -0.174804 0.0469907 -1.05582 -0.0368194 0.7818 0.0785422 0.617465
883 -0.184261 0.0448814 -1.04819 -0.0375938 0.779728 0.0776462 0.620147
884 -0.193525 0.0432416 -1.04596 -0.0377822 0.777699 0.0763842 0.622833
885 -0.202083 0.0412913 -1.03855 -0.0380179 0.775699 0.0754657 0.62542
886 -0.207318 0.0392715 -1.02146 -0.0380179 0.775699 0.0754657 0.62542
887 -0.21058 0.0368377 -0.994152 -0.0380179 0.775699 0.0754657 0.62542
888 -0.226821 0.036318 -1.02261 -0.0380699 0.767067 0.0757469 0.635941
889 -0.23483 0.03458 -1.01563 -0.0376597 0.763142 0.0760298 0.640637
890 -0.24323 0.0331541 -1.01407 -0.0367767 0.758758 0.075928 0.645886
891 -0.250707 0.0315064 -1.00718 -0.0351412 0.754056 0.0757483 0.65148
892 -0.258301 0.0298834 -1.00063 -0.0333244 0.749114 0.0752724 0.657307
893 -0.265911 0.0286372 -0.999541 -0.0314379 0.744185 0.0746209 0.663047
894 -0.273421 0.0274691 -0.998703 -0.0300417 0.739661 0.0737423 0.668252
895 -0.280387 0.0260032 -0.992483 -0.0289036 0.735389 0.0730491 0.673076
896 -0.287771 0.0249069 -0.991859 -0.0286434 0.731058 0.0724866 0.677849
897 -0.295434 0.0233925 -0.985784 -0.0279315 0.726486 0.0717424 0.682855
898 -0.302937 0.0223114 -0.985351 -0.0262277 0.721494 0.0707525 0.688297
899 -0.309309 0.021031 -0.979566 -0.0244018 0.716333 0.0705123 0.693758
900 -0.316043 0.020114 -0.979379 -0.0242715 0.711559 0.0711179 0.698597
901 -0.323065 0.0191578 -0.979185 -0.0241628 0.707071 0.0709927 0.703155
902 -0.330376 0.0166583 -0.956726 -0.0241628 0.707071 0.0709927 0.703155
903 -0.337175 0.0172444 -0.979169 -0.0245743 0.699002 0.0699702 0.711264
904 -0.344646 0.0162313 -0.979161 -0.0248519 0.695088 0.0691523 0.71516
905 -0.35208 0.0152433 -0.979405 -0.0248255 0.690924 0.0677843 0.719314
906 -0.359084 0.0143123 -0.979634 -0.0246459 0.686784 0.0664284 0.7234
907 -0.368839 0.0186799 -0.979589 -0.0249216 0.68265 0.0658968 0.727341
908 -0.380054 0.0216909 -0.957486 -0.0249216 0.68265 0.0658968 0.727341
909 -0.389481 0.0195729 -0.941241 -0.0249216 0.68265 0.0658968 0.727341
910 -0.391267 0.0158197 -0.981101 -0.0249989 0.672596 0.0644384 0.736775
911 -0.400762 0.0137495 -0.964459 -0.0249989 0.672596 0.0644384 0.736775
912 -0.406343 0.0139347 -0.982535 -0.025059 0.666664 0.0636753 0.742211
913 -0.413612 0.0127314 -0.977378 -0.0245659 0.663815 0.0624423 0.744881
914 -0.423014 0.0174272 -0.977911 -0.0241223 0.660803 0.0612994 0.747663
915 -0.429734 0.0166286 -0.978767 -0.0236238 0.657958 0.0607037 0.750232
916 -0.438493 0.0216656 -0.979516 -0.0233678 0.655062 0.0604453 0.752791
917 -0.444889 0.0206298 -0.974251 -0.0237349 0.652624 0.0607034 0.754873
918 -0.451296 0.0198683 -0.975068 -0.0235128 0.650313 0.0605958 0.756881
919 -0.456977 0.0192061 -0.975954 -0.0225499 0.648051 0.0600288 0.758893
920 -0.462444 0.0185689 -0.976806 -0.0216087 0.64598 0.0597447 0.760706
921 -0.467954 0.0176607 -0.971563 -0.0201614 0.644307 0.0591069 0.762212
922 -0.472727 0.0171044 -0.972307 -0.0177893 0.642685 0.0581139 0.763716
923 -0.476576 0.0166558 -0.972907 -0.0154746 0.641178 0.0567493 0.765135
924 -0.48087 0.016233 -0.973685 -0.0140083 0.640098 0.0559782 0.766123
925 -0.485035 0.0158228 -0.974439 -0.0136279 0.638705 0.0556485 0.767316
926 -0.488595 0.0154721 -0.975083 -0.0128501 0.637005 0.054941 0.768792
927 -0.492773 0.0147579 -0.969713 -0.0119982 0.635655 0.053743 0.770007
928 -0.495961 0.0144439 -0.970291 -0.0103544 0.634216 0.05203 0.771333
929 -0.498765 0.0141678 -0.970798 -0.00925881 0.63293 0.0503038 0.772518
930 -0.5017 0.0139336 -0.971395 -0.00831929 0.632228 0.0488231 0.773197
931 -0.50389 0.0134429 -0.965476 -0.00723975 0.631805 0.0476526 0.773628
932 -0.506696 0.0132189 -0.966047 -0.00616495 0.631846 0.04654 0.773671
933 -0.506733 0.00695405 -0.966476 -0.00473905 0.631788 0.0452501 0.773805
934 -0.508485 0.00681418 -0.966833 -0.00246892 0.631957 0.0435409 0.773776
935 -0.509964 0.00669616 -0.967133 -0.000720273 0.632156 0.0421577 0.773693
936 -0.510828 0.00662715 -0.967309 0.000542572 0.632181 0.0411558 0.773727
937 -0.511631 0.00658516 -0.967474 0.00165276 0.632217 0.040162 0.773748
938 -0.511857 0.0065733 -0.96752 0.00224818 0.63229 0.0395081 0.773721
939 -0.512214 0.00621681 -0.961227 0.00255922 0.632789 0.0388635 0.773344
940 -0.511014 0.000367989 -0.967758 0.00317098 0.633607 0.0380148 0.772714
941 -0.511464 0.00068227 -0.974218 0.00419774 0.63447 0.0369853 0.772051
942 -0.51145 0.000682956 -0.974215 0.00545399 0.635025 0.0355786 0.771653
943 -0.511654 0.000672325 -0.974257 0.00641054 0.635504 0.0342965 0.771309
944 -0.511541 0.000678236 -0.974233 0.00775791 0.635939 0.0330612 0.770992
945 -0.511721 0.000668785 -0.97427 0.00900476 0.636462 0.0318173 0.770599
946 -0.511649 0.000670745 -0.974256 0.010018 0.637143 0.0308948 0.770061
947 -0.511551 0.000315575 -0.967672 0.0111497 0.63796 0.0297583 0.769413
948 -0.510557 -0.00575043 -0.974444 0.0124842 0.638675 0.0286992 0.76884
949 -0.509401 -0.00571906 -0.97422 0.013345 0.639094 0.0279333 0.768505
950 -0.509116 -0.00535351 -0.980731 0.0140944 0.639273 0.0272933 0.768366
951 -0.508879 -0.00570491 -0.974119 0.0151573 0.639683 0.026053 0.768047
952 -0.508111 -0.00532626 -0.980537 0.0159758 0.639933 0.0253641 0.767846
953 -0.507633 -0.00567111 -0.973878 0.0164894 0.640301 0.0251289 0.767536
954 -0.507159 -0.00565827 -0.973787 0.0176682 0.640637 0.0246865 0.767243
955 -0.505409 -0.0117038 -0.980413 0.0186059 0.640976 0.0245764 0.766941
956 -0.505014 -0.0117026 -0.980341 0.0196101 0.641316 0.0243371 0.76664
957 -0.504648 -0.0117015 -0.980275 0.0206195 0.6418 0.0247668 0.766195
958 -0.503792 -0.0116989 -0.980121 0.0217772 0.642033 0.0251222 0.765956
959 -0.503356 -0.0116976 -0.980042 0.0224161 0.642521 0.0256218 0.765512
960 -0.502396 -0.0116947 -0.979869 0.0231174 0.642796 0.0261211 0.765243
961 -0.501564 -0.0112981 -0.986269 0.0240953 0.643225 0.0265462 0.764838
962 -0.500802 -0.0112958 -0.986131 0.0251784 0.643753 0.0268811 0.764346
963 -0.499842 -0.0112929 -0.985958 0.0260683 0.644322 0.027165 0.763827
964 -0.4991 -0.0112907 -0.985824 0.0269415 0.645114 0.0270196 0.763133
