# width:480 height:360 psr bound:50 mu:0.8
1 0 0 0 0 0 0 1 0.0518292
48 0.035 0.00875 -0.0362627 -0.00363353 0.0744215 0.0192478 0.997034 0.0332997
68 0.0467928 0.0164287 -0.0540308 -0.00842901 0.149015 0.0351125 0.988175 0.0332248
89 0.0951946 0.0125893 -0.0905971 -0.0160304 0.222871 0.0465406 0.973604 0.0332598
271 0.619873 -0.141003 0.767105 -0.00504887 0.16453 0.00139672 0.986358 0.0333139
322 0.545892 -0.180905 1.07513 -0.018295 0.0902789 -0.0212463 0.995522 0.0333016
336 0.532298 -0.190858 1.15667 -0.0113063 0.0157726 -0.0441139 0.998838 0.0333047
342 0.518956 -0.195867 1.18651 -0.0123352 -0.0109086 -0.0561439 0.998287 0.0333343
345 0.511715 -0.194816 1.19636 -0.00771794 -0.025237 -0.0598236 0.99786 0.0333348
346 0.511467 -0.194723 1.20138 -0.00822555 -0.0287769 -0.0614139 0.997664 0.0333586
347 0.511157 -0.194614 1.20686 -0.00918425 -0.0322484 -0.0632703 0.997433 0.0333559
348 0.510765 -0.194475 1.21305 -0.00986078 -0.0355971 -0.0649417 0.997205 0.0333945
349 0.510342 -0.194328 1.2191 -0.00958104 -0.0392262 -0.0666957 0.996956 0.0334284
350 0.509953 -0.194205 1.22413 -0.00864507 -0.0426307 -0.0680371 0.996734 0.0334183
351 0.50964 -0.194118 1.22786 -0.00705606 -0.0461751 -0.0691663 0.996511 0.0334161
352 0.509198 -0.194019 1.23269 -0.00651181 -0.0507271 -0.0700341 0.996233 0.0334659
354 0.500991 -0.192801 1.24212 -0.00490238 -0.0591509 -0.0716812 0.99566 0.0334132
355 0.500523 -0.192728 1.24609 -0.00366341 -0.0631486 -0.072428 0.995366 0.0334472
356 0.492568 -0.191572 1.24985 -0.00328406 -0.0664828 -0.0732158 0.995092 0.033438
358 0.482793 -0.197739 1.2588 -0.00367477 -0.0708803 -0.0731947 0.994789 0.0334292
369 0.405252 -0.209176 1.30663 0.00938265 -0.0982523 -0.0748566 0.992298 0.0333603
370 0.396831 -0.208071 1.31092 0.00817346 -0.100096 -0.0752923 0.992091 0.0334262
390 0.261569 -0.212279 1.36352 0.00875491 -0.165089 -0.0909554 0.982037 0.0333503
408 0.18104 -0.216351 1.43036 0.0079389 -0.237481 -0.102949 0.965889 0.0333456
412 0.164006 -0.221331 1.44448 0.00600072 -0.250183 -0.105966 0.962364 0.0333492
416 0.146102 -0.226072 1.45902 0.00678694 -0.265553 -0.111012 0.95766 0.0333551
419 0.126254 -0.230681 1.47492 0.00286931 -0.284878 -0.113561 0.951809 0.0333493
423 0.103592 -0.234721 1.49342 0.00547675 -0.311654 -0.120541 0.942503 0.033393
429 0.0803797 -0.238544 1.50988 0.0119979 -0.345768 -0.127332 0.929563 0.0334082
437 0.0506957 -0.241499 1.53115 0.0146203 -0.385794 -0.127883 0.913562 0.0333798
450 -0.0105475 -0.237275 1.55071 0.00764362 -0.438915 -0.128621 0.889242 0.0333595
469 -0.0963691 -0.228852 1.58097 -0.0108994 -0.491019 -0.122031 0.862491 0.033395
485 -0.131107 -0.251659 1.59556 -0.0539216 -0.541056 -0.141866 0.827179 0.0333564
499 -0.132738 -0.253463 1.62975 -0.0549652 -0.599023 -0.159946 0.782667 0.0333726
505 -0.135415 -0.25452 1.6472 -0.0528327 -0.630622 -0.161544 0.757251 0.0333551
506 -0.136739 -0.25412 1.64748 -0.0519312 -0.635876 -0.16171 0.752871 0.0333617
508 -0.139691 -0.253229 1.64807 -0.0478055 -0.646508 -0.160972 0.744198 0.0333888
524 -0.163187 -0.246298 1.65203 -0.0384996 -0.702142 -0.169428 0.690514 0.0333589
543 -0.225195 -0.237579 1.61866 -0.0170245 -0.753091 -0.163035 0.637168 0.0333475
568 -0.299198 -0.234138 1.50911 0.0106395 -0.79686 -0.161632 0.582045 0.0333326
586 -0.349561 -0.218365 1.43012 0.00722651 -0.838533 -0.167875 0.518294 0.0333321
601 -0.43106 -0.202681 1.34673 -0.0126132 0.87587 0.170808 -0.451128 0.0333402
606 -0.457471 -0.197601 1.31841 -0.0171176 0.888427 0.170832 -0.4257 0.0333474
621 -0.527928 -0.18791 1.22092 -0.0155574 0.917599 0.175166 -0.356493 0.0333555
658 -0.634952 -0.15101 0.944851 -0.0245743 0.942128 0.175891 -0.284348 0.0333799
674 -0.682219 -0.136315 0.800757 -0.0226268 0.956551 0.175293 -0.231887 0.0333608
678 -0.689472 -0.132631 0.769279 -0.0258764 0.960745 0.177789 -0.2114 0.0333651
680 -0.689974 -0.133079 0.748048 -0.0274364 0.962157 0.179492 -0.203184 0.0333719
685 -0.703564 -0.129273 0.716643 -0.0284288 0.964407 0.183171 -0.188572 0.03336
728 -0.762033 -0.0884195 0.353443 -0.0345276 0.977659 0.172742 -0.114678 0.0333469
761 -0.818501 -0.0959873 0.171745 -0.0480481 0.988968 0.128942 -0.0548449 0.0333476
789 -0.784163 -0.0748715 0.0419441 -0.0459149 0.990778 0.125724 0.0210726 0.0333605
812 -0.780448 -0.0587011 -0.0533921 -0.0442864 0.985607 0.12869 0.100285 0.033352
830 -0.806426 -0.0391935 -0.142133 -0.0465943 0.975338 0.122171 0.177819 0.0333466
853 -0.761205 -0.0254956 -0.284323 -0.0474034 0.958187 0.126498 0.252249 0.0333707
874 -0.69335 -0.0108041 -0.40405 -0.0491167 0.93545 0.130995 0.324594 0.0333391
896 -0.607653 0.00210644 -0.524016 -0.0516045 0.906388 0.132354 0.397845 0.0333339
906 -0.543481 0.0206674 -0.582935 -0.0527663 0.872836 0.122917 0.469323 0.0333364
913 -0.383871 0.0159897 -0.433212 -0.0527663 0.872836 0.122917 0.469323 0.0333346
916 -0.501767 0.0196761 -0.602965 -0.058556 0.84778 0.120908 0.513051 0.0333463
924 -0.452519 0.0204943 -0.621635 -0.0580979 0.833545 0.117477 0.53668 0.0333398
942 -0.318746 0.0248927 -0.656329 -0.0577794 0.790562 0.105652 0.600425 0.0333386
959 -0.196628 0.0305452 -0.67857 -0.0619094 0.740997 0.109995 0.659538 0.0333369
975 -0.0843902 0.0478986 -0.691492 -0.0652736 0.690765 0.0935212 0.714028 0.033338
989 0.0125061 0.0546438 -0.688464 -0.0710659 0.634394 0.0936335 0.76402 0.0333721
1011 0.158579 0.0429729 -0.647435 -0.0788318 0.577357 0.0730033 0.809392 0.0333552
1031 0.270845 0.0416343 -0.584966 -0.0822023 0.512203 0.0677571 0.852232 0.0333473
1046 0.360628 0.0305474 -0.538026 -0.0909285 0.448555 0.046719 0.887889 0.0333472
1060 0.426671 0.0238442 -0.483418 -0.0891185 0.37827 0.0380694 0.920609 0.0333397
1080 0.490772 -0.00528923 -0.39029 -0.0825434 0.323511 0.0133374 0.942523 0.0333305
1085 0.504136 -0.0112789 -0.363906 -0.0800457 0.30981 0.0135941 0.947325 0.0333477
1108 0.544725 -0.0305572 -0.215544 -0.0654284 0.238891 -0.00224509 0.968837 0.0333595
1138 0.60486 -0.0538224 -0.0175341 -0.0517593 0.166159 -0.00967339 0.984692 0.0333467
1224 0.68729 -0.117888 0.54501 -0.0256829 0.0965718 -0.0103801 0.99494 0.0333343
