# width:480 height:360 psr bound:50 mu:0.8
1 0 0 0 0 0 0 1
48 0.035 0.00875 -0.0364435 -0.00363364 0.0744176 0.01924 0.997035
68 0.0468161 0.0164301 -0.0540581 -0.0084604 0.149016 0.0353389 0.988167
89 0.0952421 0.0126151 -0.090551 -0.015995 0.222972 0.0468083 0.973569
134 0.352991 0.116121 -0.0740563 -0.00274211 0.288477 0.0518046 0.956081
183 0.590947 0.0493148 0.161759 0.0168663 0.222845 0.0219316 0.974461
302 0.5584 -0.102164 0.955509 0.0104867 0.151145 -0.00117054 0.988455
325 0.544632 -0.125572 1.09553 0.00666687 0.0786995 -0.0241987 0.996582
338 0.528007 -0.139228 1.17024 0.0130974 0.00757471 -0.0483594 0.998715
347 0.506708 -0.152004 1.21049 0.0157928 -0.0307741 -0.0639086 0.997356
349 0.499019 -0.151388 1.22072 0.0154004 -0.0376591 -0.0675043 0.996889
376 0.325299 -0.176058 1.32864 0.0341201 -0.110866 -0.0807282 0.989963
378 0.316382 -0.175177 1.33438 0.0340794 -0.117498 -0.0802853 0.989236
397 0.20833 -0.186054 1.38663 0.0332009 -0.194011 -0.0990663 0.97542
398 0.199762 -0.184685 1.38864 0.0335769 -0.196986 -0.10018 0.974696
400 0.189931 -0.183381 1.39354 0.0338867 -0.20463 -0.101339 0.97299
404 0.18266 -0.18382 1.40995 0.0320637 -0.218456 -0.103516 0.969811
421 0.117526 -0.202128 1.48599 0.0271973 -0.29471 -0.122982 0.94725
433 0.0687587 -0.211671 1.52486 0.036585 -0.364466 -0.137548 0.920275
450 -0.00559717 -0.206232 1.55194 0.0294826 -0.435819 -0.140071 0.888579
472 -0.0967454 -0.1918 1.58924 0.0020961 -0.498532 -0.135576 0.856201
488 -0.11593 -0.182748 1.61075 -0.0285239 -0.551631 -0.157679 0.818552
502 -0.116312 -0.187042 1.64363 -0.0283537 -0.609608 -0.174753 0.772681
515 -0.132742 -0.182515 1.64813 -0.0168802 -0.666843 -0.181911 0.722457
531 -0.145968 -0.119684 1.60866 -0.00437168 -0.711395 -0.17917 0.679556
553 -0.245395 -0.168154 1.5726 0.0170077 -0.761396 -0.173591 0.624382
571 -0.302722 -0.163068 1.48914 0.0241177 -0.799221 -0.171323 0.575597
587 -0.364207 -0.166488 1.43268 0.0175525 -0.839133 -0.182458 0.512111
596 -0.409303 -0.216942 1.3684 -0.0326952 0.85578 0.196773 -0.477338
610 -0.495218 -0.204398 1.2863 -0.033753 0.890854 0.19915 -0.406914
623 -0.611458 -0.230636 1.243 -0.023222 0.917631 0.207836 -0.337963
627 -0.605027 -0.0653246 1.23927 -0.00731461 0.928796 0.168504 -0.329987
659 -0.760112 -0.0805121 1.02521 -0.00791029 0.95063 0.17372 -0.257025
677 -0.857713 -0.0795647 0.882843 -0.00405165 0.967632 0.175294 -0.181504
719 -0.881803 -0.0434513 0.531718 -0.0178642 0.977811 0.178391 -0.108365
748 -0.942134 -0.048094 0.326734 -0.0241108 0.989269 0.136608 -0.0458691
781 -0.91332 -0.0374291 0.167437 -0.0282465 0.991932 0.120523 0.0273428
807 -0.891362 -0.0202246 0.0679436 -0.0218178 0.986863 0.11932 0.106719
823 -0.906477 -0.00919256 -0.0190254 -0.0237612 0.976287 0.110991 0.184337
842 -0.886654 0.0131831 -0.115526 -0.0300495 0.958425 0.113405 0.26011
867 -0.797152 0.0286623 -0.253037 -0.0281232 0.936042 0.10943 0.333255
890 -0.710405 0.0399492 -0.371133 -0.030182 0.907384 0.113881 0.403454
903 -0.640645 0.0411532 -0.434563 -0.0383075 0.875361 0.104996 0.470373
914 -0.571086 0.0463108 -0.480756 -0.0442041 0.83746 0.100225 0.535408
933 -0.440833 0.0431907 -0.527413 -0.0468247 0.795547 0.0886878 0.597535
951 -0.312358 0.0494279 -0.539723 -0.0497951 0.745645 0.0859776 0.658895
968 -0.185399 0.0526456 -0.555832 -0.0513298 0.692471 0.0783134 0.715343
983 -0.0821628 0.0558744 -0.552733 -0.0612323 0.634404 0.0679506 0.767571
986 -0.0648364 0.0592291 -0.534093 -0.0254908 0.615434 0.100678 0.781316
1008 0.0798591 0.0371979 -0.488192 -0.0334407 0.558138 0.0786473 0.825335
1028 0.191261 0.0261192 -0.425676 -0.0336035 0.492222 0.0715833 0.86687
1043 0.279777 0.0117355 -0.375096 -0.0415481 0.428351 0.0476232 0.901399
1057 0.346416 -0.00243386 -0.322054 -0.0421409 0.357504 0.0325627 0.932392
1071 0.386835 -0.0256474 -0.263359 -0.0350565 0.308176 0.0128269 0.950597
1097 0.437357 -0.0724926 -0.12286 -0.0264955 0.239877 -0.00965897 0.970394
1123 0.476053 -0.111022 0.0572987 -0.00920371 0.168016 -0.0226009 0.985482
1172 0.514612 -0.189032 0.354163 0.0240398 0.101242 -0.0240561 0.99428
