# width:480 height:360 psr bound:50 mu:0.8
1 0 0 0 0 0 0 1 71.8492
131 0.166667 -0.0583333 0.78859 0.0374848 -0.312521 -0.181093 0.931736 0.00775828
171 0.0402543 -0.0408005 1.08923 0.0255587 -0.578846 -0.199628 0.790211 0.00787665
236 -0.0438313 -0.0330003 1.12375 0.000740968 0.858921 0.119911 -0.49787 0.00799848
331 -0.513199 -0.0488904 0.634468 -0.0224532 0.979026 0.0463479 -0.197119 0.00810034
381 -0.633059 0.00664623 0.199529 -0.00268013 0.994852 0.0593303 -0.082113 0.00812348
451 -0.714389 -0.0416753 -0.401738 -0.00249231 0.999019 -0.0372855 -0.0237696 0.00817426
526 -0.752241 -0.105074 -1.02422 0.0205873 0.988664 -0.127609 0.0763882 0.00819376
531 -0.746935 -0.0922598 -1.056 0.0293263 0.988304 -0.116835 0.0935133 0.00820095
541 -0.737162 -0.0682195 -1.10147 0.0359114 0.986546 -0.0966745 0.126852 0.0081917
546 -0.871099 -0.0511855 -1.11902 0.0368596 0.983572 -0.0872443 0.153676 0.00822587
551 -0.864392 -0.0331589 -1.13699 0.0397642 0.97964 -0.0769611 0.181109 0.00823151
561 -0.854614 -0.0377905 -1.16286 0.0389431 0.972683 -0.0622435 0.220221 0.00821195
576 -0.860848 -0.00919216 -1.20153 0.0429516 0.959919 -0.0324898 0.275053 0.00821667
581 -0.860646 0.00659806 -1.21524 0.0395492 0.9542 -0.0218537 0.295736 0.00822518
591 -0.852035 0.0206939 -1.22618 0.0345777 0.941843 0.000886412 0.334269 0.00821135
896 0.133097 0.0364539 -0.895497 -0.0273818 0.732201 0.0712474 0.676798 0.0082616
