# width:480 height:360 psr bound:50 mu:0.8
1 0 0 0 0 0 0 1
48 0.035 0.00875 -0.0363141 -0.00363998 0.0744224 0.0193178 0.997033
68 0.0468193 0.0164322 -0.053898 -0.00847079 0.149016 0.035412 0.988164
89 0.0952447 0.0126243 -0.0903946 -0.0160089 0.222974 0.0468783 0.973565
183 0.600398 -0.0390519 0.123411 -0.00533726 0.223489 0.00701287 0.974667
302 0.565905 -0.150055 0.923782 -0.0127709 0.151303 -0.0143526 0.988301
325 0.551829 -0.166177 1.06471 -0.0174583 0.0783422 -0.0356214 0.996137
338 0.535026 -0.175773 1.13997 -0.0117519 0.0065829 -0.0580304 0.998224
339 0.535083 -0.175685 1.14385 -0.0117943 0.00263591 -0.0602224 0.998112
345 0.520786 -0.18023 1.17095 -0.00786109 -0.0251101 -0.0691955 0.997256
347 0.51337 -0.179095 1.17894 -0.00939316 -0.0321084 -0.0726553 0.996796
348 0.512981 -0.17895 1.18514 -0.010101 -0.0354487 -0.0743336 0.996552
349 0.512561 -0.178795 1.19119 -0.00985207 -0.0390777 -0.0760906 0.996286
350 0.512174 -0.178666 1.19625 -0.00892386 -0.0424993 -0.0774064 0.996053
351 0.511863 -0.178575 1.19997 -0.00737152 -0.0460545 -0.0785422 0.995819
352 0.511426 -0.178469 1.20477 -0.00686314 -0.0506725 -0.0793933 0.995531
354 0.503239 -0.177098 1.21424 -0.00534309 -0.0590531 -0.0810146 0.994948
355 0.502771 -0.177017 1.21822 -0.00413758 -0.0630709 -0.0817441 0.994647
383 0.310896 -0.191119 1.32127 0.00714982 -0.137176 -0.0936088 0.986088
386 0.314322 -0.192363 1.33624 0.00825745 -0.153833 -0.0959239 0.983395
390 0.260144 -0.189522 1.33179 0.00778396 -0.163266 -0.0994323 0.981528
391 0.25907 -0.189465 1.33495 0.00772685 -0.167646 -0.100618 0.980669
392 0.258102 -0.189411 1.33771 0.00810612 -0.172053 -0.100572 0.979907
393 0.24955 -0.18782 1.33977 0.00743305 -0.176713 -0.100887 0.97905
394 0.228609 -0.183298 1.33284 0.00725055 -0.176325 -0.102099 0.978996
395 0.213814 -0.180256 1.33167 0.0072012 -0.178636 -0.102676 0.978517
396 0.20588 -0.178691 1.3325 0.00807497 -0.181984 -0.103067 0.977852
397 0.203961 -0.178574 1.33751 0.00778793 -0.186298 -0.103444 0.977001
398 0.195414 -0.176957 1.33975 0.00815667 -0.189381 -0.104488 0.976294
399 0.194205 -0.17688 1.34277 0.00897001 -0.193646 -0.104954 0.9754
400 0.19278 -0.176793 1.34624 0.00840372 -0.197372 -0.105418 0.974608
401 0.190718 -0.176658 1.35116 0.00711617 -0.201137 -0.106254 0.973757
404 0.178489 -0.174711 1.36161 0.00646982 -0.211267 -0.107267 0.971503
409 0.151651 -0.177769 1.38262 0.00727644 -0.22965 -0.112782 0.966689
417 0.107568 -0.185279 1.41602 0.00257458 -0.262588 -0.121268 0.957254
429 0.0596351 -0.192602 1.46223 0.00912186 -0.335177 -0.136689 0.932142
445 0.00278614 -0.189285 1.49588 0.00566633 -0.407801 -0.138643 0.902466
466 -0.0943713 -0.176871 1.53517 -0.0100845 -0.474272 -0.131019 0.870516
484 -0.138517 -0.160298 1.54993 -0.0486301 -0.526777 -0.146164 0.835929
498 -0.140848 -0.162182 1.58409 -0.0529141 -0.584854 -0.165902 0.792226
510 -0.147832 -0.163002 1.61166 -0.0433998 -0.645549 -0.170134 0.743261
527 -0.176809 -0.151687 1.60093 -0.0346676 -0.70079 -0.176922 0.69021
547 -0.266422 -0.187233 1.58165 -0.015032 -0.751962 -0.170953 0.636477
570 -0.337795 -0.178103 1.49152 0.00537128 -0.796759 -0.170175 0.579816
587 -0.399654 -0.171574 1.43034 0.000198985 -0.838297 -0.180018 0.514638
602 -0.481129 -0.152467 1.34657 -0.00492393 0.875651 0.182092 -0.447273
608 -0.45585 -0.150239 1.32808 -0.00492393 0.875651 0.182092 -0.447273
624 -0.533391 -0.136687 1.23315 -0.00234401 0.906607 0.186295 -0.37862
661 -0.65926 -0.0980984 0.957243 -0.0063523 0.932941 0.187869 -0.307061
680 -0.728198 -0.086329 0.794284 -0.00738292 0.953307 0.189778 -0.234809
724 -0.801849 -0.045922 0.42505 -0.0121289 0.968457 0.189854 -0.160934
753 -0.886764 -0.0447031 0.246731 -0.0263873 0.983609 0.145814 -0.10274
785 -0.868134 -0.0232073 0.0922746 -0.0270358 0.990206 0.134436 -0.0262437
809 -0.865097 -0.00542024 -0.00228774 -0.0217205 0.989472 0.133887 0.0504728
826 -0.890423 0.0084966 -0.0912553 -0.0251822 0.983246 0.126913 0.128397
845 -0.880084 0.0269512 -0.195411 -0.0268135 0.969089 0.135268 0.204572
869 -0.807528 0.0489047 -0.340542 -0.0252259 0.95154 0.129603 0.277739
893 -0.727096 0.0666431 -0.466677 -0.0276941 0.926068 0.133816 0.351744
904 -0.663012 0.0721422 -0.539364 -0.0343162 0.894286 0.124102 0.428571
920 -0.582673 0.0773342 -0.596065 -0.0365777 0.858677 0.119812 0.496972
939 -0.447309 0.0792207 -0.645971 -0.0396109 0.819413 0.105431 0.56203
956 -0.329549 0.0877984 -0.679183 -0.0426574 0.773143 0.108476 0.623428
972 -0.215757 0.0975641 -0.704097 -0.0439098 0.724905 0.0939522 0.680998
986 -0.120172 0.101448 -0.710436 -0.0528105 0.67184 0.0881558 0.733533
1008 0.0300381 0.0851048 -0.683981 -0.0632707 0.616951 0.0692743 0.78139
1028 0.149268 0.0803644 -0.637203 -0.0648065 0.553925 0.0650074 0.827491
1043 0.244325 0.0711154 -0.598735 -0.0749873 0.491745 0.0443462 0.86637
1057 0.318049 0.0619143 -0.554773 -0.0770243 0.422758 0.0322472 0.902387
1071 0.366843 0.0436987 -0.500893 -0.0714994 0.374232 0.0140399 0.924468
1096 0.436184 0.00684673 -0.374996 -0.0649042 0.310702 -0.00394038 0.948281
1122 0.50102 -0.0178513 -0.202037 -0.0489981 0.239668 -0.0168674 0.969471
1159 0.580094 -0.0551159 0.00932722 -0.0277627 0.169643 -0.023386 0.984837
