# width:480 height:360 psr bound:50 mu:0.8
1 6.92455e-310 4.67412e-310 6.92453e-310 -1.1252e-310 -9.48039e-316 1.12521e-310 0.5
2 0 0.00833333 -0.00231281 0.00128699 -0.000203279 -0.000307561 0.999999
3 0 0 -0.00233021 -0.00128218 0.000187034 -0.000238289 0.999999
4 0 0 -0.00182517 -0.00159889 0.000709168 -0.000451337 0.999998
5 0 0.00833333 -0.00258105 -0.00161482 0.000699357 -0.0010033 0.999998
6 0 0.0166667 -0.00246589 -0.00139027 0.000680236 -0.000624908 0.999999
7 0 0 -0.001871 -0.00421278 0.00122758 -0.000874612 0.99999
8 0 0.00833333 -0.00117127 -0.00195144 0.000680351 -0.000464343 0.999998
9 0 0.00833333 -0.00159697 -0.00143381 0.000705339 -0.000517897 0.999999
10 0 0.00833333 -0.00109087 -0.00236439 0.000811962 -0.000588826 0.999997
11 0 0.00833333 -0.000247422 -0.00157513 0.000679512 -0.000336008 0.999998
12 0 0 0.000470449 -0.00159172 0.000689567 -0.000371632 0.999998
13 0 0.00833333 0.000963004 0 0 0 1
14 0 0 0.000924207 0 0 0 1
15 0 0.00833333 0.000982912 0.00131401 -2.02022e-05 0.00119941 0.999998
16 0 0 0.000856123 0.00139055 -5.37509e-05 0.00118137 0.999998
17 0 0 0.000130999 0.0013858 -0.000285307 0.000666895 0.999999
18 0 0.00833333 0.00022484 0.000975436 -0.000466152 -4.30027e-06 0.999999
19 0 0.00833333 -0.000117805 0.000653785 -0.000322427 -0.00113071 0.999999
20 0 0 -0.000809312 -0.000787395 0.000317948 -0.00414989 0.999991
21 0 0 -0.000675662 -0.0014636 0.00069997 -0.0034793 0.999993
22 0 0 -0.000813415 -0.00146103 0.000700664 -0.00330243 0.999993
23 -0.00833333 0.00833333 -0.000594643 -0.00144844 0.000702537 -0.00239085 0.999996
24 -0.00833333 0.00833333 -0.000623041 -0.00143573 0.000702788 -0.00229495 0.999996
25 -0.00833333 0.00833333 -0.000523586 -0.00144272 0.000710844 -0.00236756 0.999996
26 -0.00833333 0 -0.000807589 -0.00146182 0.000710052 -0.00310736 0.999994
27 -0.00833333 0 -0.000655306 -0.00145714 0.000708864 -0.00393398 0.999991
28 -0.00833333 0 -0.000333876 -0.00146207 0.000709428 -0.00338511 0.999993
29 -0.00833333 0 -0.000479119 -0.00145378 0.000708236 -0.00366895 0.999992
30 -0.00833333 0 -0.000578076 -0.00150263 0.00074676 -0.00590478 0.999981
31 0 0 -0.000590934 -0.00151004 0.000749505 -0.00686687 0.999975
32 -0.00833333 0.00833333 0.000130637 -0.00143951 0.000709012 -0.00364783 0.999992
33 -0.00833333 0.00833333 0.000326943 -0.00143721 0.000707267 -0.00460879 0.999988
34 -0.00833333 0.00833333 -0.0002775 -0.00139533 0.000673823 -0.00466528 0.999988
35 -0.00833333 0.0166667 -5.27917e-05 -0.00142541 0.000707303 -0.00340759 0.999993
36 -0.00833333 0.00833333 0.000132646 -0.00273441 0.00188279 -0.00539312 0.99998
37 -0.00833333 0.00833333 0.000151298 -0.00262968 0.00324846 -0.00567422 0.999975
38 -0.0166667 0.0166667 -0.000498925 -0.00259919 0.00412908 -0.00482985 0.999976
39 -0.0166667 0.00833333 0.000444314 -0.00469312 0.00494394 -0.00406989 0.999968
40 -0.0166667 0.00833333 0.00248435 -0.00580695 0.00520186 -0.00307623 0.999965
41 -0.0166667 0.00833333 0.00353715 -0.0051429 0.00557833 -0.00228496 0.999969
42 -0.0166667 0.00833333 0.00533904 -0.00500617 0.00584175 -0.00171436 0.999969
43 -0.0166667 0.00833333 0.00729957 -0.00484933 0.00622889 -0.00137458 0.999968
44 -0.0166667 0.00833333 0.00907622 -0.00400531 0.00711119 -0.00177838 0.999965
45 -0.0166667 0.00833333 0.0109814 -0.00343853 0.0079663 -0.00268331 0.999959
46 -0.0166667 0.0166667 0.0140446 -0.00432253 0.0091109 -0.00381959 0.999942
47 -0.025 0.0166667 0.0186182 -0.00519187 0.0102343 -0.00518657 0.999921
48 -0.025 0.0166667 0.0221774 -0.00541421 0.0106694 -0.00693282 0.999904
49 -0.025 0.0166667 0.0271514 -0.00721686 0.011078 -0.00887809 0.999873
50 -0.025 0.0166667 0.0331918 -0.00889396 0.0115142 -0.010537 0.999839
51 -0.0166667 0.0166667 0.0394004 -0.00946851 0.0113906 -0.0120907 0.999817
52 -0.0166667 0.025 0.0451121 -0.00971467 0.0110986 -0.0132938 0.999803
53 -0.0166667 0.025 0.0510365 -0.0110992 0.010875 -0.0145991 0.999773
54 -0.0166667 0.025 0.0591051 -0.0126636 0.0106616 -0.0153913 0.999745
55 -0.00833333 0.0166667 0.0671875 -0.0132673 0.00947506 -0.0160373 0.999738
56 -0.00833333 0.0166667 0.0751546 -0.0131919 0.0075378 -0.017055 0.999739
57 -0.00833333 0.0166667 0.0843418 -0.0132012 0.00618265 -0.0183579 0.999725
58 0 0.0166667 0.0930556 -0.0114134 0.00458463 -0.0200147 0.999724
59 0 0.0166667 0.101179 -0.00988009 0.00322055 -0.0224652 0.999694
60 0.00833333 0.0166667 0.110787 -0.00979021 0.0019223 -0.0247527 0.999644
61 0.00833333 0.0166667 0.120308 -0.00945497 0.000354631 -0.027482 0.999578
62 0.0166667 0.0166667 0.129373 -0.00891274 -0.00167255 -0.0297491 0.999516
63 0.0166667 0.0166667 0.139708 -0.00897407 -0.0040546 -0.0319511 0.999441
64 0.025 0.0166667 0.149229 -0.00863815 -0.00653166 -0.0347084 0.999339
65 0.025 0.0166667 0.15786 -0.00892907 -0.008998 -0.0380348 0.999196
66 0.0333333 0.0166667 0.168499 -0.0102812 -0.0115583 -0.0413288 0.999026
67 0.0333333 0.00833333 0.17776 -0.00844724 -0.0134154 -0.0450634 0.998858
68 0.0416667 0.0166667 0.186899 -0.00661361 -0.0162608 -0.0479792 0.998694
69 0.0416667 0.0166667 0.195299 -0.00624141 -0.0189968 -0.0504482 0.998526
70 0.05 0.00833333 0.205206 -0.00675644 -0.0220221 -0.0523965 0.998361
71 0.05 0.00833333 0.21419 -0.0061446 -0.0252376 -0.0537005 0.998219
72 0.0583333 0.0166667 0.222518 -0.00641305 -0.0280971 -0.0550027 0.99807
73 0.0666667 0.00833333 0.231998 -0.00723845 -0.0314457 -0.0568441 0.997861
74 0.0666667 0.00833333 0.24092 -0.00626145 -0.034939 -0.0590841 0.997622
75 0.075 0.00833333 0.248665 -0.00477228 -0.0386511 -0.0620215 0.997315
76 0.075 0.0166667 0.256003 -0.00521216 -0.0420765 -0.0650193 0.996983
77 0.0833333 0.00833333 0.265365 -0.00678263 -0.0456403 -0.0689756 0.996551
78 0.0833333 0.00833333 0.274337 -0.00666366 -0.0483702 -0.0725465 0.996169
79 0.0833333 0.00833333 0.282096 -0.00594274 -0.0517966 -0.0756646 0.995769
80 0.0916667 0.00833333 0.290717 -0.00675386 -0.0562049 -0.0789837 0.995267
81 0.0916667 0.00833333 0.299264 -0.00736658 -0.0601175 -0.0824505 0.994753
82 0.0916667 0.0166667 0.307716 -0.00788224 -0.0645026 -0.0860635 0.994168
83 0.1 0.0166667 0.316375 -0.00982876 -0.0684561 -0.0891802 0.993612
84 0.1 0.00833333 0.325574 -0.0116127 -0.0726029 -0.0920188 0.993039
85 0.1 0.00833333 0.334351 -0.0121624 -0.0770994 -0.0947796 0.992434
86 0.108333 0.00833333 0.344041 -0.0124322 -0.0815787 -0.0976683 0.991792
87 0.108333 0.00833333 0.353434 -0.0122671 -0.085702 -0.100878 0.991125
88 0.108333 0.00833333 0.36318 -0.0124216 -0.0892636 -0.103864 0.9905
89 0.108333 0.00833333 0.373078 -0.0120001 -0.0925435 -0.107052 0.989864
90 0.116667 0.00833333 0.383236 -0.0109894 -0.0962278 -0.110493 0.989146
91 0.116667 0.00833333 0.393847 -0.0110402 -0.0992695 -0.113496 0.988505
92 0.114679 0.00878834 0.403899 -0.011208 -0.102689 -0.115451 0.987927
93 0.120843 0.00734674 0.414614 -0.0122461 -0.106643 -0.116999 0.987314
94 0.118949 0.00778039 0.424194 -0.0127209 -0.110952 -0.118739 0.986625
95 0.125042 0.00635488 0.435264 -0.0138778 -0.115871 -0.121107 0.985756
96 0.120603 -0.00117767 0.448162 -0.0147569 -0.120734 -0.124642 0.984718
97 0.126639 -0.00259 0.459523 -0.0132641 -0.124886 -0.128197 0.983765
98 0.132707 -0.00400962 0.470723 -0.0127114 -0.12907 -0.13185 0.982749
99 0.12845 -0.0115839 0.482699 -0.0125543 -0.13318 -0.135362 0.981724
100 0.12665 -0.0111718 0.491802 -0.0100881 -0.137449 -0.138038 0.980791
101 0.13279 -0.012608 0.502637 -0.00773434 -0.141611 -0.140752 0.979834
102 0.139235 -0.014114 0.511928 -0.00615841 -0.146166 -0.142605 0.978908
103 0.145377 -0.0155507 0.52275 -0.00307365 -0.151178 -0.144848 0.977832
104 0.143813 -0.0151926 0.530663 -0.000806579 -0.155269 -0.14705 0.976866
105 0.13951 -0.0227563 0.542872 0.00140552 -0.159082 -0.148847 0.975979
106 0.156675 -0.0181982 0.549386 0.00398594 -0.163088 -0.150291 0.975089
107 0.144498 -0.0239288 0.559532 0.00489927 -0.16709 -0.152035 0.974137
108 0.151273 -0.0255104 0.567154 0.00668514 -0.171458 -0.153649 0.973113
109 0.147287 -0.0331466 0.577761 0.00943613 -0.176656 -0.154155 0.97208
110 0.145444 -0.0327246 0.587084 0.0118844 -0.182816 -0.154289 0.970892
111 0.144046 -0.0324045 0.594157 0.014035 -0.189053 -0.154403 0.96965
112 0.150845 -0.0339915 0.601657 0.0158301 -0.194979 -0.154932 0.968364
113 0.149254 -0.0336273 0.609704 0.0182742 -0.201145 -0.155435 0.966978
114 0.147775 -0.0332886 0.617187 0.0200332 -0.207098 -0.15632 0.965543
115 0.143639 -0.0408906 0.62855 0.0213594 -0.212529 -0.157712 0.964107
116 0.152779 -0.0344647 0.633768 0.0231051 -0.218031 -0.15842 0.962721
117 0.148403 -0.0420119 0.646342 0.0241804 -0.224558 -0.159206 0.961063
118 0.146556 -0.0415889 0.655687 0.025944 -0.231773 -0.159618 0.959234
119 0.144738 -0.0411725 0.664886 0.0277583 -0.23796 -0.16058 0.957506
120 0.147304 -0.0436252 0.67698 0.0287798 -0.244415 -0.162055 0.9556
121 0.143285 -0.043424 0.684636 0.0304933 -0.251139 -0.164137 0.953446
122 0.145535 -0.0458608 0.697334 0.0317157 -0.257647 -0.165541 0.951424
123 0.141826 -0.0456751 0.704399 0.0328816 -0.26389 -0.166539 0.949497
124 0.144212 -0.0481187 0.716838 0.0342783 -0.270609 -0.167522 0.947382
125 0.146349 -0.0505499 0.729749 0.0359616 -0.277079 -0.168962 0.945191
126 0.142492 -0.0503568 0.737098 0.0368975 -0.283095 -0.170851 0.94303
127 0.145449 -0.052829 0.748447 0.0378621 -0.289045 -0.173203 0.940755
128 0.147856 -0.0552737 0.760846 0.0394896 -0.29495 -0.174503 0.938613
129 0.154289 -0.0499065 0.771325 0.0399788 -0.30041 -0.175976 0.936583
130 0.158002 -0.0524166 0.781234 0.0389845 -0.306145 -0.17753 0.934472
131 0.161069 -0.0548944 0.792374 0.0384012 -0.312356 -0.178555 0.932243
132 0.157537 -0.0547175 0.799103 0.0387437 -0.318522 -0.180102 0.929842
133 0.160717 -0.0572009 0.810028 0.0383122 -0.324795 -0.182516 0.927215
134 0.157843 -0.057057 0.815503 0.039439 -0.331001 -0.184496 0.924578
135 0.154638 -0.0568965 0.82161 0.0398644 -0.33779 -0.186523 0.921693
136 0.158383 -0.0594082 0.831459 0.0389361 -0.344856 -0.18877 0.918654
137 0.160338 -0.043479 0.839239 0.039586 -0.351161 -0.185504 0.916901
138 0.161631 -0.0538814 0.848007 0.0387073 -0.358536 -0.187492 0.913674
139 0.158457 -0.0537226 0.854053 0.0388981 -0.366601 -0.187609 0.910436
140 0.168716 -0.050871 0.874227 0.0364503 -0.381798 -0.188327 0.904121
141 0.163978 -0.0503469 0.878977 0.0359843 -0.389814 -0.187559 0.900873
142 0.172979 -0.0485267 0.894271 0.0347935 -0.397678 -0.186849 0.897624
143 0.169195 -0.0481082 0.898063 0.0334765 -0.405096 -0.186261 0.894474
144 0.165392 -0.0476874 0.901875 0.0330232 -0.412 -0.18589 0.891409
145 0.164877 -0.0499263 0.912534 0.0336066 -0.419393 -0.185128 0.888092
146 0.156128 -0.0466625 0.911162 0.0350947 -0.426676 -0.184793 0.884628
147 0.150937 -0.0460883 0.916366 0.0349752 -0.433295 -0.185398 0.881283
148 0.14664 -0.0456129 0.920673 0.0343001 -0.440179 -0.185979 0.877768
149 0.144965 -0.0477235 0.932494 0.0339672 -0.447043 -0.186469 0.874202
150 0.139772 -0.047149 0.937699 0.0337363 -0.453359 -0.186904 0.870858
151 0.134548 -0.0465711 0.942936 0.033752 -0.459805 -0.186804 0.867493
152 0.128859 -0.0459417 0.948639 0.0343632 -0.466773 -0.186754 0.863751
153 0.13239 -0.0412205 0.959273 0.0350871 -0.473258 -0.186821 0.860171
154 0.129314 -0.0431761 0.972499 0.0354557 -0.479114 -0.187054 0.856857
155 0.116678 -0.0417782 0.985165 0.0352583 -0.489186 -0.186794 0.851212
156 0.110922 -0.0411414 0.990936 0.0343564 -0.495017 -0.186758 0.847879
157 0.104605 -0.0404426 0.997268 0.0342259 -0.500928 -0.186795 0.844397
158 0.0986665 -0.0397856 1.00322 0.0335767 -0.506803 -0.187894 0.840666
159 0.0939978 -0.0392691 1.0079 0.0329561 -0.512625 -0.188658 0.836981
160 0.0902349 -0.0411487 1.02181 0.0334631 -0.518337 -0.189995 0.833132
161 0.0835628 -0.0400737 1.02532 0.0333977 -0.523455 -0.192012 0.829464
162 0.0788543 -0.0415379 1.03593 0.0324641 -0.528533 -0.193443 0.825941
163 0.0732078 -0.0406282 1.0389 0.0320822 -0.534487 -0.194213 0.821934
164 0.0675096 -0.0419329 1.05003 0.0316214 -0.540561 -0.195443 0.817677
165 0.0619427 -0.0410359 1.05296 0.0304746 -0.546257 -0.196188 0.813747
166 0.0575735 -0.0425548 1.06339 0.029733 -0.552185 -0.195858 0.809844
167 0.0509656 -0.0414901 1.06687 0.0300823 -0.557616 -0.195921 0.806086
168 0.0455025 -0.0406099 1.06974 0.0290393 -0.562652 -0.196856 0.802388
169 0.0408649 -0.0398627 1.07217 0.0286939 -0.567971 -0.196717 0.798679
170 0.0350628 -0.0389279 1.07522 0.0288183 -0.573507 -0.196547 0.794751
171 0.0362753 -0.0338614 1.08581 0.0273956 -0.57876 -0.196882 0.790901
172 0.0314436 -0.0330829 1.08835 0.025234 -0.583806 -0.196678 0.787306
173 0.0268895 -0.0323491 1.09074 0.0234016 -0.589403 -0.19539 0.783504
174 0.0220518 -0.0315697 1.09329 0.0216574 -0.595505 -0.193956 0.779285
175 0.0177689 -0.0308796 1.09554 0.0196077 -0.601138 -0.192694 0.775318
176 0.0191652 -0.0258427 1.10603 0.0177804 -0.607358 -0.191015 0.770918
177 0.0150618 -0.0251816 1.10819 0.015911 -0.613707 -0.18999 0.766169
178 0.0117776 -0.0246525 1.10991 0.0143033 -0.620011 -0.188925 0.761373
179 0.00849027 -0.0241228 1.11164 0.0130022 -0.62651 -0.18724 0.756477
180 0.00516325 -0.0235868 1.11339 0.0112677 -0.632753 -0.185735 0.751664
181 0.00230536 -0.0231263 1.11489 0.0095759 -0.639006 -0.184248 0.746748
182 -0.000329198 -0.022518 1.11539 0.00854984 -0.645517 -0.182587 0.74155
183 -0.00541145 -0.0213445 1.11637 0.00659218 -0.659292 -0.179994 0.729995
184 -0.0076722 -0.0208225 1.1168 0.00699474 -0.666551 -0.178553 0.723726
185 -0.00617405 -0.0156794 1.12606 0.00691098 -0.673438 -0.177866 0.717494
186 -0.00805816 -0.0152443 1.12642 0.00623471 -0.679937 -0.17839 0.711213
187 -0.0113516 -0.0164396 1.13435 0.00549754 -0.686275 -0.178747 0.705015
188 -0.0130768 -0.0160412 1.13468 0.00409166 -0.692301 -0.180188 0.698738
189 -0.0147865 -0.0176021 1.1423 0.00292056 -0.698199 -0.182324 0.692291
190 -0.0148364 -0.0175906 1.14231 0.00421654 -0.70442 -0.183337 0.685683
191 -0.017302 -0.018977 1.15008 0.00574315 -0.71067 -0.183735 0.679086
192 -0.0133898 -0.0143912 1.15888 0.00563472 -0.716248 -0.184778 0.672914
193 -0.0135817 -0.0143469 1.15891 0.00516289 -0.72151 -0.185684 0.667022
194 -0.0154521 -0.0158707 1.16657 0.00500081 -0.726832 -0.185846 0.661174
195 -0.0161642 -0.0157063 1.1667 0.00460142 -0.731854 -0.185775 0.655634
196 -0.0170409 -0.0155039 1.16687 0.00384254 -0.736698 -0.185547 0.650256
197 -0.0172907 -0.0154462 1.16692 0.00295181 -0.741695 -0.185683 0.644517
198 -0.0131861 -0.0109049 1.17568 0.00260688 -0.746368 -0.185251 0.639226
199 -0.0139556 -0.0106848 1.17559 0.00206126 -0.750942 -0.184394 0.634098
200 -0.0163669 -0.0121926 1.18261 0.000706528 -0.755358 -0.183967 0.62896
201 -0.0165505 -0.0121401 1.18259 -0.00023707 -0.759781 -0.183351 0.623791
202 -0.0106396 -0.00634591 1.18519 -0.00074439 -0.764076 -0.182537 0.618763
203 -0.0107824 -0.00630506 1.18517 -0.00114138 -0.768418 -0.181434 0.613689
204 -0.0108801 -0.0062771 1.18516 -0.00137163 -0.772557 -0.180202 0.608835
205 -0.0168764 -0.0120469 1.18255 -0.00191899 -0.776583 -0.178937 0.604067
206 -0.0187148 -0.0137186 1.18965 -0.00194821 -0.780912 -0.176834 0.599085
207 -0.0191994 -0.0135799 1.18959 -0.00170332 -0.784982 -0.174551 0.594418
208 -0.0140011 -0.00758195 1.1921 -0.00237877 -0.788805 -0.17239 0.589968
209 -0.0145786 -0.00741676 1.19203 -0.0036959 -0.792475 -0.171164 0.585383
210 -0.0209783 -0.0130711 1.18938 -0.00488329 -0.795901 -0.170238 0.580979
211 -0.0191524 -0.0113959 1.18228 -0.00603852 -0.7992 -0.168997 0.576787
212 -0.0197005 -0.0112391 1.18222 -0.00699734 -0.802661 -0.16726 0.572459
213 -0.020033 -0.011144 1.18218 -0.00786963 -0.805721 -0.166027 0.568495
214 -0.0198123 -0.0112071 1.1822 -0.00869206 -0.808547 -0.165027 0.56475
215 -0.0197832 -0.0112155 1.18221 -0.00901876 -0.811423 -0.163403 0.561079
216 -0.0197856 -0.0112148 1.18221 -0.00930829 -0.814475 -0.161675 0.55714
217 -0.0178513 -0.00957051 1.17512 -0.00963792 -0.81758 -0.159772 0.553121
218 -0.0236569 -0.0153948 1.17254 -0.00974303 -0.820564 -0.157885 0.549229
219 -0.0234031 -0.0154674 1.17257 -0.00934923 -0.823583 -0.1561 0.545212
220 -0.0234802 -0.0154453 1.17256 -0.00843707 -0.826428 -0.154176 0.541457
221 -0.0230561 -0.0155666 1.17261 -0.00700538 -0.829015 -0.152704 0.537929
222 -0.026722 -0.0198054 1.16297 -0.00561749 -0.831313 -0.151036 0.534859
223 -0.0266664 -0.0198214 1.16298 -0.00483672 -0.833591 -0.149106 0.531855
224 -0.0257627 -0.0200798 1.16308 -0.004631 -0.835941 -0.147506 0.528605
225 -0.0352695 -0.0323303 1.15817 -0.00311269 -0.838358 -0.146939 0.524934
226 -0.0357642 -0.0321899 1.15794 -0.00300302 -0.841039 -0.14473 0.521245
227 -0.04259 -0.0377674 1.15352 -0.0024567 -0.843599 -0.142238 0.517787
228 -0.0419262 -0.0358822 1.14566 -0.00203395 -0.845723 -0.139619 0.515029
229 -0.0424 -0.0357477 1.14544 -0.0022711 -0.847494 -0.137619 0.512649
230 -0.0428071 -0.0356321 1.14526 -0.00258163 -0.849508 -0.1354 0.509899
231 -0.0477318 -0.0396758 1.13355 -0.00220809 -0.851456 -0.133094 0.507252
232 -0.0483558 -0.0394986 1.13326 -0.00119067 -0.853381 -0.130492 0.50469
233 -0.0490485 -0.0393019 1.13294 9.57689e-05 -0.854957 -0.127838 0.502698
234 -0.0499463 -0.039047 1.13253 0.00145678 -0.856275 -0.125673 0.500997
235 -0.0552316 -0.0429883 1.12066 -0.00313886 0.8574 0.123827 -0.499521
236 -0.0561966 -0.0427143 1.12021 -0.00411089 0.858434 0.121714 -0.498258
237 -0.0627015 -0.048383 1.11594 -0.00718928 0.860398 0.117919 -0.49574
238 -0.0677885 -0.0523806 1.10416 -0.00902494 0.861607 0.115176 -0.494253
239 -0.0671402 -0.0525646 1.10446 -0.0112171 0.862937 0.112456 -0.492511
240 -0.0742892 -0.0580504 1.09989 -0.0135702 0.864335 0.108721 -0.490836
241 -0.0751789 -0.0577978 1.09948 -0.0160702 0.865656 0.10486 -0.489271
242 -0.0804194 -0.0617518 1.08763 -0.0182713 0.866611 0.101285 -0.488255
243 -0.0810659 -0.0615683 1.08733 -0.0201139 0.867513 0.0977451 -0.487302
244 -0.0887542 -0.066901 1.08251 -0.0211387 0.868195 0.0944376 -0.486695
245 -0.089579 -0.0666668 1.08213 -0.0211428 0.869062 0.0916113 -0.485687
246 -0.0943989 -0.0707402 1.07047 -0.0215236 0.870081 0.0884229 -0.484434
247 -0.101168 -0.0763339 1.06608 -0.022197 0.87111 0.0849395 -0.483176
248 -0.102157 -0.0760531 1.06562 -0.0234985 0.87205 0.0813408 -0.482038
249 -0.107044 -0.0801074 1.05393 -0.0244101 0.872983 0.0779629 -0.48086
250 -0.106922 -0.0801421 1.05399 -0.0253976 0.874121 0.0745994 -0.479272
251 -0.111577 -0.0842624 1.04241 -0.026935 0.875504 0.0707903 -0.477237
252 -0.117651 -0.0900533 1.03834 -0.0288831 0.876826 0.0675988 -0.475154
253 -0.117861 -0.0899938 1.03824 -0.0308901 0.878291 0.0644091 -0.47276
254 -0.122865 -0.0940148 1.0265 -0.0332107 0.879722 0.0607526 -0.47042
255 -0.123471 -0.0938429 1.02622 -0.0354457 0.881045 0.0573206 -0.468206
256 -0.127983 -0.0980037 1.0147 -0.0374657 0.88246 0.0538816 -0.465787
257 -0.133836 -0.103857 1.01073 -0.0393633 0.88375 0.0513936 -0.46346
258 -0.134682 -0.103617 1.01034 -0.0404347 0.885034 0.0493864 -0.46113
259 -0.138886 -0.107866 0.998967 -0.0413844 0.886556 0.04669 -0.458394
260 -0.140096 -0.107522 0.998409 -0.0431594 0.888185 0.0435088 -0.455381
261 -0.144886 -0.111604 0.986766 -0.0447328 0.889584 0.0410191 -0.452722
262 -0.145873 -0.111324 0.98631 -0.0458262 0.891094 0.0391092 -0.449802
263 -0.152079 -0.117077 0.982175 -0.0467 0.892852 0.0370287 -0.446389
264 -0.155159 -0.116983 0.979872 -0.0482757 0.89472 0.0340951 -0.442699
265 -0.157489 -0.116912 0.97813 -0.0501242 0.896234 0.0321994 -0.439564
266 -0.160558 -0.123244 0.965441 -0.0509996 0.897614 0.0314419 -0.436692
267 -0.164509 -0.123123 0.962487 -0.0520008 0.899178 0.0300684 -0.433441
268 -0.166318 -0.122058 0.951832 -0.0535553 0.90071 0.02822 -0.430183
269 -0.169136 -0.121972 0.949725 -0.0553915 0.90189 0.0260279 -0.427608
270 -0.172061 -0.121883 0.947537 -0.0563393 0.902887 0.0243787 -0.425473
271 -0.175059 -0.128216 0.934902 -0.0563695 0.904226 0.0233676 -0.422672
272 -0.17889 -0.128099 0.932037 -0.0563704 0.905791 0.0212234 -0.419421
273 -0.180883 -0.127028 0.921245 -0.0569373 0.90742 0.019354 -0.4159
274 -0.183406 -0.126951 0.919358 -0.0574565 0.908751 0.0183296 -0.412957
275 -0.185247 -0.125885 0.908679 -0.0578905 0.91017 0.0174951 -0.409797
276 -0.188523 -0.125785 0.90623 -0.0584981 0.911537 0.0161184 -0.406717
277 -0.191565 -0.125692 0.903955 -0.0597032 0.91272 0.0145845 -0.403936
278 -0.19323 -0.124632 0.893407 -0.060702 0.9138 0.0137277 -0.401368
279 -0.19632 -0.124537 0.891097 -0.0608538 0.914828 0.0133816 -0.399008
280 -0.199625 -0.124436 0.888625 -0.0610508 0.916032 0.0127165 -0.396228
281 -0.202166 -0.130784 0.876332 -0.0611924 0.917464 0.012137 -0.392897
282 -0.206129 -0.130663 0.873368 -0.0614765 0.919106 0.0118055 -0.389006
283 -0.209658 -0.130555 0.870729 -0.0611065 0.920868 0.0117856 -0.384877
284 -0.212149 -0.129469 0.859564 -0.0608303 0.922714 0.0119968 -0.380467
285 -0.216001 -0.129352 0.856683 -0.0605339 0.924548 0.0122677 -0.376027
286 -0.220225 -0.129223 0.853524 -0.0595226 0.926388 0.0124704 -0.371627
287 -0.223375 -0.128117 0.841867 -0.0581144 0.928289 0.0124903 -0.367078
288 -0.228796 -0.127951 0.837813 -0.0560156 0.930357 0.0130019 -0.362116
289 -0.233879 -0.127796 0.834012 -0.0540475 0.932176 0.0133167 -0.357701
290 -0.238462 -0.120221 0.831674 -0.0522397 0.934013 0.0124931 -0.353178
291 -0.243806 -0.119048 0.818376 -0.0511245 0.9358 0.0125797 -0.348577
292 -0.250701 -0.118838 0.81322 -0.0498461 0.937381 0.0138599 -0.344442
293 -0.257118 -0.118642 0.808421 -0.0478113 0.93891 0.0142616 -0.340527
294 -0.263949 -0.110998 0.804403 -0.0464204 0.940455 0.0137123 -0.336455
295 -0.270489 -0.110799 0.799512 -0.0454488 0.941979 0.01345 -0.332307
296 -0.277619 -0.110581 0.79418 -0.0449841 0.943442 0.0134809 -0.328195
297 -0.285452 -0.110342 0.788321 -0.0447347 0.944796 0.0145121 -0.324265
298 -0.294812 -0.0877509 0.784594 -0.0411208 0.946321 0.00851281 -0.320489
299 -0.300841 -0.109872 0.776812 -0.0424794 0.947666 0.01754 -0.315939
300 -0.309314 -0.110624 0.779778 -0.0409829 0.949035 0.0188556 -0.311924
301 -0.317609 -0.110371 0.773574 -0.0390185 0.95043 0.0199177 -0.307838
302 -0.324144 -0.110217 0.764555 -0.0379211 0.951837 0.0208581 -0.303535
303 -0.334283 -0.110769 0.763297 -0.0376342 0.953176 0.0220906 -0.299253
304 -0.340928 -0.110612 0.754127 -0.0376195 0.954506 0.0236155 -0.294864
305 -0.351335 -0.111158 0.7525 -0.0379083 0.955965 0.0244725 -0.289993
306 -0.35777 -0.111006 0.743618 -0.0386001 0.957364 0.024655 -0.28523
307 -0.367718 -0.111562 0.742624 -0.0396422 0.958626 0.0250631 -0.280777
308 -0.378284 -0.104644 0.741882 -0.0401574 0.959843 0.0263822 -0.276391
309 -0.38467 -0.104493 0.733069 -0.040346 0.961067 0.0277829 -0.271938
310 -0.395114 -0.105038 0.73139 -0.0402243 0.962405 0.0280628 -0.267154
311 -0.400647 -0.104907 0.723754 -0.040222 0.963697 0.0283106 -0.262428
312 -0.41096 -0.105455 0.722257 -0.0393987 0.965041 0.0289588 -0.257497
313 -0.420998 -0.10601 0.721137 -0.0382345 0.966558 0.0293014 -0.251881
314 -0.426686 -0.0984151 0.714392 -0.0373777 0.968015 0.0299924 -0.246274
315 -0.436544 -0.0989737 0.713522 -0.0372623 0.969368 0.031134 -0.240764
316 -0.44182 -0.091389 0.707346 -0.0375751 0.970419 0.0323311 -0.236281
317 -0.450877 -0.0919664 0.707581 -0.0373116 0.971316 0.0344423 -0.232308
318 -0.45576 -0.0918512 0.700843 -0.0365404 0.97211 0.0361973 -0.228815
319 -0.464898 -0.0924268 0.700966 -0.0354615 0.972917 0.0368604 -0.225423
320 -0.469541 -0.084857 0.695663 -0.0343722 0.973644 0.0372176 -0.222374
321 -0.477814 -0.0854529 0.69698 -0.0333761 0.97427 0.0381006 -0.219617
322 -0.482885 -0.0778731 0.691087 -0.0319444 0.974858 0.0396618 -0.216928
323 -0.487387 -0.0777669 0.684874 -0.0310067 0.975546 0.0406907 -0.21376
324 -0.4921 -0.0776557 0.678371 -0.0306285 0.976254 0.0415407 -0.210393
325 -0.496486 -0.070092 0.673422 -0.0302676 0.976856 0.0427499 -0.207388
326 -0.501064 -0.0699841 0.667105 -0.0297765 0.977431 0.0440318 -0.204457
327 -0.505585 -0.0698774 0.660865 -0.0291891 0.977842 0.0449455 -0.202369
328 -0.51487 -0.0629892 0.661891 -0.0286049 0.978102 0.0460846 -0.200935
329 -0.513045 -0.0614255 0.647269 -0.027752 0.978304 0.0471693 -0.199813
330 -0.519503 -0.0546683 0.65259 -0.027034 0.978509 0.048306 -0.198634
331 -0.530116 -0.0544852 0.64689 -0.0265458 0.978704 0.0495332 -0.197433
332 -0.533919 -0.0537292 0.638096 -0.0261309 0.978812 0.0511079 -0.196553
333 -0.53799 -0.0529201 0.628683 -0.0262738 0.978944 0.0521891 -0.195586
334 -0.539984 -0.0451236 0.625484 -0.0269556 0.978971 0.053356 -0.195044
335 -0.543567 -0.0444114 0.617198 -0.0268656 0.978777 0.0564789 -0.195153
336 -0.550975 -0.0503389 0.598657 -0.0267685 0.978704 0.0589047 -0.194813
337 -0.551172 -0.0428999 0.599614 -0.0268117 0.978778 0.0606199 -0.193908
338 -0.558135 -0.0489157 0.5821 -0.0265702 0.97894 0.0624469 -0.19254
339 -0.561282 -0.0482904 0.574826 -0.0260171 0.979163 0.0632425 -0.191214
340 -0.564701 -0.0476107 0.566919 -0.0254916 0.979454 0.0632253 -0.189798
341 -0.568961 -0.0467638 0.557067 -0.0258737 0.979717 0.0631606 -0.188405
342 -0.573514 -0.0458589 0.54654 -0.0263456 0.979788 0.0635096 -0.187851
343 -0.577602 -0.0450464 0.537088 -0.0261301 0.979775 0.0649309 -0.187462
344 -0.581064 -0.0443581 0.529082 -0.0256188 0.979855 0.0661488 -0.186687
345 -0.584687 -0.043638 0.520704 -0.0256451 0.980024 0.0664993 -0.185669
346 -0.588896 -0.0428013 0.510971 -0.0255424 0.980164 0.0664102 -0.184974
347 -0.586608 -0.0413296 0.49742 -0.0254673 0.980208 0.0667518 -0.18463
348 -0.59363 -0.0344603 0.501436 -0.0247432 0.980173 0.0674369 -0.184662
349 -0.598028 -0.0335862 0.491268 -0.0238663 0.980098 0.0684204 -0.184813
350 -0.602583 -0.0326807 0.480734 -0.0228565 0.980059 0.069327 -0.184812
351 -0.600644 -0.0311396 0.466376 -0.0218142 0.980029 0.0706713 -0.184589
352 -0.604722 -0.0303289 0.456946 -0.020839 0.980029 0.0718687 -0.18424
353 -0.608105 -0.0296565 0.449123 -0.019739 0.98014 0.0726936 -0.183443
354 -0.611502 -0.0289814 0.44127 -0.0190316 0.980321 0.0725113 -0.182621
355 -0.608725 -0.0276068 0.428849 -0.0182089 0.98054 0.0723719 -0.181582
356 -0.618284 -0.0276333 0.425588 -0.0167823 0.980889 0.0721996 -0.179898
357 -0.62121 -0.0270517 0.418822 -0.0156789 0.981384 0.0712459 -0.177662
358 -0.619548 -0.0254554 0.403822 -0.0153039 0.981822 0.0699925 -0.17576
359 -0.620039 -0.0179579 0.404099 -0.014611 0.982126 0.0705474 -0.173893
360 -0.623184 -0.0173326 0.396825 -0.0132912 0.982517 0.072205 -0.171085
361 -0.62674 -0.0166258 0.388603 -0.0124947 0.983081 0.0730405 -0.167514
362 -0.62433 -0.0151784 0.375335 -0.0122167 0.983733 0.0734507 -0.163478
363 -0.621296 -0.0138549 0.363509 -0.012294 0.984282 0.0746183 -0.159594
364 -0.630309 -0.0139899 0.361509 -0.012151 0.984839 0.0754686 -0.155718
365 -0.633301 -0.0133952 0.354591 -0.0125642 0.985464 0.0745645 -0.152129
366 -0.631498 -0.0118269 0.339917 -0.0133993 0.986054 0.0735454 -0.148692
367 -0.631719 -0.00438288 0.340817 -0.0134784 0.986604 0.0745602 -0.144469
368 -0.634697 -0.00379101 0.333932 -0.0135978 0.987202 0.0755635 -0.139776
369 -0.620687 -0.00819621 0.30839 -0.0136915 0.987825 0.0760856 -0.135003
370 -0.605275 -0.00729214 0.303241 -0.0136915 0.987825 0.0760856 -0.135003
371 -0.625019 -0.00583325 0.293048 -0.0131504 0.98926 0.0746707 -0.124961
372 -0.621448 -0.0111248 0.274391 -0.0125702 0.989988 0.0735005 -0.119847
373 -0.630837 -0.0106587 0.271004 -0.0121071 0.990754 0.071456 -0.114689
374 -0.631584 -0.00225255 0.2698 -0.0118108 0.991491 0.0688794 -0.109827
375 -0.634094 -0.000883132 0.260909 -0.0109474 0.992005 0.0680392 -0.105721
376 -0.637438 -0.00705816 0.247627 -0.00951615 0.992428 0.0677332 -0.102017
377 -0.632445 -0.00512637 0.235445 -0.00829869 0.992942 0.0653424 -0.0986338
378 -0.641096 0.00293619 0.236111 -0.00789968 0.993434 0.063885 -0.0945809
379 -0.643448 0.00421921 0.227781 -0.00770244 0.993843 0.0640295 -0.0900976
380 -0.645431 0.0053006 0.220759 -0.00755262 0.994259 0.0634632 -0.0858153
381 -0.648244 0.00683495 0.210797 -0.00672399 0.994572 0.0629403 -0.0825841
382 -0.644283 0.00133093 0.19352 -0.00527298 0.994865 0.0628511 -0.079158
383 -0.654294 0.00213598 0.187932 -0.00390273 0.995203 0.0624447 -0.0752119
384 -0.656242 0.00319866 0.181033 -0.00274551 0.99552 0.0616904 -0.0715949
385 -0.658605 0.00448772 0.172663 -0.00191182 0.995785 0.0610701 -0.0684043
386 -0.660583 0.00556656 0.165659 -0.0012819 0.996043 0.060774 -0.0648288
387 -0.663901 -0.000622979 0.152471 -0.000723449 0.996343 0.0597735 -0.0610583
388 -0.666039 0.000543292 0.144899 -0.000811453 0.996614 0.0582712 -0.0579949
389 -0.675818 0.00122246 0.140129 -0.000972434 0.99685 0.0570411 -0.0550949
390 -0.679039 -0.00501995 0.127285 -0.000766803 0.997036 0.0562021 -0.0525393
391 -0.680873 -0.00401963 0.12079 -0.000904702 0.997248 0.0543859 -0.0503753
392 -0.69066 -0.00333624 0.115993 -0.000465723 0.997404 0.0527676 -0.0489892
393 -0.692404 -0.00238489 0.109816 0.000143115 0.997553 0.051388 -0.0473981
394 -0.696039 -0.00840123 0.0955043 0.00104468 0.99769 0.0502287 -0.0457135
395 -0.697798 -0.0074422 0.0892776 0.00154271 0.997787 0.0488157 -0.0451247
396 -0.700908 -0.0137446 0.0768231 0.00178478 0.997942 0.046733 -0.0438775
397 -0.709836 -0.00553121 0.0765095 0.00172201 0.998123 0.0443103 -0.04225
398 -0.7119 -0.00440542 0.0692001 0.00118247 0.998241 0.043236 -0.0405412
399 -0.714944 -0.0107437 0.056979 0.000980962 0.998356 0.0427235 -0.0382076
400 -0.724874 -0.0099827 0.0516772 0.000828188 0.998537 0.0406244 -0.0356796
401 -0.726642 -0.00901868 0.0454182 0.000394258 0.998691 0.0391351 -0.0329348
402 -0.729796 -0.015297 0.0328072 0.000521902 0.998839 0.037227 -0.0305798
403 -0.73164 -0.0142913 0.0262776 0.000742919 0.999001 0.0344671 -0.028421
404 -0.733494 -0.0132799 0.0197109 0.000163167 0.999181 0.0314399 -0.025482
405 -0.736083 -0.0198667 0.00910337 -0.00109982 0.999272 0.0300639 -0.0234612
406 -0.737573 -0.019054 0.00382652 -0.00176884 0.999389 0.0272693 -0.02178
407 -0.739271 -0.0181279 -0.00218656 -0.00197591 0.999478 0.0251106 -0.0202135
408 -0.741034 -0.0171664 -0.00842915 -0.00197723 0.999543 0.0239596 -0.0183107
409 -0.743526 -0.0238062 -0.018693 -0.00138345 0.999593 0.0232418 -0.0165029
410 -0.744987 -0.023009 -0.0238686 -0.00097411 0.999673 0.0209757 -0.0145722
411 -0.74643 -0.0222219 -0.0289793 -0.00116093 0.999737 0.0187883 -0.0130695
412 -0.748128 -0.0212957 -0.0349929 -0.00107098 0.999785 0.0171165 -0.0116694
413 -0.749862 -0.0203501 -0.0411325 -0.000524293 0.999817 0.0161142 -0.0102674
414 -0.744595 -0.0265665 -0.0537843 0.000656456 0.999837 0.0157647 -0.00881075
415 -0.746389 -0.0255878 -0.0601392 0.00222236 0.999865 0.0146579 -0.0070188
416 -0.75642 -0.0247718 -0.0657977 0.00410801 0.999891 0.013442 -0.0044619
417 -0.750918 -0.0311168 -0.0776149 0.00508082 0.999916 0.0118294 -0.00160299
418 -0.760875 -0.0303408 -0.0830139 0.00520929 0.999944 0.00924134 0.000482136
419 -0.760866 -0.0301878 -0.0912909 0.00472769 0.999969 0.00595112 0.00187735
420 -0.760857 -0.0300236 -0.100179 0.0042775 0.999976 0.0045136 0.0029958
421 -0.760847 -0.0298535 -0.109383 0.00400056 0.999984 0.00308854 0.00271415
422 -0.760925 -0.0380305 -0.117893 0.00378085 0.999987 0.00185301 0.0028062
423 -0.760914 -0.0378422 -0.128083 0.00351913 0.99999 0.000441201 0.00270375
424 -0.760904 -0.0376576 -0.138075 0.00269928 0.999992 -0.00253472 0.00162177
425 -0.760894 -0.0374861 -0.147356 0.00108225 0.99999 -0.00430925 0.000210116
426 -0.760884 -0.0373252 -0.156059 -0.000574113 0.999987 -0.00480104 -0.00135405
427 -0.760873 -0.0371279 -0.166735 -0.00214878 0.999979 -0.00490196 -0.00372649
428 -0.760862 -0.0369414 -0.176832 -0.00348078 0.999965 -0.00551125 -0.00515419
429 -0.760852 -0.0367676 -0.186231 -0.00432152 0.999957 -0.00580895 -0.00574003
430 -0.76084 -0.036554 -0.197791 -0.0043147 0.999949 -0.00596756 -0.00691273
431 -0.752497 -0.0364626 -0.207434 -0.00392743 0.99994 -0.00720023 -0.00727111
432 -0.760819 -0.036178 -0.218137 -0.00386383 0.999924 -0.00879961 -0.00772445
433 -0.752475 -0.0360814 -0.22806 -0.00340603 0.999904 -0.00984921 -0.00907997
434 -0.864879 -0.426521 -0.235876 0.00170173 0.997913 0.0589098 0.0263765
435 -0.864326 -0.425293 -0.246249 0.00197394 0.998067 0.0565589 0.02567
436 -0.863834 -0.424198 -0.255487 0.00118185 0.998242 0.053776 0.0248899
437 -0.863323 -0.423099 -0.265661 -0.000245239 0.998363 0.0521309 0.0235162
438 -0.854322 -0.422074 -0.2752 -0.00204214 0.998489 0.0503286 0.0219842
439 -0.853949 -0.421215 -0.283683 -0.00320628 0.99861 0.0481292 0.0212353
440 -0.845028 -0.420308 -0.292109 -0.00439841 0.998736 0.0458973 0.0200138
441 -0.844704 -0.419562 -0.299483 -0.00481971 0.998874 0.0432364 0.0189103
442 -0.844434 -0.41894 -0.305631 -0.00520391 0.998978 0.0412606 0.0176982
