# width:480 height:360 psr bound:50 mu:0.8
1 6.90718e-310 4.68706e-310 6.90716e-310 -1.11005e-310 -9.48039e-316 1.11006e-310 0.5
2 0 0.00833333 -0.00226409 0.0014099 -0.000192626 -0.000343727 0.999999
3 0 0 -0.00233777 -0.00127845 0.000164669 -0.00024953 0.999999
4 0 0.00833333 -0.00174011 -0.00150447 0.000717142 -0.000433772 0.999999
5 0 0.00833333 -0.00259011 -0.00148817 0.00071779 -0.00093616 0.999998
6 0 0.0166667 -0.00246716 -0.00148777 0.00074041 -0.000673768 0.999998
7 0 0 -0.00192468 -0.00430446 0.00124738 -0.000912816 0.99999
8 0 0.00833333 -0.00121837 -0.00184048 0.000739197 -0.000447068 0.999998
9 0 0.00833333 -0.00166179 -0.00149225 0.000736543 -0.00054898 0.999998
10 0 0.00833333 -0.00129881 -0.00279311 0.00088678 -0.000701625 0.999995
11 0 0.00833333 -0.000274514 -0.00164452 0.00071883 -0.000357591 0.999998
12 0 0 0.000431901 -0.0015054 0.00071973 -0.000356735 0.999999
13 0 0.00833333 0.00105129 0 0 0 1
14 0 0 0.000993376 0 0 0 1
15 0 0.00833333 0.00103626 0.00133321 1.64346e-05 0.00119324 0.999998
16 0 0 0.000952342 0.00141149 -3.14483e-05 0.00118119 0.999998
17 0 0.00833333 0.000361819 0.00141642 -0.000254271 0.000667139 0.999999
18 0 0.00833333 0.000223546 0.00101274 -0.000449462 -1.95738e-05 0.999999
19 0 0.00833333 -3.98912e-05 0.000680764 -0.000327911 -0.00119459 0.999999
20 0 0 -0.000765994 -0.000785596 0.000296327 -0.0041159 0.999991
21 0 0 -0.000741653 -0.00151565 0.000710527 -0.00360186 0.999992
22 0 0 -0.000901663 -0.00151561 0.000709285 -0.00341473 0.999993
23 -0.00833333 0 -0.000779167 -0.00150315 0.000711825 -0.00247525 0.999996
24 -0.00833333 0.00833333 -0.000627462 -0.00150304 0.000715375 -0.00239943 0.999996
25 -0.00833333 0 -0.000699347 -0.00150412 0.000739063 -0.00245948 0.999996
26 -0.00833333 0 -0.000793001 -0.00152345 0.000733614 -0.00322526 0.999993
27 -0.00833333 0 -0.000719244 -0.0015311 0.000734898 -0.00411868 0.99999
28 -0.00833333 0 -0.000341554 -0.00151979 0.000717965 -0.00351034 0.999992
29 -0.00833333 0 -0.000621808 -0.00153208 0.000730353 -0.00386093 0.999991
30 -0.00833333 0 -0.0006386 -0.0015256 0.000729681 -0.00596754 0.999981
31 0 0 -0.000663629 -0.00152957 0.000711048 -0.00693411 0.999975
32 -0.00833333 0.00833333 7.11179e-05 -0.0015086 0.000733944 -0.00381608 0.999991
33 -0.00833333 0.00833333 0.000271331 -0.0015049 0.000734064 -0.00481305 0.999987
34 -0.00833333 0.00833333 -0.000387575 -0.00150207 0.000733631 -0.00501098 0.999986
35 -0.00833333 0.00833333 -0.000164447 -0.00150052 0.000734178 -0.00358376 0.999992
36 -0.00833333 0.00833333 0.000151373 -0.00278391 0.00195587 -0.00548134 0.999979
37 -0.00833333 0.00833333 0.000145157 -0.00267396 0.00329282 -0.00576142 0.999974
38 -0.0166667 0.0166667 -0.000540191 -0.00266317 0.00414505 -0.00494675 0.999976
39 -0.0166667 0.00833333 0.000411147 -0.00476256 0.00500163 -0.00413717 0.999968
40 -0.0166667 0.00833333 0.00244314 -0.00586597 0.00524263 -0.0031123 0.999964
41 -0.0166667 0.00833333 0.00354511 -0.00509835 0.00561432 -0.00227103 0.999969
42 -0.0166667 0.00833333 0.00537034 -0.00497833 0.00588167 -0.00171167 0.999969
43 -0.0166667 0.00833333 0.00730122 -0.00485206 0.00626643 -0.00137755 0.999968
44 -0.0166667 0.00833333 0.00910633 -0.00390311 0.00713912 -0.00173335 0.999965
45 -0.0166667 0.00833333 0.0109742 -0.00350522 0.00800508 -0.00273218 0.999958
46 -0.025 0.0166667 0.0140424 -0.00437856 0.00914615 -0.00386942 0.999941
47 -0.025 0.0166667 0.0185836 -0.00524506 0.0102699 -0.00523882 0.99992
48 -0.025 0.0166667 0.0221695 -0.0054707 0.0106883 -0.00701253 0.999903
49 -0.025 0.0166667 0.0271252 -0.00726706 0.0111122 -0.00896255 0.999872
50 -0.0248704 0.0167498 0.0329214 -0.00896721 0.0115467 -0.0106368 0.999837
51 -0.0247384 0.0168344 0.0388259 -0.00954726 0.0114224 -0.0122287 0.999814
52 -0.0246046 0.0169202 0.0448102 -0.00980235 0.0111287 -0.0134739 0.999799
53 -0.0163456 0.0168613 0.0507713 -0.0112119 0.0109032 -0.0148024 0.999768
54 -0.0161677 0.0169754 0.0587252 -0.0127803 0.0106868 -0.0155663 0.99974
55 -0.015989 0.01709 0.0667184 -0.0133743 0.00947427 -0.0161933 0.999735
56 -0.015817 0.0172003 0.0744113 -0.0133088 0.00755939 -0.0172472 0.999734
57 -0.00762691 0.00906693 0.0838648 -0.0133157 0.00620076 -0.0185754 0.99972
58 -0.00743005 0.00919317 0.092669 -0.0114821 0.00457467 -0.0202758 0.999718
59 0.00101734 0.0172854 0.100482 -0.0099587 0.00322669 -0.0229908 0.999681
60 -0.0247618 -0.0138762 0.110166 -0.00986815 0.00181613 -0.00989685 0.999901
61 -0.024727 -0.0136967 0.119273 -0.00949485 0.000247657 -0.0120095 0.999883
62 -0.0165661 -0.013665 0.129031 -0.00892312 -0.00177044 -0.0145627 0.999853
63 -0.00840666 -0.0136402 0.138438 -0.00894582 -0.00415564 -0.0164607 0.999816
64 -0.00837117 -0.0134576 0.147709 -0.00857047 -0.00662839 -0.0193535 0.999754
65 -0.000212356 -0.0134362 0.156944 -0.00881381 -0.00910477 -0.0222377 0.999672
66 0.00735513 -0.021724 0.167651 -0.010121 -0.0116841 -0.0254916 0.999556
67 0.00719985 -0.0215668 0.176366 -0.00824097 -0.0135082 -0.0293163 0.999445
68 0.015148 -0.0217573 0.185915 -0.00635521 -0.0163234 -0.0324261 0.999321
69 0.0153647 -0.0134939 0.193965 -0.00594394 -0.0190541 -0.0350726 0.999185
70 0.0231028 -0.0139349 0.203856 -0.00640764 -0.0220907 -0.0369099 0.999054
71 0.022789 -0.0138248 0.21218 -0.00573581 -0.0252978 -0.0383098 0.998929
72 0.0305579 -0.0142765 0.221255 -0.00596154 -0.0281652 -0.0396044 0.998801
73 0.0302216 -0.0141585 0.230177 -0.00672885 -0.0315496 -0.0413538 0.998624
74 0.0374162 -0.0227137 0.239416 -0.00568433 -0.0350383 -0.0436717 0.998415
75 0.0449802 -0.0233132 0.247313 -0.00413138 -0.0387475 -0.0468077 0.998144
76 0.0452066 -0.015119 0.254215 -0.00452938 -0.0421832 -0.0499803 0.997849
77 0.0519376 -0.0237868 0.263919 -0.00603658 -0.045774 -0.0537437 0.997487
78 0.0513238 -0.0236595 0.272732 -0.00587123 -0.0485017 -0.0574407 0.997153
79 0.0586535 -0.024459 0.280813 -0.0050879 -0.051918 -0.0605806 0.996799
80 0.0578256 -0.0243101 0.28939 -0.00579434 -0.0563543 -0.0635225 0.996371
81 0.0570046 -0.0241624 0.297897 -0.00640327 -0.0602916 -0.0674976 0.995875
82 0.0559541 -0.0239783 0.306643 -0.00687122 -0.0646835 -0.0712228 0.995337
83 0.0629391 -0.0248879 0.31601 -0.00878835 -0.0686595 -0.074363 0.994826
84 0.0620055 -0.0247243 0.323783 -0.0105226 -0.0728043 -0.0771504 0.994302
85 0.0608517 -0.0244651 0.331755 -0.0110023 -0.0772963 -0.0799027 0.99374
86 0.0677314 -0.0254464 0.341724 -0.011184 -0.0817722 -0.0827353 0.993148
87 0.0664304 -0.0251542 0.350714 -0.0109106 -0.0858934 -0.0857799 0.992545
88 0.0730345 -0.0262373 0.360817 -0.0110026 -0.0894556 -0.0887473 0.991968
89 0.0716286 -0.0259339 0.369028 -0.0105901 -0.0927213 -0.0926151 0.991319
90 0.0778655 -0.0269379 0.381276 -0.00948635 -0.096393 -0.0956001 0.990696
91 0.0761655 -0.026571 0.391206 -0.00950595 -0.0994318 -0.0986946 0.990092
92 0.0741653 -0.0261766 0.401257 -0.0096218 -0.102853 -0.100663 0.989543
93 0.0803697 -0.0274342 0.411969 -0.0106023 -0.106826 -0.102216 0.988953
94 0.0784631 -0.0270583 0.42155 -0.0110126 -0.11114 -0.103964 0.98829
95 0.0845968 -0.028302 0.432617 -0.0120968 -0.116076 -0.106349 0.987456
96 0.0798633 -0.0360231 0.445122 -0.0128986 -0.120949 -0.109881 0.986474
97 0.0857478 -0.0373144 0.456688 -0.011361 -0.125077 -0.113593 0.985557
98 0.091677 -0.0386152 0.468063 -0.0107476 -0.129254 -0.117269 0.984594
99 0.0866875 -0.0463085 0.479463 -0.0105607 -0.133359 -0.121025 0.983594
100 0.0924072 -0.0477871 0.490485 -0.00803235 -0.137592 -0.123716 0.982699
101 0.0900881 -0.0473133 0.499378 -0.00555336 -0.141722 -0.125991 0.98184
102 0.103566 -0.0511128 0.512395 -0.00397557 -0.146253 -0.128296 0.980884
103 0.108826 -0.0527637 0.524028 -0.000808354 -0.151222 -0.130498 0.979848
104 0.0956278 -0.0584044 0.532326 0.00152597 -0.155281 -0.132663 0.978921
105 0.101343 -0.060392 0.542188 0.00379295 -0.159062 -0.134479 0.978059
106 0.0987751 -0.0600696 0.550218 0.00643959 -0.163031 -0.135892 0.977196
107 0.104687 -0.0620818 0.559465 0.00740924 -0.167019 -0.137666 0.976267
108 0.0991088 -0.0701083 0.569427 0.00925946 -0.17136 -0.139281 0.97527
109 0.104394 -0.0722831 0.579625 0.0120851 -0.176515 -0.139804 0.974244
110 0.102133 -0.0720839 0.585942 0.0146244 -0.182637 -0.139941 0.97306
111 0.107387 -0.074256 0.596227 0.0168671 -0.188841 -0.140071 0.97182
112 0.112311 -0.0764912 0.605996 0.018747 -0.19474 -0.140631 0.97054
113 0.109544 -0.0763414 0.612906 0.0212832 -0.20087 -0.141148 0.969162
114 0.106942 -0.0762007 0.619401 0.0231305 -0.206797 -0.142049 0.967741
115 0.111407 -0.0785276 0.629502 0.024535 -0.212212 -0.143476 0.966322
116 0.108237 -0.0784187 0.636619 0.0263659 -0.217691 -0.144193 0.964948
117 0.112072 -0.080724 0.648135 0.0275356 -0.224206 -0.145014 0.963299
118 0.115375 -0.0831064 0.659962 0.0294062 -0.231402 -0.145465 0.961472
119 0.111533 -0.0830018 0.667806 0.0313124 -0.237567 -0.14646 0.959756
120 0.107936 -0.0829039 0.675146 0.0324273 -0.244004 -0.147963 0.957871
121 0.110183 -0.0852979 0.687674 0.034241 -0.250707 -0.150049 0.95575
122 0.106126 -0.0852122 0.695148 0.0355628 -0.257192 -0.15149 0.95375
123 0.108582 -0.0876106 0.707291 0.0368266 -0.263415 -0.152529 0.951836
124 0.110285 -0.0900292 0.719507 0.0383093 -0.270107 -0.153544 0.949736
125 0.106022 -0.0899439 0.726645 0.0400925 -0.27657 -0.154999 0.947564
126 0.107645 -0.0923609 0.738995 0.0411228 -0.282578 -0.156953 0.945423
127 0.109478 -0.0948057 0.749896 0.0421809 -0.288514 -0.159283 0.943191
128 0.110803 -0.0972404 0.761575 0.0438958 -0.294402 -0.160635 0.941062
129 0.11665 -0.0922224 0.770968 0.0444733 -0.299861 -0.162167 0.939046
130 0.118318 -0.0947399 0.781542 0.0435722 -0.305619 -0.16375 0.936955
131 0.119978 -0.0972572 0.792128 0.0431249 -0.31184 -0.164682 0.93476
132 0.115846 -0.097159 0.797966 0.0435367 -0.318007 -0.166339 0.932367
133 0.117522 -0.0995994 0.807715 0.0431908 -0.324287 -0.168858 0.929763
134 0.118516 -0.102012 0.818354 0.0444542 -0.330466 -0.170755 0.927178
135 0.12473 -0.0972958 0.826458 0.0449932 -0.337256 -0.172742 0.924334
136 0.125323 -0.0997356 0.837039 0.0443875 -0.344313 -0.17445 0.921436
137 0.122431 -0.0995847 0.840517 0.0436075 -0.350825 -0.175219 0.918868
138 0.133093 -0.0976254 0.854502 0.0436639 -0.358113 -0.175049 0.916082
139 0.128767 -0.097333 0.859268 0.0440366 -0.366177 -0.175028 0.912875
140 0.13479 -0.0950985 0.87814 0.0419597 -0.381408 -0.175456 0.906632
141 0.12999 -0.0947059 0.882936 0.0416153 -0.389441 -0.174715 0.903371
142 0.135624 -0.0900707 0.891332 0.0405266 -0.397309 -0.174078 0.900111
143 0.134962 -0.0922444 0.901843 0.039324 -0.404706 -0.173536 0.896968
144 0.131007 -0.0918898 0.905537 0.0389671 -0.411628 -0.17321 0.893891
145 0.127261 -0.0915253 0.908826 0.0396539 -0.419006 -0.172498 0.890565
146 0.121265 -0.0909418 0.914091 0.0412383 -0.426264 -0.172227 0.887094
147 0.115575 -0.0903978 0.918768 0.0412226 -0.43288 -0.172865 0.883761
148 0.110811 -0.0899423 0.922682 0.0406443 -0.439768 -0.173497 0.880256
149 0.105164 -0.0893618 0.927051 0.0404098 -0.446627 -0.174042 0.876699
150 0.102758 -0.0913654 0.938318 0.0402706 -0.452941 -0.174526 0.873364
151 0.0971729 -0.0907913 0.942639 0.0403786 -0.459386 -0.174468 0.869997
152 0.0907974 -0.0900856 0.947143 0.0410893 -0.466339 -0.174471 0.866256
153 0.0868591 -0.0918936 0.959034 0.0419151 -0.472806 -0.174594 0.862679
154 0.0805507 -0.0911887 0.963207 0.0423678 -0.478652 -0.174873 0.85937
155 0.068605 -0.0920579 0.979795 0.0423143 -0.488722 -0.174697 0.853722
156 0.0639822 -0.0937274 0.991109 0.0414986 -0.49456 -0.174705 0.850392
157 0.056916 -0.0929077 0.995425 0.0414401 -0.50047 -0.174777 0.846915
158 0.0502424 -0.0921336 0.999501 0.0408693 -0.506353 -0.175929 0.843199
159 0.0456716 -0.0937521 1.01035 0.040523 -0.512128 -0.17686 0.839525
160 0.0394509 -0.0929695 1.01381 0.0410971 -0.517829 -0.178245 0.835699
161 0.03273 -0.0921239 1.01756 0.0411083 -0.522948 -0.18032 0.832057
162 0.0272763 -0.0913833 1.02033 0.0402495 -0.528038 -0.1818 0.828555
163 0.0222633 -0.0929409 1.03099 0.0399523 -0.533994 -0.18263 0.824561
164 0.0159255 -0.0920803 1.03421 0.0395868 -0.540072 -0.183927 0.82032
165 0.0106475 -0.0912966 1.03663 0.0385139 -0.545782 -0.184727 0.816404
166 0.00603323 -0.0928678 1.0467 0.03786 -0.551714 -0.184455 0.812499
167 -0.000454309 -0.0919045 1.04968 0.038287 -0.557138 -0.184576 0.808742
168 -0.00561063 -0.0910948 1.0518 0.0373196 -0.562192 -0.185563 0.805055
169 -0.0108064 -0.0924715 1.06155 0.0370514 -0.567502 -0.185484 0.801352
170 -0.0164883 -0.0915792 1.06389 0.0372596 -0.573034 -0.185374 0.797421
171 -0.0217874 -0.0907051 1.06583 0.0359145 -0.578298 -0.185767 0.793582
172 -0.0264242 -0.0899403 1.06753 0.0338197 -0.583374 -0.185615 0.789986
173 -0.0255727 -0.085002 1.07746 0.0320639 -0.588998 -0.184379 0.786166
174 -0.0301531 -0.0841875 1.07895 0.0304036 -0.595121 -0.183004 0.781931
175 -0.0343503 -0.0834412 1.08031 0.0284187 -0.600784 -0.181783 0.77795
176 -0.0383048 -0.0827122 1.08146 0.0266645 -0.607031 -0.180154 0.773529
177 -0.0421258 -0.0820079 1.08258 0.0248671 -0.613407 -0.179185 0.76877
178 -0.0452039 -0.0814208 1.08338 0.0233624 -0.619731 -0.178196 0.763959
179 -0.0484312 -0.0808053 1.08421 0.0221596 -0.626246 -0.176581 0.759041
180 -0.0515727 -0.0801906 1.08492 0.0205076 -0.632512 -0.175141 0.75421
181 -0.0542304 -0.0796707 1.08551 0.0189054 -0.638784 -0.173724 0.749278
182 -0.0568658 -0.0791413 1.08601 0.0179627 -0.645312 -0.172133 0.744056
183 -0.0619972 -0.0781105 1.08699 0.0162092 -0.659112 -0.169715 0.732465
184 -0.0643436 -0.0776273 1.0873 0.0167892 -0.666344 -0.168434 0.726177
185 -0.0672394 -0.0770309 1.08769 0.0167329 -0.67325 -0.167772 0.719936
186 -0.0691341 -0.0766387 1.08787 0.0161402 -0.679758 -0.168379 0.713665
187 -0.0724063 -0.0778845 1.09544 0.0155084 -0.686099 -0.168838 0.707475
188 -0.0742058 -0.0774978 1.09555 0.0141962 -0.692141 -0.170375 0.701221
189 -0.0758594 -0.0790914 1.10289 0.013112 -0.698052 -0.172609 0.694807
190 -0.0759438 -0.0790721 1.10289 0.014494 -0.704255 -0.173711 0.688215
191 -0.0783753 -0.0804557 1.10999 0.0161044 -0.710482 -0.174201 0.681623
192 -0.0806219 -0.0819525 1.11699 0.0160799 -0.716058 -0.175334 0.675471
193 -0.0807639 -0.0819196 1.11699 0.0156937 -0.721321 -0.176334 0.669594
194 -0.0810503 -0.0818508 1.11698 0.0156092 -0.726643 -0.176581 0.663751
195 -0.0834112 -0.0834098 1.12411 0.0152871 -0.731668 -0.176593 0.658212
196 -0.0842949 -0.0831924 1.12405 0.0146014 -0.736519 -0.176445 0.652836
197 -0.0862455 -0.0848693 1.13116 0.013786 -0.741526 -0.176666 0.6471
198 -0.0865931 -0.0847838 1.13114 0.013513 -0.746201 -0.176316 0.641805
199 -0.0873681 -0.0845859 1.13104 0.0130326 -0.750783 -0.175536 0.636665
200 -0.0897348 -0.0861669 1.13807 0.011743 -0.755215 -0.175186 0.631524
201 -0.0899226 -0.086119 1.13805 0.0108631 -0.75965 -0.174647 0.626348
202 -0.0900928 -0.0860741 1.13802 0.0104251 -0.763949 -0.173916 0.621311
203 -0.0902365 -0.0860363 1.138 0.0101018 -0.768292 -0.172902 0.616222
204 -0.0920897 -0.0877378 1.14507 0.00994285 -0.772431 -0.171757 0.611352
205 -0.0919574 -0.0877731 1.14509 0.00945444 -0.776461 -0.170564 0.606569
206 -0.091613 -0.0878651 1.14516 0.00970409 -0.780723 -0.168817 0.601564
207 -0.0927232 -0.0875685 1.14494 0.00955065 -0.784932 -0.166001 0.596853
208 -0.0934896 -0.0873654 1.14475 0.00901214 -0.788739 -0.164017 0.592375
209 -0.0942247 -0.0871706 1.14456 0.00767589 -0.792449 -0.162753 0.587772
210 -0.0944597 -0.0871083 1.14451 0.00654428 -0.79589 -0.161894 0.583358
211 -0.0944072 -0.0871224 1.14452 0.00543414 -0.799204 -0.160713 0.57915
212 -0.0949645 -0.0869726 1.14436 0.00454269 -0.802674 -0.159057 0.574799
213 -0.0952624 -0.0868926 1.14428 0.00372522 -0.805743 -0.157894 0.570819
214 -0.0949152 -0.0869869 1.14439 0.00293837 -0.80858 -0.156944 0.567061
215 -0.0948446 -0.0870061 1.14441 0.00265676 -0.811459 -0.155378 0.563369
216 -0.10101 -0.0928121 1.1409 0.00243896 -0.814506 -0.153746 0.559407
217 -0.1011 -0.0927876 1.14086 0.00202659 -0.817653 -0.151711 0.555359
218 -0.100702 -0.0928959 1.14101 0.00196899 -0.820638 -0.149887 0.551438
219 -0.104826 -0.0971814 1.13025 0.00242556 -0.823645 -0.148186 0.547398
220 -0.104932 -0.097153 1.13021 0.0033274 -0.826491 -0.146241 0.543614
221 -0.104689 -0.097218 1.1303 0.00467025 -0.829094 -0.144624 0.54006
222 -0.108824 -0.101549 1.11934 0.00591369 -0.831425 -0.142719 0.536962
223 -0.109376 -0.101401 1.11912 0.00641956 -0.833783 -0.14034 0.533919
224 -0.109213 -0.101443 1.11919 0.00625203 -0.836248 -0.138129 0.530633
225 -0.115871 -0.107217 1.11493 0.00664121 -0.838986 -0.135717 0.526915
226 -0.114462 -0.105551 1.10747 0.00681429 -0.841653 -0.133563 0.523196
227 -0.114589 -0.105519 1.10742 0.00741868 -0.844191 -0.131121 0.519706
228 -0.115968 -0.105183 1.10675 0.00788482 -0.846297 -0.128535 0.516913
229 -0.116412 -0.105076 1.10653 0.00768181 -0.848062 -0.12656 0.514504
230 -0.121419 -0.109372 1.09461 0.00741115 -0.85007 -0.12437 0.511721
231 -0.121549 -0.109341 1.09454 0.00782154 -0.852003 -0.122088 0.509043
232 -0.122146 -0.109203 1.09423 0.0088727 -0.853902 -0.119508 0.506449
233 -0.129512 -0.114975 1.08922 0.0101902 -0.855448 -0.116878 0.504424
234 -0.128543 -0.113334 1.08135 0.0115754 -0.856737 -0.11473 0.502698
235 -0.129124 -0.113201 1.08105 0.0132759 -0.857831 -0.112896 0.501204
236 -0.130143 -0.112966 1.08052 -0.0142675 0.85884 0.110799 -0.499914
237 -0.136658 -0.11908 1.07575 -0.0173827 0.860743 0.107036 -0.497355
238 -0.135405 -0.117556 1.06795 -0.0192443 0.861913 0.104314 -0.495837
239 -0.141238 -0.123809 1.06356 -0.0214664 0.863197 0.101627 -0.494067
240 -0.148309 -0.12981 1.05848 -0.0238493 0.864544 0.0979166 -0.49235
241 -0.149239 -0.129651 1.05794 -0.0263687 0.865812 0.0940739 -0.490738
242 -0.156716 -0.135796 1.0524 -0.0285865 0.866721 0.090511 -0.48968
243 -0.155374 -0.134335 1.04459 -0.030444 0.867579 0.0869921 -0.488683
244 -0.163571 -0.140357 1.03864 -0.0314826 0.868232 0.0836892 -0.488035
245 -0.164548 -0.140226 1.03805 -0.0314915 0.869089 0.0808549 -0.486986
246 -0.169812 -0.145377 1.02505 -0.0318901 0.870089 0.0776813 -0.485689
247 -0.172332 -0.146587 1.0322 -0.0325889 0.871092 0.0742254 -0.484384
248 -0.178239 -0.151652 1.01882 -0.0339146 0.871996 0.0706501 -0.4832
249 -0.178847 -0.15157 1.01846 -0.0348559 0.872899 0.0673027 -0.481978
250 -0.185255 -0.158352 1.01336 -0.0358657 0.874009 0.0639584 -0.480345
251 -0.185722 -0.158305 1.01306 -0.0374396 0.875352 0.0601904 -0.478262
252 -0.190636 -0.163896 1.00013 -0.0394263 0.876631 0.0570467 -0.47614
253 -0.191057 -0.163854 0.999869 -0.0414661 0.878053 0.0538933 -0.473708
254 -0.196431 -0.169544 0.986648 -0.0438102 0.879438 0.0502789 -0.47132
255 -0.19736 -0.169483 0.986041 -0.0460768 0.880711 0.0468789 -0.469071
256 -0.198466 -0.16941 0.98532 -0.0481305 0.88208 0.0434698 -0.466614
257 -0.204639 -0.176215 0.980215 -0.050057 0.883333 0.0410051 -0.464259
258 -0.206164 -0.176167 0.979168 -0.0511491 0.884592 0.0390206 -0.461907
259 -0.210634 -0.182193 0.966211 -0.0521314 0.886091 0.0363551 -0.459133
260 -0.212384 -0.182138 0.96501 -0.0539417 0.887679 0.0332214 -0.456084
261 -0.218405 -0.189167 0.959759 -0.0555474 0.889044 0.0307684 -0.453396
262 -0.220474 -0.189156 0.95826 -0.0566714 0.890531 0.0288895 -0.450454
263 -0.223876 -0.194628 0.936242 -0.0575821 0.892267 0.026842 -0.447015
264 -0.228169 -0.195578 0.942318 -0.0592084 0.894099 0.0239696 -0.443291
265 -0.230531 -0.195566 0.940605 -0.0610955 0.895577 0.0221175 -0.440137
266 -0.233805 -0.195624 0.938074 -0.0620037 0.896941 0.0213966 -0.437258
267 -0.236231 -0.194782 0.926798 -0.0630255 0.898465 0.0200698 -0.434034
268 -0.239195 -0.202284 0.923284 -0.0646123 0.899968 0.0182595 -0.430754
269 -0.242614 -0.202345 0.920641 -0.0664915 0.901132 0.0160771 -0.428114
270 -0.245284 -0.202442 0.918457 -0.0674486 0.902097 0.0144684 -0.425983
271 -0.247983 -0.201706 0.906646 -0.0675052 0.903415 0.0134973 -0.423205
272 -0.249767 -0.208397 0.894288 -0.0675356 0.904956 0.0113944 -0.419958
273 -0.254022 -0.209383 0.900411 -0.0681353 0.906557 0.00957831 -0.416438
274 -0.255372 -0.208599 0.889704 -0.0686797 0.907866 0.00859031 -0.413507
275 -0.258344 -0.208762 0.887104 -0.0691475 0.909274 0.00779495 -0.41034
276 -0.260995 -0.208185 0.874906 -0.0697815 0.910613 0.00646835 -0.407275
277 -0.264152 -0.208358 0.872145 -0.071006 0.911766 0.0049712 -0.404494
278 -0.266473 -0.208485 0.870114 -0.0720104 0.912819 0.00413334 -0.401943
279 -0.268721 -0.207887 0.85827 -0.0721873 0.91384 0.00381929 -0.399589
280 -0.26899 -0.21492 0.846159 -0.0722449 0.915065 0.00368069 -0.396767
281 -0.273679 -0.207548 0.843216 -0.072596 0.916464 0.00266335 -0.393467
282 -0.277644 -0.207824 0.839524 -0.0729213 0.918099 0.00238243 -0.389577
283 -0.281939 -0.208122 0.835524 -0.0725964 0.919867 0.00241117 -0.385446
284 -0.286113 -0.208425 0.831388 -0.0724 0.921746 0.00269673 -0.380967
285 -0.287576 -0.207857 0.818899 -0.0721486 0.923587 0.00301536 -0.376527
286 -0.291134 -0.208115 0.815374 -0.0711873 0.925445 0.00328417 -0.37212
287 -0.294718 -0.208376 0.811823 -0.0698321 0.92737 0.00337701 -0.367555
288 -0.299106 -0.208666 0.807129 -0.0677896 0.929473 0.00395504 -0.362587
289 -0.303969 -0.208987 0.801927 -0.0658711 0.931325 0.004343 -0.358157
290 -0.310613 -0.20152 0.796352 -0.0641264 0.933184 0.00362269 -0.353612
291 -0.315778 -0.201822 0.790487 -0.063054 0.934991 0.00375627 -0.349001
292 -0.321887 -0.194273 0.785015 -0.0618322 0.936598 0.0051363 -0.344868
293 -0.328299 -0.194648 0.777735 -0.059841 0.938162 0.0056104 -0.34094
294 -0.33763 -0.195818 0.779028 -0.0585153 0.939725 0.00519251 -0.336846
295 -0.343638 -0.196099 0.7717 -0.0576124 0.941265 0.00506531 -0.33268
296 -0.353276 -0.197149 0.772023 -0.0572289 0.942734 0.00527641 -0.328557
297 -0.360273 -0.189782 0.764868 -0.0570432 0.944097 0.00644126 -0.324631
298 -0.365995 -0.197744 0.756507 -0.0559765 0.94554 0.00792697 -0.320558
299 -0.372273 -0.19796 0.748293 -0.0546598 0.947024 0.00887329 -0.316353
300 -0.382675 -0.198964 0.747298 -0.0531882 0.948422 0.0102391 -0.312349
301 -0.389274 -0.199191 0.738663 -0.051272 0.949849 0.0114128 -0.308264
302 -0.399656 -0.200195 0.737695 -0.0502111 0.951273 0.0123909 -0.303981
303 -0.406117 -0.200272 0.728611 -0.0499618 0.952625 0.013703 -0.299701
304 -0.416504 -0.201097 0.726877 -0.0499869 0.953959 0.0152614 -0.29535
305 -0.426911 -0.201922 0.725117 -0.0503299 0.955416 0.0161827 -0.290492
306 -0.433276 -0.201998 0.716168 -0.0510666 0.956806 0.0164259 -0.285736
307 -0.443324 -0.202786 0.714445 -0.0521405 0.958054 0.0168915 -0.281297
308 -0.449523 -0.195306 0.706459 -0.0526895 0.959269 0.0182685 -0.276935
309 -0.455029 -0.202738 0.6966 -0.0529202 0.960496 0.0197283 -0.272502
310 -0.470092 -0.19688 0.702292 -0.0528473 0.961836 0.0200637 -0.267725
311 -0.480689 -0.197639 0.699164 -0.0528654 0.96313 0.0203835 -0.263002
312 -0.485873 -0.190097 0.692215 -0.0520888 0.964488 0.0210959 -0.258079
313 -0.494975 -0.190886 0.691562 -0.0509779 0.966023 0.0215084 -0.252464
314 -0.504377 -0.191612 0.690051 -0.0501756 0.967493 0.0222719 -0.246866
315 -0.513074 -0.184929 0.691466 -0.0500998 0.968853 0.0234798 -0.241375
316 -0.518643 -0.184749 0.68156 -0.050431 0.969906 0.0247386 -0.236911
317 -0.523392 -0.184502 0.672447 -0.0502039 0.970815 0.0269022 -0.232967
318 -0.531847 -0.177809 0.674133 -0.049464 0.971627 0.0287013 -0.229499
319 -0.54038 -0.17853 0.673891 -0.0484123 0.972452 0.0294091 -0.226114
320 -0.54514 -0.178282 0.664758 -0.0473513 0.973196 0.0298057 -0.223069
321 -0.555176 -0.178793 0.661174 -0.0463796 0.97384 0.0307242 -0.220319
322 -0.556182 -0.171305 0.660915 -0.0449684 0.974455 0.0323181 -0.217648
323 -0.560526 -0.170939 0.651982 -0.0440569 0.97516 0.0333922 -0.214492
324 -0.571174 -0.171398 0.647138 -0.043703 0.975877 0.0342856 -0.211136
325 -0.572326 -0.163898 0.646581 -0.0433665 0.976489 0.0355305 -0.208151
326 -0.576637 -0.163357 0.636994 -0.042898 0.977077 0.0368554 -0.205235
327 -0.580566 -0.162865 0.628257 -0.0423263 0.9775 0.0377953 -0.20316
328 -0.587456 -0.156215 0.632952 -0.0417531 0.977773 0.0389525 -0.201743
329 -0.592032 -0.155642 0.622777 -0.0409059 0.977993 0.0400525 -0.200631
330 -0.59024 -0.154265 0.608565 -0.0401769 0.978214 0.0412134 -0.199459
331 -0.603265 -0.148448 0.617814 -0.0397159 0.97842 0.042452 -0.19828
332 -0.607141 -0.147962 0.609196 -0.0392758 0.978541 0.0440451 -0.197418
333 -0.6114 -0.147428 0.599724 -0.0394282 0.978677 0.0451376 -0.196468
334 -0.613501 -0.139671 0.596585 -0.0401257 0.978699 0.0463094 -0.195945
335 -0.616981 -0.139018 0.588349 -0.0400303 0.978519 0.0494316 -0.1961
336 -0.624032 -0.145057 0.569824 -0.0399337 0.978458 0.0518627 -0.195794
337 -0.627866 -0.144337 0.560748 -0.0399812 0.978539 0.0535898 -0.194914
338 -0.630835 -0.14378 0.553719 -0.0397483 0.978712 0.0554343 -0.193571
339 -0.633717 -0.143239 0.546897 -0.0392071 0.978947 0.056247 -0.192253
340 -0.643301 -0.143447 0.543397 -0.0386918 0.979245 0.0562493 -0.190836
341 -0.647392 -0.142679 0.533713 -0.0390609 0.979503 0.056209 -0.189442
342 -0.645591 -0.14101 0.518791 -0.0395598 0.979568 0.0565611 -0.188896
343 -0.649487 -0.140279 0.509568 -0.0393465 0.979565 0.0579885 -0.188527
344 -0.652512 -0.139479 0.502106 -0.0388415 0.979657 0.0592158 -0.187769
345 -0.655777 -0.138617 0.494054 -0.038858 0.979828 0.0595833 -0.186755
346 -0.659603 -0.137606 0.484618 -0.0387628 0.979969 0.0595028 -0.186058
347 -0.663328 -0.136622 0.47543 -0.0386897 0.980015 0.0598465 -0.18572
348 -0.667321 -0.135568 0.465584 -0.0379646 0.979994 0.0605313 -0.185759
349 -0.664911 -0.133628 0.451666 -0.037084 0.979936 0.061515 -0.18592
350 -0.669026 -0.132541 0.441517 -0.0360695 0.979915 0.0624215 -0.185926
351 -0.673066 -0.131474 0.431554 -0.035026 0.979906 0.0637677 -0.18572
352 -0.676782 -0.130492 0.422388 -0.0340963 0.979921 0.0649413 -0.185403
353 -0.679847 -0.129682 0.414829 -0.033005 0.980051 0.0657713 -0.184618
354 -0.682902 -0.128875 0.407295 -0.0323057 0.980242 0.0656005 -0.183791
355 -0.679706 -0.127143 0.395316 -0.0314951 0.980471 0.0654722 -0.182749
356 -0.68894 -0.12728 0.392402 -0.0300591 0.980843 0.0653563 -0.181032
357 -0.691584 -0.126582 0.385882 -0.0289432 0.981351 0.064437 -0.178775
358 -0.695609 -0.125264 0.375352 -0.0285973 0.981789 0.063205 -0.176856
359 -0.696168 -0.117739 0.375578 -0.0278921 0.982105 0.0637901 -0.174992
360 -0.698945 -0.116829 0.368311 -0.0266639 0.98252 0.0654537 -0.172217
361 -0.701841 -0.115881 0.360736 -0.0258137 0.983101 0.066369 -0.168642
362 -0.698648 -0.114033 0.34815 -0.0255518 0.98376 0.0668345 -0.164609
363 -0.701625 -0.113058 0.34036 -0.025661 0.984313 0.0680534 -0.160745
364 -0.703573 -0.112293 0.334644 -0.0255412 0.984876 0.068957 -0.156882
365 -0.66989 -0.115936 0.312573 -0.025661 0.984313 0.0680534 -0.160745
366 -0.709484 -0.10997 0.317293 -0.0268347 0.986064 0.0671303 -0.149836
367 -0.628263 -0.104194 0.293466 -0.025661 0.984313 0.0680534 -0.160745
368 -0.707833 -0.107192 0.2983 -0.0270898 0.987219 0.069268 -0.140949
369 -0.68596 -0.104727 0.286563 -0.0270898 0.987219 0.069268 -0.140949
370 -0.711551 -0.10549 0.28577 -0.0269877 0.988541 0.0697258 -0.131134
371 -0.714113 -0.104317 0.277133 -0.0267495 0.98928 0.068577 -0.126123
372 -0.718109 -0.110396 0.261562 -0.0262011 0.990011 0.0674777 -0.12099
373 -0.71978 -0.109522 0.254953 -0.0257762 0.990775 0.0655028 -0.115802
374 -0.72225 -0.108228 0.245182 -0.0255113 0.991505 0.0629929 -0.110904
375 -0.724514 -0.107043 0.236227 -0.0246719 0.992028 0.0622091 -0.106781
376 -0.726944 -0.113802 0.222851 -0.0232492 0.992471 0.0619561 -0.103068
377 -0.727823 -0.105224 0.2213 -0.0220685 0.99299 0.0596113 -0.0996465
378 -0.73017 -0.103933 0.210713 -0.0216951 0.993482 0.0582094 -0.0955717
379 -0.732094 -0.102876 0.202037 -0.0215248 0.993895 0.0584168 -0.0910903
380 -0.715593 -0.10179 0.197479 -0.0215248 0.993895 0.0584168 -0.0910903
381 -0.735424 -0.100841 0.184324 -0.0205884 0.994633 0.0574334 -0.0835607
382 -0.736752 -0.100029 0.177256 -0.0191594 0.994947 0.0573917 -0.0801258
383 -0.746575 -0.0996108 0.171169 -0.0178126 0.995303 0.0570393 -0.076168
384 -0.747725 -0.0987817 0.163824 -0.0166643 0.995634 0.0563374 -0.0725352
385 -0.757644 -0.0982474 0.156977 -0.0158566 0.995908 0.0557632 -0.0693334
386 -0.758852 -0.0973762 0.149259 -0.0152419 0.996174 0.0555167 -0.0657524
387 -0.760557 -0.104665 0.13585 -0.0147034 0.996477 0.0545677 -0.0619656
388 -0.761847 -0.103734 0.127602 -0.0148175 0.996741 0.0531053 -0.0588792
389 -0.771304 -0.103372 0.12221 -0.0149952 0.996969 0.0519159 -0.055963
390 -0.772561 -0.11079 0.109146 -0.0148115 0.997154 0.0511152 -0.0533967
391 -0.773433 -0.110027 0.101902 -0.01496 0.997357 0.0493303 -0.0512098
392 -0.782909 -0.109649 0.0963599 -0.0145312 0.997512 0.0477331 -0.0498012
393 -0.783727 -0.108932 0.0895656 -0.0139376 0.997664 0.0463756 -0.0481883
394 -0.785163 -0.116194 0.0750167 -0.0130541 0.997809 0.04524 -0.0464834
395 -0.794633 -0.11582 0.0695111 -0.0125483 0.997906 0.0438345 -0.0458711
396 -0.795168 -0.115321 0.0637824 -0.0123132 0.998056 0.0417693 -0.0445933
397 -0.804514 -0.114785 0.0555362 -0.0123851 0.998225 0.0393692 -0.042931
398 -0.805238 -0.11411 0.047783 -0.0129322 0.998332 0.03832 -0.041211
399 -0.806152 -0.121597 0.035321 -0.0131494 0.998441 0.037844 -0.0388716
400 -0.815294 -0.12125 0.0292503 -0.0133009 0.998611 0.0357782 -0.0363178
401 -0.815938 -0.12065 0.0223585 -0.013765 0.998752 0.0343295 -0.03355
402 -0.816376 -0.120214 0.0159445 -0.0136482 0.998894 0.0324554 -0.0311705
403 -0.816889 -0.119703 0.00842223 -0.0134275 0.999048 0.0297257 -0.028973
404 -0.825829 -0.119538 0.0028209 -0.0140134 0.999206 0.0267403 -0.0259939
405 -0.826328 -0.127346 -0.00822966 -0.0152846 0.999273 0.0253941 -0.02396
406 -0.826727 -0.126949 -0.0140727 -0.0159497 0.999369 0.0226216 -0.0222418
407 -0.827033 -0.126647 -0.0208416 -0.0161698 0.999446 0.0204859 -0.0206446
408 -0.827347 -0.126338 -0.0277743 -0.016187 0.999506 0.0193626 -0.0187266
409 -0.827585 -0.126103 -0.0330349 -0.0156011 0.999561 0.0186708 -0.0169052
410 -0.827788 -0.134173 -0.0437218 -0.0151994 0.999638 0.0164324 -0.0149408
411 -0.8366 -0.134175 -0.0495993 -0.0153779 0.99969 0.0142607 -0.0134021
412 -0.836891 -0.133888 -0.0560308 -0.0152994 0.999732 0.0126092 -0.0119746
413 -0.837201 -0.133582 -0.0628889 -0.0147573 0.999768 0.01162 -0.0105491
414 -0.837356 -0.133417 -0.0700886 -0.0136147 0.999802 0.0112896 -0.00908217
415 -0.837506 -0.133256 -0.0771212 -0.0120388 0.999849 0.0101991 -0.00726973
416 -0.837451 -0.14118 -0.0858273 -0.0101754 0.999896 0.00902772 -0.00469517
417 -0.845761 -0.141219 -0.0945046 -0.00922022 0.999928 0.00739814 -0.00181551
418 -0.845933 -0.141034 -0.102559 -0.00905575 0.999947 0.00486795 0.00030322
419 -0.846108 -0.140847 -0.110692 -0.00947436 0.999952 0.00159025 0.00174631
420 -0.846076 -0.140818 -0.119972 -0.00991442 0.999947 0.000152801 0.00288997
421 -0.846044 -0.140789 -0.129025 -0.0101889 0.999944 -0.00126923 0.00262169
422 -0.845853 -0.149302 -0.137481 -0.0104482 0.999938 -0.00268601 0.00277291
423 -0.845819 -0.149269 -0.147516 -0.0106878 0.999931 -0.00398334 0.00265852
424 -0.845784 -0.149238 -0.157366 -0.0115105 0.999908 -0.00696138 0.00161004
425 -0.845752 -0.149208 -0.166588 -0.0130495 0.999877 -0.0087125 0.000218093
426 -0.845722 -0.14918 -0.175387 -0.0147838 0.999846 -0.00937178 -0.00139302
427 -0.845685 -0.149145 -0.186146 -0.0163314 0.999815 -0.00946822 -0.00378457
428 -0.84565 -0.149112 -0.196315 -0.0176582 0.999779 -0.0101096 -0.00522555
429 -0.845747 -0.14931 -0.206003 -0.0176582 0.999779 -0.0101096 -0.00522555
430 -0.845864 -0.149546 -0.21754 -0.0185016 0.999749 -0.0105758 -0.00691771
431 -0.845962 -0.149744 -0.227253 -0.018132 0.999739 -0.0118276 -0.00731652
432 -0.846071 -0.149965 -0.238103 -0.0180491 0.999717 -0.013422 -0.00774099
433 -0.846172 -0.150168 -0.24805 -0.0175709 0.9997 -0.0144712 -0.00906009
434 -0.845981 -0.158928 -0.258905 -0.0165727 0.999704 -0.0150283 -0.00953226
435 -0.846084 -0.159137 -0.269188 -0.0163299 0.999664 -0.017388 -0.0101659
436 -0.837641 -0.159023 -0.278392 -0.0171257 0.999586 -0.0203381 -0.0110383
437 -0.837744 -0.159231 -0.288597 -0.01849 0.999509 -0.0219972 -0.0125094
438 -0.829304 -0.159124 -0.29819 -0.02026 0.999411 -0.0237938 -0.0141554
439 -0.829535 -0.159532 -0.306649 -0.021438 0.99932 -0.0259923 -0.0149626
440 -0.821245 -0.159617 -0.315721 -0.0226185 0.999214 -0.0282156 -0.0162403
441 -0.82145 -0.159977 -0.323194 -0.0230513 0.999108 -0.0308533 -0.0173123
442 -0.821616 -0.16027 -0.329267 -0.0233642 0.999014 -0.032889 -0.0185433
443 -0.821831 -0.160648 -0.337104 -0.0232634 0.998954 -0.0339049 -0.0200166
444 -0.822096 -0.161115 -0.346789 -0.0228895 0.998947 -0.033822 -0.0208981
445 -0.82233 -0.161527 -0.355334 -0.0230403 0.998954 -0.0333578 -0.0211449
446 -0.82256 -0.161932 -0.363749 -0.0230401 0.998989 -0.032302 -0.0211167
447 -0.82277 -0.162303 -0.371441 -0.0230954 0.998957 -0.0329679 -0.0215572
448 -0.823354 -0.154186 -0.380308 -0.0236646 0.998897 -0.0340081 -0.022093
449 -0.823788 -0.154951 -0.396167 -0.0220418 0.998936 -0.0336462 -0.0225427
450 -0.824016 -0.155352 -0.404495 -0.0211736 0.998865 -0.0359238 -0.023038
451 -0.824717 -0.147595 -0.412584 -0.0206061 0.998781 -0.0382082 -0.0235049
452 -0.824982 -0.148029 -0.418521 -0.0197866 0.998686 -0.0403392 -0.0246665
453 -0.825405 -0.148719 -0.427976 -0.0194645 0.99862 -0.0415568 -0.0255287
454 -0.834216 -0.149865 -0.438638 -0.0188777 0.998625 -0.0413015 -0.0261829
455 -0.834162 -0.158681 -0.445052 -0.0183516 0.998607 -0.0417622 -0.0265158
456 -0.834963 -0.151087 -0.45537 -0.0185946 0.998503 -0.0438081 -0.0269703
457 -0.834904 -0.159894 -0.46167 -0.0183188 0.998435 -0.0452468 -0.027279
458 -0.835754 -0.152379 -0.473075 -0.018251 0.998311 -0.0481827 -0.0268406
459 -0.8445 -0.15342 -0.482296 -0.0191262 0.998204 -0.0502363 -0.0264401
460 -0.844926 -0.154117 -0.491835 -0.0196264 0.99814 -0.0514644 -0.0261125
461 -0.845242 -0.15477 -0.49809 -0.01977 0.99796 -0.0546663 -0.0263906
462 -0.846155 -0.147655 -0.510118 -0.0204142 0.997816 -0.0569319 -0.0265538
463 -0.846507 -0.148384 -0.517097 -0.0215723 0.997669 -0.0588477 -0.0269672
464 -0.855326 -0.14973 -0.526621 -0.0227091 0.997515 -0.0604453 -0.0281768
465 -0.855914 -0.150949 -0.538291 -0.0234493 0.997447 -0.0610148 -0.0287563
466 -0.864794 -0.152422 -0.549032 -0.0239257 0.997422 -0.0608953 -0.0294728
467 -0.864912 -0.161671 -0.557427 -0.0238489 0.997363 -0.0613409 -0.0306028
468 -0.865363 -0.162605 -0.566373 -0.0236016 0.99722 -0.0631177 -0.0318025
469 -0.874371 -0.164343 -0.579649 -0.0234284 0.9972 -0.0634441 -0.0319123
470 -0.87476 -0.165148 -0.587357 -0.0244466 0.996893 -0.0671833 -0.0330508
471 -0.875423 -0.166584 -0.597825 -0.0258263 0.996402 -0.0729354 -0.0345834
472 -0.875986 -0.167804 -0.606729 -0.0276727 0.995897 -0.0780496 -0.0364835
473 -0.884673 -0.16944 -0.61547 -0.0287879 0.995666 -0.0799352 -0.0378363
474 -0.89341 -0.171184 -0.625009 -0.0294151 0.995477 -0.0813456 -0.0392749
475 -0.894195 -0.172942 -0.635531 -0.0301851 0.995164 -0.0843153 -0.0403513
476 -0.902362 -0.182947 -0.644354 -0.0312929 0.994933 -0.0860739 -0.0414713
477 -0.903123 -0.18465 -0.654554 -0.0312708 0.994846 -0.0867333 -0.0422028
478 -0.903223 -0.193824 -0.661529 -0.0310076 0.994733 -0.0883669 -0.0416772
479 -0.911793 -0.195783 -0.670128 -0.0309954 0.994589 -0.0903417 -0.0408745
480 -0.912412 -0.197169 -0.678427 -0.0312489 0.994497 -0.091802 -0.039642
481 -0.913096 -0.1987 -0.687595 -0.0313676 0.994415 -0.093308 -0.038068
482 -0.913534 -0.19968 -0.693465 -0.0313043 0.99416 -0.0964768 -0.0368501
483 -0.91399 -0.200997 -0.700102 -0.0316212 0.994045 -0.0980286 -0.0355782
484 -0.914389 -0.202149 -0.705912 -0.0320444 0.994 -0.0987203 -0.03452
485 -0.914857 -0.203499 -0.712717 -0.0319243 0.993993 -0.0992638 -0.0332352
486 -0.91537 -0.204981 -0.720187 -0.031356 0.993969 -0.100222 -0.0316013
487 -0.923366 -0.206929 -0.727328 -0.0307593 0.993916 -0.101528 -0.0295986
488 -0.924307 -0.200799 -0.734879 -0.0304498 0.993783 -0.103585 -0.0271688
489 -0.916735 -0.208923 -0.74006 -0.0306331 0.993729 -0.104679 -0.0246264
490 -0.92467 -0.210694 -0.746309 -0.029763 0.993798 -0.105037 -0.0211303
491 -0.924937 -0.212264 -0.753611 -0.0293918 0.99388 -0.10503 -0.0175412
492 -0.92516 -0.213574 -0.759705 -0.0290489 0.993848 -0.106081 -0.0130242
493 -0.925421 -0.215108 -0.766842 -0.0287061 0.993855 -0.106502 -0.00924316
494 -0.925651 -0.21646 -0.773133 -0.0282016 0.993724 -0.108161 -0.00432465
495 -0.932951 -0.218561 -0.780737 -0.0272084 0.9936 -0.10963 0.000496897
496 -0.933382 -0.212779 -0.788325 -0.0265231 0.993474 -0.110846 0.0043948
497 -0.926524 -0.205825 -0.792527 -0.0264429 0.993332 -0.112013 0.00673044
498 -0.926541 -0.207324 -0.799328 -0.026264 0.993332 -0.111881 0.00921622
499 -0.919281 -0.20857 -0.806912 -0.0262666 0.993323 -0.111782 0.0111324
500 -0.919481 -0.202756 -0.814193 -0.0255831 0.992995 -0.114467 0.0142824
501 -0.926888 -0.197911 -0.824102 -0.0247361 0.992633 -0.117297 0.0176062
502 -0.92661 -0.200113 -0.833796 -0.0252481 0.992512 -0.117806 0.0200961
503 -0.919108 -0.201474 -0.84142 -0.0252699 0.992453 -0.117835 0.0226371
504 -0.918832 -0.203659 -0.851036 -0.024623 0.992451 -0.117394 0.0255581
505 -0.918332 -0.205707 -0.859617 -0.0232098 0.992405 -0.117245 0.0290922
506 -0.918232 -0.200318 -0.868419 -0.0218998 0.9922 -0.118144 0.0332022
507 -0.917754 -0.202278 -0.876634 -0.0207711 0.992025 -0.118737 0.0368318
508 -0.917695 -0.196721 -0.88473 -0.0199846 0.991764 -0.120023 0.0399881
509 -0.916957 -0.198796 -0.893226 -0.0182807 0.991436 -0.121617 0.0439318
510 -0.916205 -0.200911 -0.901882 -0.0169529 0.991239 -0.121964 0.0477852
511 -0.915401 -0.203169 -0.911125 -0.0159165 0.991096 -0.122069 0.0507352
512 -0.907221 -0.205391 -0.921149 -0.0139333 0.991002 -0.122655 0.0517402
513 -0.899264 -0.200523 -0.93286 -0.0125114 0.990787 -0.123617 0.0538833
514 -0.891332 -0.195547 -0.942406 -0.0110531 0.990624 -0.124446 0.0552811
515 -0.883432 -0.197184 -0.949216 -0.00904733 0.990432 -0.125772 0.0560647
516 -0.87546 -0.192296 -0.959113 -0.00763629 0.990304 -0.126389 0.0571412
517 -0.8674 -0.194288 -0.967325 -0.00607799 0.99013 -0.127384 0.05812
518 -0.866427 -0.196446 -0.975864 -0.00445957 0.989935 -0.12847 0.0592042
519 -0.865675 -0.198112 -0.982453 -0.00406141 0.989703 -0.129641 0.0605429
520 -0.864777 -0.200103 -0.990331 -0.00305136 0.989571 -0.129974 0.0620291
521 -0.856554 -0.202457 -0.999974 -0.00147819 0.989411 -0.130174 0.0641779
522 -0.855571 -0.204443 -1.00736 -0.00116765 0.989265 -0.130103 0.0665292
523 -0.854443 -0.199681 -1.01694 -0.000808059 0.98909 -0.13002 0.0692512
524 -0.846376 -0.201649 -1.02388 3.31953e-05 0.989079 -0.128693 0.0718378
525 -0.845415 -0.203591 -1.03111 0.000945939 0.989022 -0.12737 0.0749124
526 -0.844636 -0.205165 -1.03696 0.00251826 0.988916 -0.126132 0.0782919
527 -0.843709 -0.206667 -1.04271 0.00452798 0.988884 -0.124057 0.0818437
528 -0.842702 -0.201366 -1.04961 0.00713862 0.988801 -0.122229 0.0853342
529 -0.841812 -0.202808 -1.05512 0.0089457 0.988699 -0.120215 0.0891229
530 -0.840581 -0.197872 -1.06342 0.0101033 0.988667 -0.117757 0.0925642
531 -0.839585 -0.19211 -1.06875 0.011268 0.988721 -0.115057 0.0952155
532 -0.838736 -0.193212 -1.07324 0.0120173 0.988715 -0.1125 0.0981905
533 -0.837717 -0.187481 -1.0787 0.0136166 0.988502 -0.111444 0.101289
534 -0.836743 -0.181689 -1.08391 0.0147499 0.988345 -0.109929 0.104267
535 -0.835773 -0.182951 -1.08905 0.0163452 0.988159 -0.108133 0.107617
536 -0.83514 -0.183608 -1.09193 0.0166898 0.98795 -0.106586 0.110975
537 -0.833861 -0.177613 -1.09746 0.0173025 0.987897 -0.103813 0.113943
538 -0.83271 -0.171486 -1.10239 0.0172164 0.987839 -0.100755 0.117156
539 -0.831907 -0.17232 -1.10606 0.0172361 0.987735 -0.0982726 0.1201
540 -0.83093 -0.173148 -1.11003 0.0173176 0.98746 -0.096104 0.124044
541 -0.82979 -0.166826 -1.11436 0.0178855 0.987096 -0.0943037 0.128175
542 -0.894394 -0.163845 -1.11858 0.0178292 0.986676 -0.0923334 0.132766
543 -0.922652 -0.162906 -1.12231 0.0181742 0.986083 -0.0910573 0.137908
544 -0.95132 -0.161619 -1.12508 0.0191218 0.9854 -0.0900598 0.143212
545 -0.920744 -0.156959 -1.12874 0.0190215 0.984743 -0.0878297 0.149017
546 -0.919591 -0.150493 -1.13252 0.018885 0.984152 -0.0843893 0.154814
547 -0.948143 -0.14927 -1.13627 0.0183786 0.983433 -0.0816097 0.160816
548 -0.917278 -0.137346 -1.13919 0.0209451 0.982732 -0.0788058 0.166099
549 -0.946857 -0.135883 -1.1429 0.0209552 0.981972 -0.0762907 0.171675
550 -0.968417 -0.1351 -1.14749 0.0216874 0.981109 -0.0748902 0.177048
551 -0.990583 -0.134012 -1.15032 0.0218612 0.980287 -0.0736156 0.182043
552 -0.989279 -0.126937 -1.15339 0.0235777 0.979541 -0.0717415 0.186541
553 -1.03673 -0.131493 -1.15565 0.0234546 0.97882 -0.0692597 0.191218
554 -1.05878 -0.130673 -1.16097 0.0225886 0.978049 -0.0672538 0.195927
555 -1.08164 -0.129492 -1.16458 0.0237782 0.977182 -0.0664459 0.200337
556 -1.05623 -0.123997 -1.16676 0.0246186 0.976337 -0.0659979 0.204463
557 -1.1529 -0.124961 -1.169 0.023792 0.975686 -0.0644617 0.208125
558 -1.1356 -0.126509 -1.17154 0.0230491 0.975127 -0.0624047 0.211428
559 -1.15081 -0.125957 -1.17634 0.0220768 0.97457 -0.0609773 0.214494
560 -1.15812 -0.125773 -1.17937 0.0216545 0.973946 -0.0595263 0.217755
561 -1.17388 -0.125042 -1.18295 0.0211369 0.973345 -0.0582034 0.220827
562 -1.19175 -0.123637 -1.18188 0.0208558 0.972777 -0.056758 0.223717
563 -1.19953 -0.123304 -1.18389 0.0195496 0.97218 -0.0550487 0.226834
564 -1.21499 -0.122761 -1.18832 0.0193033 0.971553 -0.0530207 0.230002
565 -1.22229 -0.122604 -1.19142 0.018435 0.970916 -0.0513328 0.233125
566 -1.23731 -0.122179 -1.19676 0.0181857 0.970188 -0.0497718 0.236488
567 -1.20384 -0.115942 -1.19282 0.0178464 0.969523 -0.048091 0.239572
568 -1.21109 -0.115797 -1.19601 0.0183419 0.968845 -0.0456749 0.242728
569 -1.21856 -0.115624 -1.19926 0.0184469 0.968127 -0.0435978 0.245944
570 -1.23422 -0.11513 -1.20444 0.0203611 0.967327 -0.0412051 0.24933
571 -1.24908 -0.114801 -1.2111 0.0203225 0.966427 -0.0385197 0.253223
572 -1.21437 -0.108313 -1.2069 0.0216007 0.965318 -0.036762 0.257572
573 -1.2291 -0.107835 -1.21387 0.0228872 0.964193 -0.0347344 0.261917
574 -1.21051 -0.100775 -1.21325 0.0234401 0.963091 -0.0324885 0.266179
575 -1.21741 -0.100614 -1.21755 0.024523 0.961894 -0.0299783 0.270664
576 -1.23225 -0.0999749 -1.22441 0.0253144 0.960694 -0.0274526 0.275088
577 -1.21397 -0.0929113 -1.2227 0.0257718 0.959583 -0.0248678 0.279138
578 -1.22884 -0.0922702 -1.22952 0.0256674 0.958434 -0.0225207 0.283265
579 -1.22795 -0.0923643 -1.23089 0.0248883 0.957295 -0.0201761 0.287332
580 -1.25804 -0.0908324 -1.24263 0.0236467 0.956151 -0.0181659 0.291353
581 -1.22459 -0.0847721 -1.23556 0.0220492 0.954926 -0.0162976 0.295576
582 -1.22278 -0.084965 -1.23837 0.0213915 0.953649 -0.0138994 0.299838
583 -1.22111 -0.0775644 -1.24034 0.0209284 0.952403 -0.0120856 0.303884
584 -1.22054 -0.0776036 -1.24115 0.01978 0.951382 -0.0094014 0.307235
585 -1.21911 -0.0777016 -1.2432 0.0190391 0.950116 -0.00635697 0.311251
586 -1.21855 -0.0777402 -1.244 0.0188003 0.948807 -0.00410764 0.31527
587 -1.21851 -0.0777416 -1.24406 0.018389 0.947576 -0.00179984 0.318997
588 -1.21766 -0.0777695 -1.2452 0.0178445 0.946277 0.000607015 0.322863
589 -1.21703 -0.0777902 -1.24604 0.0175759 0.945009 0.0028312 0.32656
590 -1.21631 -0.0703102 -1.2466 0.0177027 0.943786 0.00455785 0.330051
591 -1.21582 -0.0703126 -1.24721 0.0173685 0.942477 0.00727602 0.333739
592 -1.21553 -0.0703141 -1.24757 0.0170517 0.941386 0.00955603 0.336764
593 -1.21415 -0.063033 -1.24888 0.0168154 0.940171 0.0111669 0.340105
594 -1.22012 -0.0627661 -1.25308 0.0168504 0.939068 0.0130853 0.343069
595 -1.22018 -0.0627672 -1.25301 0.0167281 0.937908 0.0152939 0.346143
596 -1.22011 -0.062766 -1.25309 0.0169752 0.9369 0.0170717 0.348768
597 -1.21983 -0.0627603 -1.25342 0.0172825 0.935745 0.0184915 0.351767
598 -1.21967 -0.0554753 -1.25316 0.0172956 0.934557 0.0193919 0.354864
599 -1.21903 -0.0481808 -1.25345 0.0173125 0.933294 0.0204197 0.358113
600 -1.21901 -0.04818 -1.25347 0.0176199 0.932058 0.0218269 0.361222
601 -1.21872 -0.0411004 -1.2533 0.0178554 0.930781 0.0236046 0.364378
602 -1.21883 -0.0411046 -1.25318 0.0181474 0.929504 0.0261415 0.367436
603 -1.21898 -0.0411104 -1.25301 0.0180381 0.928139 0.0282681 0.37072
604 -1.21874 -0.0410971 -1.25326 0.0179907 0.926568 0.0297018 0.374522
605 -1.21837 -0.0410758 -1.25365 0.0179539 0.92514 0.0304378 0.377977
606 -1.21786 -0.0339846 -1.25363 0.0178168 0.923804 0.0310916 0.381184
607 -1.21751 -0.0339644 -1.254 0.0173592 0.92258 0.0316594 0.384113
608 -1.21796 -0.0339901 -1.25352 0.0170585 0.921366 0.0322339 0.386983
609 -1.21687 -0.0339198 -1.25459 0.0167352 0.919987 0.0339478 0.390116
610 -1.21663 -0.0339043 -1.25482 0.0168896 0.918596 0.0349149 0.393291
611 -1.21564 -0.026986 -1.25525 0.0169149 0.91693 0.0363013 0.397033
612 -1.21418 -0.0337458 -1.25722 0.0169154 0.915552 0.0373378 0.400106
613 -1.21346 -0.0336922 -1.25788 0.0186919 0.913889 0.0371639 0.403826
614 -1.21412 -0.0268899 -1.2567 0.0209785 0.911604 0.0375443 0.408814
615 -1.21958 -0.0196796 -1.26043 0.0220663 0.909242 0.0390307 0.413846
616 -1.21824 -0.0195856 -1.2616 0.0217855 0.907408 0.0409437 0.417684
617 -1.21716 -0.0126665 -1.26187 0.0218163 0.905692 0.0427108 0.421215
618 -1.21632 -0.0126082 -1.2626 0.0207931 0.903695 0.0455537 0.425238
619 -1.21273 -0.0192009 -1.26637 0.0198077 0.901399 0.0477721 0.429891
620 -1.21063 -0.0190133 -1.26807 0.0193442 0.89936 0.0482337 0.43411
621 -1.20743 -0.0187293 -1.27064 0.0189667 0.897583 0.0481163 0.437801
622 -1.2032 -0.0126035 -1.26486 0.0183493 0.896109 0.0483423 0.440812
623 -1.19994 -0.012314 -1.26748 0.017628 0.894342 0.0486416 0.444383
624 -1.19281 -0.0125347 -1.26453 0.0165137 0.892955 0.0494804 0.447114
625 -1.19118 -0.0123889 -1.26576 0.0161381 0.891273 0.049677 0.450448
626 -1.18715 -0.0120278 -1.2688 0.0168231 0.889292 0.049698 0.454321
627 -1.17974 -0.0122234 -1.26606 0.0167424 0.88758 0.0507908 0.457539
628 -1.17455 -0.0183963 -1.2706 0.0165014 0.885812 0.0514051 0.460893
629 -1.17193 -0.0181538 -1.27242 0.0168702 0.884316 0.0499817 0.4639
630 -1.16664 -0.01189 -1.26738 0.0165102 0.88294 0.0491588 0.466613
631 -1.15839 -0.0119911 -1.26503 0.0157542 0.881291 0.0490715 0.469754
632 -1.1535 -0.0181766 -1.26906 0.0152093 0.879434 0.0490421 0.473244
633 -1.14547 -0.0182982 -1.26655 0.0157026 0.877655 0.0480711 0.476618
634 -1.13707 -0.0183932 -1.26406 0.0162741 0.875894 0.0470401 0.479929
635 -1.13313 -0.0180667 -1.2666 0.01648 0.873828 0.0463087 0.483745
636 -1.12494 -0.0181788 -1.26397 0.0165074 0.87203 0.0453928 0.487063
637 -1.11929 -0.0118584 -1.25912 0.0168743 0.870347 0.0440763 0.490172
638 -1.10976 -0.0119145 -1.25711 0.0166148 0.868669 0.0438975 0.493165
639 -1.10176 -0.0120789 -1.25417 0.0164527 0.867089 0.0434278 0.495983
640 -1.09311 -0.0121972 -1.25162 0.0164034 0.865673 0.0428643 0.498502
641 -1.08782 -0.0118252 -1.25481 0.0166041 0.864074 0.0418713 0.501346
642 -1.07933 -0.0119547 -1.25217 0.0161883 0.86274 0.0417986 0.503656
643 -1.0701 -0.0120398 -1.24973 0.0166696 0.861613 0.0411638 0.50562
644 -1.06189 -0.00554465 -1.24618 0.017038 0.860539 0.0408998 0.507453
645 -1.05542 -0.0117759 -1.25035 0.0166072 0.85933 0.0417504 0.509444
646 -1.04252 -0.0123033 -1.24234 0.016561 0.858366 0.0417318 0.511069
647 -1.03822 -0.0120275 -1.24476 0.0170162 0.857376 0.041031 0.51277
648 -1.03099 -0.0055951 -1.24066 0.0166498 0.856256 0.0409692 0.514656
649 -1.02008 -0.0122188 -1.2397 0.0158156 0.855485 0.0413863 0.51593
650 -1.01135 -0.0123367 -1.23697 0.0150066 0.854791 0.0413957 0.517102
651 -1.00576 -0.0119878 -1.23989 0.0142441 0.853896 0.0410538 0.518626
652 -0.996268 -0.012045 -1.23734 0.0138672 0.85328 0.0407855 0.51967
653 -0.979816 -0.0123179 -1.23092 0.0130936 0.853545 0.0412385 0.51922
654 -0.969948 -0.0123519 -1.22856 0.0133086 0.853416 0.0410294 0.519443
655 -0.9618 -0.0124932 -1.22531 0.0128716 0.853525 0.041426 0.519243
656 -0.953248 -0.0126092 -1.22227 0.0130389 0.853702 0.0415615 0.518936
657 -0.943805 -0.0126697 -1.2197 0.0132243 0.853295 0.0417685 0.519585
658 -0.934742 -0.0127539 -1.21692 0.0133822 0.85271 0.042407 0.520489
659 -0.929268 -0.0124123 -1.21978 0.0137478 0.85241 0.0423751 0.520972
660 -0.916382 -0.0129077 -1.2115 0.0139668 0.852514 0.0428272 0.52076
661 -0.90717 -0.0129826 -1.2088 0.0135394 0.852417 0.0436144 0.520864
662 -0.903379 -0.00609802 -1.21026 0.0129324 0.852512 0.0435014 0.520734
663 -0.894568 -0.00619798 -1.20736 0.0121157 0.853159 0.0438624 0.519663
664 -0.886917 0.000277674 -1.20333 0.0111558 0.85348 0.0448382 0.519073
665 -0.880634 0.000669773 -1.20661 0.0096677 0.853647 0.0465349 0.518679
666 -0.873478 0.00711453 -1.20232 0.00832468 0.85347 0.0480295 0.518857
667 -0.863837 0.00706642 -1.19985 0.00656883 0.853319 0.049096 0.519031
668 -0.857953 0.00743362 -1.20292 0.00456283 0.853113 0.0499673 0.519308
669 -0.849883 0.0139354 -1.19911 0.00152714 0.852993 0.0515514 0.519368
670 -0.843945 0.0145141 -1.20216 -0.00114566 0.853066 0.0527348 0.51913
671 -0.83206 0.0149988 -1.20079 -0.00269074 0.853073 0.05306 0.51908
672 -0.828618 0.0219984 -1.20213 -0.00456973 0.852968 0.0549793 0.51904
673 -0.815104 0.0159776 -1.20201 -0.00595053 0.852672 0.0574288 0.519246
674 -0.807279 0.0167401 -1.20603 -0.00601237 0.852107 0.0584273 0.520062
675 -0.80272 0.0238487 -1.20795 -0.00590372 0.851888 0.0588387 0.520374
676 -0.790966 0.0243206 -1.20651 -0.00695927 0.851358 0.0600893 0.521086
677 -0.782877 0.0251089 -1.21066 -0.00725218 0.850776 0.0610238 0.521923
678 -0.774429 0.0259321 -1.215 -0.0071655 0.849583 0.0622729 0.523716
679 -0.766363 0.0267182 -1.21914 -0.00641166 0.848259 0.0637687 0.525689
680 -0.75781 0.0278213 -1.22336 -0.00477482 0.846663 0.0641353 0.528228
681 -0.748406 0.0290343 -1.22799 -0.00321345 0.844714 0.0645858 0.531298
682 -0.739566 0.0301744 -1.23235 -0.00191549 0.843171 0.0653742 0.533653
683 -0.729858 0.0314267 -1.23714 -0.000341896 0.841956 0.0655938 0.535543
684 -0.722488 0.0390561 -1.24035 0.000783927 0.84161 0.0653924 0.536111
685 -0.712091 0.0403971 -1.24547 3.93272e-05 0.841465 0.0669678 0.536146
686 -0.702425 0.0416439 -1.25024 -0.00131416 0.841492 0.0688798 0.535859
687 -0.695429 0.0433052 -1.26111 -0.00216656 0.841831 0.0706495 0.535094
688 -0.685272 0.0446154 -1.26611 -0.0031249 0.842174 0.0724461 0.534308
689 -0.675764 0.0458417 -1.2708 -0.00436535 0.842427 0.0746045 0.533603
690 -0.66238 0.0408891 -1.27782 -0.00518926 0.842564 0.0748448 0.533346
691 -0.655084 0.0425891 -1.28883 -0.00550179 0.842929 0.073651 0.532932
692 -0.643936 0.044027 -1.29433 -0.00618379 0.843517 0.072519 0.532148
693 -0.63324 0.0454065 -1.2996 -0.00742241 0.844081 0.072547 0.531234
694 -0.62562 0.0471485 -1.31077 -0.00847648 0.84442 0.0728672 0.530636
695 -0.6158 0.0484151 -1.31561 -0.00957233 0.844567 0.0738044 0.530252
696 -0.5973 0.0508013 -1.32473 -0.0107395 0.844628 0.0750757 0.529955
697 -0.590112 0.0524873 -1.3357 -0.01007 0.845331 0.0750622 0.528848
698 -0.573223 0.0546657 -1.34402 -0.0112164 0.846181 0.0783034 0.526992
699 -0.564384 0.056099 -1.34831 -0.0116259 0.846499 0.0790003 0.526367
700 -0.559577 0.0631532 -1.3502 -0.0120456 0.846843 0.0801873 0.525625
701 -0.554083 0.0648916 -1.3598 -0.0127669 0.846821 0.0824198 0.525299
702 -0.546884 0.0660591 -1.3633 -0.0135188 0.84677 0.0857199 0.524833
703 -0.539439 0.0672663 -1.36692 -0.0135515 0.847155 0.0880822 0.523818
704 -0.534277 0.0689508 -1.37636 -0.0134924 0.847766 0.0897623 0.522546
705 -0.526755 0.0701706 -1.38001 -0.0144589 0.848253 0.0921191 0.521318
706 -0.516886 0.0660104 -1.38542 -0.0158064 0.848401 0.0943388 0.520641
707 -0.50962 0.0674223 -1.38904 -0.0162238 0.848746 0.0945915 0.520019
708 -0.505578 0.074286 -1.39056 -0.0159776 0.849303 0.0944128 0.519149
709 -0.49842 0.0756772 -1.39413 -0.0163907 0.850035 0.0957513 0.517691
710 -0.488215 0.0715821 -1.39971 -0.0167821 0.850691 0.0971796 0.516333
711 -0.481792 0.0779409 -1.39569 -0.0165189 0.851937 0.0972247 0.514274
712 -0.474498 0.0793584 -1.39932 -0.0177302 0.853205 0.0979206 0.511994
713 -0.464577 0.0752082 -1.40476 -0.0197936 0.854267 0.0993816 0.509862
714 -0.455404 0.0711214 -1.4101 -0.0211858 0.855595 0.10007 0.507439
715 -0.446907 0.0719405 -1.40778 -0.0213359 0.857374 0.0993802 0.504558
716 -0.437123 0.0730417 -1.40615 -0.0213398 0.859454 0.0983205 0.501214
717 -0.428071 0.0739824 -1.40414 -0.0212016 0.861485 0.0980556 0.497774
718 -0.421733 0.0753709 -1.4075 -0.0212307 0.863446 0.0981701 0.494341
719 -0.412442 0.0764346 -1.40615 -0.0218613 0.86535 0.0993397 0.490737
720 -0.401288 0.0720256 -1.4063 -0.0225233 0.867144 0.101253 0.487137
721 -0.389384 0.0726553 -1.39974 -0.0216724 0.869275 0.101494 0.483311
722 -0.380608 0.0736035 -1.39809 -0.0209141 0.871227 0.101961 0.479719
723 -0.372296 0.0745138 -1.39666 -0.0207211 0.873118 0.102206 0.476224
724 -0.360381 0.0752149 -1.39086 -0.020893 0.875038 0.102479 0.47262
725 -0.348644 0.0758736 -1.38495 -0.0215492 0.876688 0.103289 0.469346
726 -0.337553 0.0717619 -1.38567 -0.0222747 0.878548 0.105059 0.465425
727 -0.323127 0.0674481 -1.38222 -0.0215794 0.880425 0.105618 0.46177
728 -0.314376 0.0730805 -1.37416 -0.0196966 0.882586 0.105747 0.457681
729 -0.306253 0.073998 -1.37284 -0.0185859 0.884458 0.10784 0.453607
730 -0.291866 0.0696742 -1.36937 -0.0179114 0.886625 0.110058 0.448847
731 -0.281315 0.0700389 -1.36366 -0.0171772 0.888872 0.111462 0.444059
732 -0.270301 0.066281 -1.36542 -0.0165715 0.891045 0.11272 0.439384
733 -0.259556 0.0666975 -1.35985 -0.0159922 0.893389 0.113578 0.434398
734 -0.248783 0.0670701 -1.35452 -0.0157305 0.895606 0.113831 0.42975
735 -0.241238 0.0678624 -1.35352 -0.0157845 0.897736 0.114018 0.425231
736 -0.23095 0.0680991 -1.34782 -0.0163626 0.899769 0.114961 0.420633
737 -0.221233 0.0681678 -1.34182 -0.0167801 0.901885 0.115872 0.415806
738 -0.214029 0.0688895 -1.34075 -0.016442 0.904022 0.116063 0.411101
739 -0.2033 0.0692551 -1.33558 -0.016691 0.905773 0.117371 0.406842
740 -0.197438 0.0695932 -1.33353 -0.0182459 0.907299 0.119834 0.402636
741 -0.188034 0.0695533 -1.32739 -0.0200574 0.908903 0.121783 0.398325
742 -0.182363 0.0698328 -1.32517 -0.0219054 0.910353 0.122958 0.394537
743 -0.176379 0.0702872 -1.32334 -0.0234815 0.911752 0.123646 0.390983
744 -0.168071 0.0699584 -1.31629 -0.025174 0.912765 0.124662 0.388183
745 -0.163453 0.0660218 -1.32099 -0.025771 0.913513 0.123756 0.386671
746 -0.156294 0.0708027 -1.31244 -0.0252272 0.914256 0.122118 0.385469
747 -0.142928 0.0666863 -1.3105 -0.0283211 0.915427 0.124578 0.381669
748 -0.138036 0.0668355 -1.30772 -0.0292058 0.916254 0.124681 0.379578
749 -0.132851 0.0670904 -1.30522 -0.0295698 0.916973 0.124297 0.377936
750 -0.124975 0.0627894 -1.3057 -0.0298173 0.917634 0.124255 0.376324
751 -0.120068 0.0629443 -1.30293 -0.0293086 0.918583 0.123257 0.374371
752 -0.11401 0.0635143 -1.30129 -0.0276494 0.919928 0.122159 0.371545
753 -0.108693 0.0638167 -1.29893 -0.0266735 0.921285 0.122248 0.368208
754 -0.103204 0.0641813 -1.29673 -0.02555 0.922851 0.121787 0.3645
755 -0.0970169 0.06483 -1.2957 -0.024418 0.92453 0.12172 0.360323
756 -0.0937651 0.0697122 -1.29124 -0.0248429 0.926106 0.123427 0.355636
757 -0.0883693 0.0700717 -1.28937 -0.0261176 0.92765 0.126649 0.350349
758 -0.0829757 0.0704409 -1.2876 -0.0271392 0.929422 0.129531 0.344471
759 -0.0732834 0.0707484 -1.28284 -0.0268871 0.931083 0.131602 0.339179
760 -0.0669061 0.0715048 -1.28217 -0.0262214 0.932513 0.1342 0.33425
761 -0.0574308 0.0716883 -1.27729 -0.0252225 0.934088 0.137292 0.328626
762 -0.0514192 0.0723336 -1.27638 -0.02386 0.935769 0.139998 0.322751
763 -0.0448014 0.0732423 -1.27619 -0.0220092 0.937435 0.14249 0.316902
764 -0.0386695 0.0739311 -1.27561 -0.0210765 0.938927 0.1457 0.311035
765 -0.0293252 0.0739126 -1.27069 -0.0208876 0.940468 0.14876 0.304885
766 -0.0206075 0.0705184 -1.27388 -0.0198787 0.942108 0.150411 0.299021
767 -0.0142374 0.0713559 -1.27383 -0.0186386 0.94349 0.151709 0.294047
768 -0.00861067 0.0717997 -1.27275 -0.0177139 0.94455 0.153553 0.289713
769 -0.000338009 0.0683251 -1.27585 -0.0157264 0.945464 0.154455 0.286345
770 0.00420401 0.0735144 -1.27276 -0.0128418 0.946175 0.154516 0.284101
771 0.0104052 0.0742144 -1.27266 -0.0103406 0.946367 0.156567 0.282433
772 0.0161354 0.0746499 -1.27186 -0.00825894 0.946339 0.158161 0.281707
773 0.0247092 0.0713965 -1.2759 -0.00688345 0.946316 0.158582 0.281585
774 0.0260855 0.0721694 -1.27794 -0.00699161 0.946163 0.158849 0.281947
775 0.0319313 0.0726699 -1.27731 -0.00757058 0.946037 0.157663 0.283019
776 0.037814 0.073191 -1.27674 -0.00918299 0.945885 0.156753 0.283981
777 0.0450125 0.0691653 -1.27874 -0.0116314 0.94558 0.156268 0.285174
778 0.0481323 0.0656316 -1.28398 -0.013046 0.945405 0.153524 0.287175
779 0.0491006 0.0661754 -1.28541 -0.0141262 0.945248 0.149234 0.28989
780 0.0543817 0.0663587 -1.28395 -0.0158909 0.944904 0.144954 0.293074
781 0.0575589 0.0628571 -1.28928 -0.0181236 0.94448 0.140796 0.29632
782 0.0587244 0.0634386 -1.29093 -0.0197736 0.9444 0.13672 0.298372
783 0.0638055 0.0636727 -1.28946 -0.0201043 0.944321 0.133614 0.300003
784 0.0651243 0.0643307 -1.29133 -0.0199693 0.944004 0.13227 0.301601
785 0.0678502 0.0605986 -1.29563 -0.0204938 0.943623 0.13198 0.302882
786 0.0720179 0.060377 -1.29287 -0.019874 0.943349 0.130298 0.304499
787 0.0724175 0.0605763 -1.29344 -0.0189486 0.943286 0.128293 0.305602
788 0.0747162 0.0565111 -1.29695 -0.018973 0.943316 0.126167 0.306394
789 0.0783879 0.0561244 -1.29351 -0.0179314 0.943669 0.122128 0.307005
790 0.081532 0.0524341 -1.29818 -0.0161367 0.944133 0.117818 0.307363
791 0.0856844 0.0522607 -1.29539 -0.014865 0.944347 0.114976 0.307844
792 0.0878495 0.0481362 -1.29872 -0.0137016 0.944172 0.112283 0.309426
793 0.0898142 0.0438286 -1.30174 -0.0126528 0.943971 0.108677 0.311363
794 0.0932569 0.0433837 -1.298 -0.0113772 0.943895 0.104625 0.313028
795 0.0948862 0.0389489 -1.30057 -0.0108662 0.943762 0.100318 0.31485
796 0.0979607 0.0383643 -1.29633 -0.0103936 0.943561 0.0938717 0.317448
797 0.0976882 0.0382804 -1.29597 -0.0101469 0.943195 0.0866732 0.320574
798 0.0996558 0.0338532 -1.29888 -0.0104208 0.942911 0.0812071 0.322824
799 0.10348 0.0336018 -1.29566 -0.0103236 0.942325 0.0776305 0.325408
800 0.103681 0.0336522 -1.29591 -0.0102368 0.941488 0.075478 0.328326
801 0.109443 0.0289265 -1.29541 -0.009707 0.940435 0.0733993 0.331815
802 0.113291 0.028748 -1.29221 -0.00883399 0.939216 0.0718731 0.335603
803 0.113371 0.0287681 -1.29232 -0.00824631 0.937939 0.070261 0.339508
804 0.113668 0.0288323 -1.29267 -0.00750649 0.936726 0.0683683 0.343241
805 0.11752 0.0286309 -1.28916 -0.00677371 0.935401 0.0667363 0.347169
806 0.121602 0.0284791 -1.28593 -0.00707648 0.934172 0.0659858 0.350597
807 0.121695 0.0284993 -1.28604 -0.00790966 0.932877 0.0652898 0.35414
808 0.125441 0.0283054 -1.28242 -0.0083635 0.931672 0.064215 0.357484
809 0.125774 0.0283696 -1.28279 -0.00870599 0.930282 0.0630184 0.361286
810 0.129629 0.0281968 -1.2793 -0.00930305 0.928739 0.0626081 0.365292
811 0.133461 0.0280193 -1.27577 -0.00997106 0.926936 0.0628849 0.369777
812 0.137453 0.0279113 -1.27241 -0.0108056 0.925167 0.0634497 0.374063
813 0.141095 0.0277397 -1.26869 -0.0113111 0.923389 0.0646134 0.378219
814 0.141679 0.0278456 -1.2693 -0.0122229 0.921522 0.0665304 0.382389
815 0.145287 0.027668 -1.26554 -0.0129915 0.919589 0.0685373 0.386639
816 0.148778 0.0274859 -1.26167 -0.0133184 0.91766 0.0704841 0.390838
817 0.149187 0.0275644 -1.26207 -0.0140324 0.915781 0.0725889 0.394814
818 0.15227 0.0273042 -1.25781 -0.0146243 0.91388 0.074482 0.398826
819 0.154953 0.0269672 -1.25315 -0.0154617 0.911851 0.0765249 0.40303
820 0.157644 0.0266219 -1.24857 -0.0165741 0.909915 0.0786129 0.406941
821 0.157361 0.0265633 -1.24831 -0.0167454 0.908012 0.0807199 0.410753
822 0.157749 0.0309821 -1.2414 -0.0174221 0.906156 0.0836047 0.414233
823 0.157439 0.0309179 -1.24112 -0.0182921 0.904253 0.0862712 0.417791
824 0.157052 0.0308298 -1.24079 -0.0197348 0.90254 0.0891634 0.42081
825 0.158781 0.0302493 -1.23544 -0.021364 0.90068 0.0920144 0.424091
826 0.155815 0.034826 -1.23266 -0.0229206 0.898994 0.0942689 0.427081
827 0.155113 0.0346662 -1.23207 -0.0244253 0.89746 0.0968711 0.429634
828 0.153634 0.0342901 -1.23089 -0.0264898 0.89583 0.0995561 0.43229
829 0.152236 0.0339346 -1.22977 -0.0277555 0.894667 0.101229 0.434226
830 0.1504 0.0324705 -1.22191 -0.0304634 0.891788 0.103283 0.439452
831 0.149221 0.0321708 -1.22097 -0.0310279 0.890727 0.103702 0.441462
832 0.147273 0.0316409 -1.2195 -0.0319611 0.888981 0.104477 0.44472
833 0.144845 0.0309807 -1.21767 -0.0332218 0.887059 0.105339 0.448248
834 0.144925 0.0299936 -1.21147 -0.0336282 0.885204 0.105455 0.451843
835 0.140156 0.0337791 -1.20764 -0.0341126 0.883018 0.105588 0.456033
836 0.137967 0.0331824 -1.2061 -0.0354725 0.880865 0.106167 0.459942
837 0.135412 0.0324859 -1.2043 -0.0375562 0.878942 0.106746 0.463309
838 0.129943 0.0360854 -1.20022 -0.0397522 0.877199 0.106937 0.466376
839 0.128029 0.0355635 -1.19887 -0.0414799 0.875744 0.107308 0.468867
840 0.122974 0.0392615 -1.19536 -0.04392 0.87418 0.108498 0.471284
841 0.120482 0.0385656 -1.19371 -0.0470757 0.872163 0.110818 0.474167
842 0.117447 0.037718 -1.1917 -0.0496958 0.869941 0.112617 0.477545
843 0.111915 0.0412828 -1.18787 -0.0512105 0.867682 0.113727 0.48122
844 0.108933 0.0403896 -1.18602 -0.0530523 0.86495 0.115465 0.485504
845 0.105566 0.0393812 -1.18393 -0.0547461 0.862277 0.117037 0.489676
846 0.102538 0.0384742 -1.18205 -0.0555592 0.859706 0.117839 0.493896
847 0.111107 0.0375794 -1.16391 -0.0555592 0.859706 0.117839 0.493896
848 0.0962627 0.0365415 -1.17842 -0.0554309 0.853557 0.117585 0.504521
849 0.09334 0.0356414 -1.17672 -0.0546392 0.850229 0.116839 0.510367
850 0.0906052 0.0348277 -1.17528 -0.0542965 0.846175 0.115641 0.517365
851 0.0862779 0.0343408 -1.17841 -0.0548691 0.841875 0.114397 0.524546
852 0.083693 0.033598 -1.17715 -0.0559792 0.838051 0.113271 0.530759
853 0.078638 0.0370753 -1.17454 -0.0570499 0.8345 0.11234 0.536409
854 0.0746524 0.0408599 -1.17245 -0.0581033 0.831031 0.111695 0.541789
855 0.0706396 0.0440053 -1.16534 -0.0603514 0.827748 0.112848 0.546312
856 0.0678495 0.0432238 -1.16412 -0.0628695 0.824525 0.114511 0.550539
857 0.066046 0.0420562 -1.1581 -0.0634155 0.821617 0.115128 0.55468
858 0.0637239 0.0407494 -1.15202 -0.0637933 0.818653 0.116198 0.558781
859 0.0569485 0.0437364 -1.14918 -0.0644673 0.815616 0.116958 0.56297
860 0.053944 0.0422321 -1.14283 -0.0643998 0.813036 0.116612 0.566769
861 0.0502744 0.0411702 -1.14136 -0.0642328 0.81096 0.116343 0.569809
862 0.050685 0.0394624 -1.12626 -0.0642328 0.81096 0.116343 0.569809
863 0.0405006 0.0377463 -1.1328 -0.0635182 0.807086 0.11569 0.575494
864 0.0334731 0.0400626 -1.12507 -0.0621643 0.805387 0.114601 0.578233
865 0.0286431 0.0380626 -1.11826 -0.0617551 0.803172 0.1144 0.581389
866 0.0221813 0.0355927 -1.11088 -0.0621126 0.800945 0.114692 0.584358
867 0.0153224 0.0331079 -1.10369 -0.0614362 0.799213 0.11366 0.586997
868 0.00796328 0.030484 -1.09635 -0.0607299 0.797637 0.112268 0.589477
869 0.000276095 0.0277689 -1.08891 -0.0594225 0.796302 0.110058 0.591827
870 -0.00884141 0.0295959 -1.08083 -0.0578774 0.795025 0.107787 0.59411
871 -0.0186809 0.0312221 -1.07253 -0.0577278 0.793501 0.107656 0.596183
872 -0.0283175 0.0282021 -1.06459 -0.0583845 0.791975 0.109148 0.597874
873 -0.0352745 0.0207368 -1.05761 -0.0568198 0.790998 0.108442 0.599444
874 -0.044398 0.0183948 -1.05501 -0.0541202 0.790462 0.106187 0.600804
875 -0.0560313 0.0199954 -1.0463 -0.0522414 0.7901 0.103941 0.601838
876 -0.0654914 0.0170207 -1.03841 -0.0509686 0.789586 0.102004 0.602952
877 -0.0739761 0.0142964 -1.0308 -0.050103 0.788905 0.0995456 0.604325
878 -0.0833532 0.011343 -1.02294 -0.0507951 0.787639 0.0980273 0.606164
879 -0.0933455 0.00856761 -1.01517 -0.0506107 0.786478 0.0953457 0.608112
880 -0.101863 0.00612932 -1.00779 -0.049243 0.785195 0.0916862 0.610441
881 -0.110349 0.0036983 -1.00042 -0.0491107 0.783832 0.089676 0.612497
882 -0.122209 0.00560125 -0.991968 -0.0495414 0.782038 0.0885906 0.614909
883 -0.128967 -0.00104891 -0.990414 -0.0502966 0.779957 0.0877219 0.61761
884 -0.137968 -0.00333273 -0.982979 -0.0504451 0.77793 0.0865176 0.620318
885 -0.146481 -0.00551457 -0.975657 -0.0506488 0.775928 0.0856427 0.622925
886 -0.154946 -0.00727901 -0.973691 -0.0507139 0.773579 0.085209 0.625894
887 -0.165685 -0.00462025 -0.965689 -0.0505712 0.770751 0.0852602 0.629378
888 -0.173769 -0.00664221 -0.958542 -0.0506035 0.767307 0.0860542 0.633461
889 -0.184307 0.0360938 -0.966146 -0.0609902 0.764415 0.0734884 0.637612
890 -0.192468 0.0342935 -0.959152 -0.0601276 0.760052 0.073544 0.642881
891 -0.20009 0.0327932 -0.957763 -0.0585633 0.755392 0.0735302 0.648496
892 -0.207554 0.0311299 -0.950896 -0.0567652 0.750477 0.0732334 0.654369
893 -0.21495 0.0295327 -0.94442 -0.0548974 0.74558 0.0727541 0.660155
894 -0.222401 0.0281233 -0.943403 -0.0535156 0.74107 0.0720402 0.665404
895 -0.229252 0.0266293 -0.937002 -0.0523922 0.736811 0.0714962 0.670264
896 -0.236596 0.0253136 -0.936318 -0.0521422 0.73248 0.0710878 0.675056
897 -0.244192 0.0237588 -0.930172 -0.0514379 0.727916 0.0705068 0.680089
898 -0.251628 0.0224268 -0.929479 -0.0497463 0.722941 0.0696946 0.685583
899 -0.258148 0.0213075 -0.929147 -0.0479283 0.717815 0.0696312 0.691083
900 -0.264815 0.020163 -0.928806 -0.0477389 0.713056 0.0704625 0.695922
901 -0.271754 0.0189717 -0.928452 -0.0477163 0.708579 0.0704072 0.700487
902 -0.278936 0.0170066 -0.905899 -0.0477163 0.708579 0.0704072 0.700487
903 -0.285795 0.0165989 -0.928328 -0.0481391 0.700499 0.0696536 0.708612
904 -0.293227 0.015343 -0.928262 -0.048418 0.696572 0.0689679 0.712521
905 -0.300624 0.0141045 -0.928449 -0.0483971 0.69239 0.0677386 0.716704
906 -0.307596 0.0129371 -0.928625 -0.0482227 0.688236 0.066521 0.720819
907 -0.317489 0.016982 -0.928699 -0.0484945 0.684095 0.0661289 0.724769
908 -0.328753 0.0203811 -0.906678 -0.0484945 0.684095 0.0661289 0.724769
909 -0.338074 0.0185145 -0.890341 -0.0484945 0.684095 0.0661289 0.724769
910 -0.339816 0.0133385 -0.930043 -0.0485725 0.674029 0.0649988 0.734234
911 -0.350011 0.017373 -0.930489 -0.0486568 0.671024 0.0649663 0.73698
912 -0.360081 0.0154693 -0.913886 -0.0486568 0.671024 0.0649663 0.73698
913 -0.364912 0.0149636 -0.931925 -0.048138 0.665238 0.0632874 0.742385
914 -0.374285 0.0192647 -0.92679 -0.0476966 0.662218 0.0622412 0.745197
915 -0.381087 0.0182566 -0.933303 -0.0471997 0.659373 0.0617343 0.747789
916 -0.390344 0.0166211 -0.916227 -0.0471997 0.659373 0.0617343 0.747789
917 -0.401373 0.0208912 -0.905282 -0.0471997 0.659373 0.0617343 0.747789
918 -0.402866 0.0209932 -0.935917 -0.0470943 0.651744 0.0618502 0.754445
919 -0.408314 0.0200817 -0.930529 -0.0461193 0.649489 0.0613642 0.756486
920 -0.413728 0.0192423 -0.931224 -0.0451774 0.647432 0.0611425 0.758322
921 -0.419303 0.018399 -0.932124 -0.0437321 0.645774 0.0605564 0.759866
922 -0.42394 0.0176317 -0.926756 -0.0413597 0.644175 0.0596108 0.761429
923 -0.427956 0.0170902 -0.933521 -0.0390452 0.642685 0.0582929 0.762911
924 -0.432047 0.0164053 -0.928065 -0.0375805 0.641617 0.0575524 0.763939
925 -0.436154 0.0157842 -0.928728 -0.0371957 0.640226 0.0572688 0.765146
926 -0.439676 0.0152515 -0.929296 -0.0364243 0.638527 0.0566073 0.76665
927 -0.443768 0.0146082 -0.923707 -0.0355731 0.637173 0.0554507 0.7679
928 -0.446914 0.0141947 -0.924294 -0.033929 0.635734 0.053783 0.769284
929 -0.446861 0.00789883 -0.924542 -0.0328407 0.634449 0.0521108 0.770506
930 -0.449752 0.00751879 -0.925082 -0.0319034 0.633736 0.0506471 0.77123
931 -0.451993 0.00722427 -0.9255 -0.030826 0.633307 0.0494818 0.771702
932 -0.454824 0.00685219 -0.926028 -0.0297579 0.633347 0.0483695 0.771781
933 -0.457329 0.00641757 -0.920143 -0.0283331 0.633287 0.0470738 0.771964
934 -0.456242 0.000257598 -0.920198 -0.0260678 0.633463 0.0453559 0.772003
935 -0.457741 0.000107435 -0.9205 -0.0243177 0.633667 0.0439716 0.771972
936 -0.458652 1.61828e-05 -0.920683 -0.0230534 0.633696 0.0429695 0.772044
937 -0.459426 -6.12643e-05 -0.920838 -0.0219482 0.633731 0.0419672 0.772102
938 -0.459675 -8.62345e-05 -0.920888 -0.0213521 0.633802 0.0413006 0.772096
939 -0.460074 -0.000126207 -0.920968 -0.0210283 0.634301 0.0406228 0.771732
940 -0.458537 -0.00625258 -0.920897 -0.0204212 0.635119 0.0397369 0.771121
941 -0.458847 -0.00628359 -0.920959 -0.019396 0.635982 0.0386793 0.77049
942 -0.458848 -0.00628374 -0.920959 -0.0181353 0.636535 0.0372465 0.770134
943 -0.45905 -0.00630391 -0.921 -0.0171786 0.637007 0.0359455 0.769827
944 -0.458892 -0.00628814 -0.920968 -0.0158148 0.637447 0.0346884 0.769551
945 -0.459082 -0.00630141 -0.921004 -0.0145771 0.637961 0.0334511 0.769203
946 -0.459024 -0.00629737 -0.920993 -0.0135739 0.63864 0.0325077 0.768699
947 -0.458957 -0.00629264 -0.92098 -0.0124479 0.639451 0.0313455 0.768092
948 -0.457609 -0.0126711 -0.920942 -0.011117 0.640167 0.030268 0.767559
949 -0.456395 -0.0125862 -0.920711 -0.010258 0.640582 0.0294986 0.767254
950 -0.456117 -0.0124357 -0.927229 -0.00951843 0.640762 0.0288511 0.767138
951 -0.455894 -0.0125512 -0.920615 -0.0084622 0.641167 0.0275995 0.766858
952 -0.455143 -0.0123676 -0.927043 -0.00764713 0.641418 0.0269042 0.766682
953 -0.454663 -0.012465 -0.920381 -0.00713707 0.641789 0.0266541 0.766385
954 -0.454312 -0.0123094 -0.926885 -0.00596291 0.642137 0.0261986 0.766119
955 -0.452227 -0.0186364 -0.926706 -0.00502778 0.642487 0.0260812 0.765836
956 -0.45183 -0.0186197 -0.926636 -0.00403069 0.642839 0.0258291 0.765555
957 -0.451459 -0.0186042 -0.92657 -0.00302077 0.643341 0.0262432 0.765124
958 -0.450598 -0.0185681 -0.926418 -0.00186616 0.643598 0.0265846 0.764899
959 -0.450159 -0.0185497 -0.92634 -0.00122714 0.644101 0.0270679 0.76446
960 -0.449198 -0.0185095 -0.926169 -0.000521638 0.644396 0.0275599 0.764195
961 -0.448396 -0.0183064 -0.932583 0.000453628 0.644849 0.0279638 0.763798
962 -0.447632 -0.0182744 -0.932447 0.00153611 0.6454 0.0282802 0.76332
963 -0.446666 -0.018234 -0.932276 0.00242715 0.645988 0.028544 0.762809
964 -0.44591 -0.0182023 -0.932142 0.00329393 0.646781 0.0283777 0.762141
