# width:480 height:360 psr bound:50 mu:0.8
1 6.91986e-310 4.672e-310 6.91984e-310 -1.12392e-310 -9.48039e-316 1.12393e-310 0.5
2 0 0.00833333 -0.00231281 0.00128699 -0.000203279 -0.000307561 0.999999
3 0 0 -0.00233021 -0.00128218 0.000187034 -0.000238289 0.999999
4 0 0 -0.00182517 -0.00159889 0.000709168 -0.000451337 0.999998
5 0 0.00833333 -0.00258105 -0.00161482 0.000699357 -0.0010033 0.999998
6 0 0.0166667 -0.00246589 -0.00139027 0.000680236 -0.000624908 0.999999
7 0 0 -0.001871 -0.00421278 0.00122758 -0.000874612 0.99999
8 0 0.00833333 -0.00117127 -0.00195144 0.000680351 -0.000464343 0.999998
9 0 0.00833333 -0.00159697 -0.00143381 0.000705339 -0.000517897 0.999999
10 0 0.00833333 -0.00109087 -0.00236439 0.000811962 -0.000588826 0.999997
11 0 0.00833333 -0.000247422 -0.00157513 0.000679512 -0.000336008 0.999998
12 0 0 0.000470449 -0.00159172 0.000689567 -0.000371632 0.999998
13 0 0.00833333 0.000963004 0 0 0 1
14 0 0 0.000924207 0 0 0 1
15 0 0.00833333 0.000982912 0.00131401 -2.02022e-05 0.00119941 0.999998
16 0 0 0.000856123 0.00139055 -5.37509e-05 0.00118137 0.999998
17 0 0 0.000130999 0.0013858 -0.000285307 0.000666895 0.999999
18 0 0.00833333 0.00022484 0.000975436 -0.000466152 -4.30027e-06 0.999999
19 0 0.00833333 -0.000117805 0.000653785 -0.000322427 -0.00113071 0.999999
20 0 0 -0.000809312 -0.000787395 0.000317948 -0.00414989 0.999991
21 0 0 -0.000675662 -0.0014636 0.00069997 -0.0034793 0.999993
22 0 0 -0.000813415 -0.00146103 0.000700664 -0.00330243 0.999993
23 -0.00833333 0.00833333 -0.000594643 -0.00144844 0.000702537 -0.00239085 0.999996
24 -0.00833333 0.00833333 -0.000623041 -0.00143573 0.000702788 -0.00229495 0.999996
25 -0.00833333 0.00833333 -0.000523586 -0.00144272 0.000710844 -0.00236756 0.999996
26 -0.00833333 0 -0.000807589 -0.00146182 0.000710052 -0.00310736 0.999994
27 -0.00833333 0 -0.000655306 -0.00145714 0.000708864 -0.00393398 0.999991
28 -0.00833333 0 -0.000333876 -0.00146207 0.000709428 -0.00338511 0.999993
29 -0.00833333 0 -0.000479119 -0.00145378 0.000708236 -0.00366895 0.999992
30 -0.00833333 0 -0.000578076 -0.00150263 0.00074676 -0.00590478 0.999981
31 0 0 -0.000590934 -0.00151004 0.000749505 -0.00686687 0.999975
32 -0.00833333 0.00833333 0.000130637 -0.00143951 0.000709012 -0.00364783 0.999992
33 -0.00833333 0.00833333 0.000326943 -0.00143721 0.000707267 -0.00460879 0.999988
34 -0.00833333 0.00833333 -0.0002775 -0.00139533 0.000673823 -0.00466528 0.999988
35 -0.00833333 0.0166667 -5.27917e-05 -0.00142541 0.000707303 -0.00340759 0.999993
36 -0.00833333 0.00833333 0.000132646 -0.00273441 0.00188279 -0.00539312 0.99998
37 -0.00833333 0.00833333 0.000151298 -0.00262968 0.00324846 -0.00567422 0.999975
38 -0.0166667 0.0166667 -0.000498925 -0.00259919 0.00412908 -0.00482985 0.999976
39 -0.0166667 0.00833333 0.000444314 -0.00469312 0.00494394 -0.00406989 0.999968
40 -0.0166667 0.00833333 0.00248435 -0.00580695 0.00520186 -0.00307623 0.999965
41 -0.0166667 0.00833333 0.00353715 -0.0051429 0.00557833 -0.00228496 0.999969
42 -0.0166667 0.00833333 0.00533904 -0.00500617 0.00584175 -0.00171436 0.999969
43 -0.0166667 0.00833333 0.00729957 -0.00484933 0.00622889 -0.00137458 0.999968
44 -0.0166667 0.00833333 0.00907622 -0.00400531 0.00711119 -0.00177838 0.999965
45 -0.0166667 0.00833333 0.0109814 -0.00343853 0.0079663 -0.00268331 0.999959
46 -0.0166667 0.0166667 0.0140446 -0.00432253 0.0091109 -0.00381959 0.999942
47 -0.025 0.0166667 0.0186182 -0.00519187 0.0102343 -0.00518657 0.999921
48 -0.025 0.0166667 0.0221774 -0.00541421 0.0106694 -0.00693282 0.999904
49 -0.025 0.0166667 0.0271514 -0.00721686 0.011078 -0.00887809 0.999873
50 -0.0248706 0.0167493 0.0329551 -0.00891937 0.0115121 -0.0105545 0.999838
51 -0.0247392 0.0168333 0.0388527 -0.00949844 0.0113876 -0.0121434 0.999816
52 -0.0246057 0.0169186 0.0448406 -0.00975283 0.0110946 -0.0133869 0.999801
53 -0.0163471 0.0168605 0.0508025 -0.0111623 0.0108686 -0.0147109 0.99977
54 -0.0161698 0.0169738 0.0587598 -0.0127298 0.010653 -0.015473 0.999742
55 -0.0159916 0.0170876 0.0667533 -0.0133236 0.00944002 -0.0161069 0.999737
56 -0.0158202 0.0171971 0.0744447 -0.0132583 0.00752541 -0.0171613 0.999737
57 -0.00762931 0.00906419 0.083899 -0.0132653 0.00616752 -0.0184902 0.999722
58 -0.0074331 0.00918955 0.092702 -0.0114218 0.00454422 -0.0201795 0.999721
59 0.00101225 0.0172823 0.10051 -0.00990194 0.00319485 -0.0229053 0.999683
60 -0.0170181 -0.0223742 0.110204 -0.00979348 0.00174519 -0.00449018 0.99994
61 -0.0169856 -0.0221962 0.119297 -0.00940751 0.000179126 -0.00662849 0.999934
62 -0.00882611 -0.0220788 0.129009 -0.00883403 -0.00183402 -0.00912158 0.999918
63 -0.000667396 -0.0219656 0.138506 -0.00884438 -0.00422027 -0.0109908 0.999892
64 -0.000634377 -0.021785 0.147733 -0.00845273 -0.00669132 -0.0139393 0.999845
65 0.00752355 -0.0216761 0.157011 -0.00868231 -0.00916815 -0.0168724 0.999778
66 0.0151792 -0.029884 0.167715 -0.00997628 -0.0117546 -0.0201209 0.999679
67 0.0150219 -0.0297299 0.176432 -0.00808654 -0.0135677 -0.0239966 0.999587
68 0.0229713 -0.0298365 0.185986 -0.00618504 -0.0163713 -0.0270846 0.99948
69 0.023099 -0.0215727 0.194031 -0.0057601 -0.0191005 -0.0297419 0.999358
70 0.0308411 -0.0219327 0.203922 -0.00620775 -0.0221388 -0.0315816 0.999237
71 0.0305252 -0.0218271 0.212265 -0.00551755 -0.0253417 -0.0329524 0.99912
72 0.0382986 -0.0221975 0.221326 -0.00572793 -0.0282099 -0.0342594 0.998998
73 0.0379608 -0.0220846 0.230247 -0.00647728 -0.0315972 -0.0360077 0.998831
74 0.0452457 -0.0305639 0.239493 -0.00541301 -0.0350807 -0.0382932 0.998636
75 0.0528156 -0.0310831 0.247388 -0.00383961 -0.0387787 -0.0414286 0.998381
76 0.0529536 -0.0228881 0.254289 -0.00422121 -0.0422159 -0.0446212 0.998103
77 0.0597771 -0.0314844 0.263996 -0.00570362 -0.0458155 -0.048265 0.997767
78 0.0591559 -0.0313641 0.272892 -0.00552023 -0.0485423 -0.0518921 0.997457
79 0.05842 -0.0312414 0.2805 -0.0047175 -0.0519441 -0.0550552 0.99712
80 0.0656672 -0.0319454 0.289518 -0.0054054 -0.0563842 -0.0580349 0.996706
81 0.0648238 -0.0318048 0.298237 -0.00598284 -0.060324 -0.0618958 0.99624
82 0.0637724 -0.0316342 0.306975 -0.0064248 -0.0647055 -0.0656108 0.995724
83 0.070766 -0.0324664 0.31635 -0.00831921 -0.0687095 -0.0687642 0.995229
84 0.069829 -0.0323143 0.324136 -0.0100281 -0.0728626 -0.0715439 0.994722
85 0.0686746 -0.03207 0.332093 -0.0104851 -0.077356 -0.0743095 0.994175
86 0.0755649 -0.0329753 0.342061 -0.0106409 -0.0818322 -0.0771423 0.993599
87 0.0742584 -0.0326988 0.351066 -0.0103437 -0.0859505 -0.080184 0.993014
88 0.080876 -0.0337094 0.361158 -0.0104168 -0.089512 -0.083164 0.992453
89 0.0794669 -0.0334232 0.369368 -0.00998465 -0.0927707 -0.0870213 0.991827
90 0.085716 -0.034359 0.381608 -0.00886256 -0.096438 -0.090036 0.991219
91 0.0840112 -0.0340128 0.391542 -0.00886463 -0.0994773 -0.0931266 0.990633
92 0.0820065 -0.0336426 0.401594 -0.00896198 -0.102899 -0.0950935 0.990095
93 0.0882241 -0.0348319 0.412309 -0.00991849 -0.106874 -0.0966544 0.989514
94 0.0863135 -0.0344791 0.421889 -0.0103045 -0.111191 -0.0984081 0.988861
95 0.0924602 -0.0356553 0.432959 -0.0113599 -0.116133 -0.100795 0.988041
96 0.0878184 -0.0434322 0.445444 -0.0121368 -0.121009 -0.104347 0.987077
97 0.0937336 -0.0446624 0.456939 -0.0105826 -0.125127 -0.108113 0.986176
98 0.0996802 -0.0458989 0.468301 -0.00994799 -0.129299 -0.111817 0.985231
99 0.102861 -0.0555171 0.481734 -0.00982151 -0.133398 -0.116182 0.98418
100 0.100553 -0.0550737 0.490567 -0.00719054 -0.137621 -0.118293 0.983369
101 0.0982356 -0.0546286 0.499432 -0.0046906 -0.141737 -0.12059 0.982521
102 0.111748 -0.0582804 0.51247 -0.00308576 -0.146259 -0.122881 0.98158
103 0.117028 -0.0598754 0.524097 0.000107849 -0.151209 -0.125092 0.980555
104 0.103893 -0.0656627 0.532395 0.00246266 -0.155255 -0.127273 0.979638
105 0.109632 -0.0675889 0.542249 0.00474926 -0.159023 -0.129096 0.978787
106 0.107061 -0.0672963 0.550276 0.00741682 -0.162976 -0.130516 0.977931
107 0.112997 -0.0692449 0.559517 0.00840829 -0.16696 -0.132295 0.977012
108 0.107503 -0.0773335 0.569494 0.0102815 -0.171291 -0.133923 0.976022
109 0.11281 -0.0794516 0.579695 0.0131358 -0.176429 -0.13445 0.974999
110 0.110547 -0.0792782 0.586015 0.0157084 -0.182536 -0.13459 0.973817
111 0.115826 -0.0813942 0.596295 0.0179844 -0.188728 -0.134729 0.972577
112 0.120766 -0.0835762 0.606084 0.019902 -0.194613 -0.1353 0.9713
113 0.118006 -0.0834584 0.612971 0.0224656 -0.200731 -0.13582 0.969925
114 0.115402 -0.0833473 0.619468 0.0243454 -0.206648 -0.136727 0.968509
115 0.11989 -0.0856264 0.629577 0.0257785 -0.212052 -0.138156 0.9671
116 0.116722 -0.0855536 0.636687 0.0276398 -0.217522 -0.138887 0.965728
117 0.120583 -0.0878183 0.6482 0.0288447 -0.224031 -0.13972 0.964083
118 0.123915 -0.090166 0.660024 0.0307516 -0.231213 -0.140183 0.96226
119 0.120068 -0.0901049 0.667874 0.0326949 -0.237372 -0.141192 0.960547
120 0.116482 -0.090048 0.675191 0.0338408 -0.243803 -0.142714 0.95867
121 0.118755 -0.0924191 0.687719 0.0356922 -0.250494 -0.144813 0.956561
122 0.114704 -0.0923792 0.695181 0.0370452 -0.256974 -0.146262 0.954568
123 0.117187 -0.0947524 0.707322 0.0383388 -0.263195 -0.1473 0.95266
124 0.118915 -0.0971536 0.71954 0.039859 -0.26988 -0.148325 0.950566
125 0.114641 -0.0971162 0.726696 0.0416841 -0.276331 -0.149798 0.948401
126 0.116292 -0.0995167 0.739043 0.0427467 -0.282335 -0.151764 0.94627
127 0.118131 -0.101943 0.749976 0.0438474 -0.288262 -0.154109 0.944051
128 0.119508 -0.104365 0.761616 0.0455766 -0.294143 -0.155468 0.94193
129 0.125273 -0.0992835 0.77105 0.0461795 -0.2996 -0.157009 0.939923
130 0.126968 -0.101784 0.781625 0.0453106 -0.305361 -0.158604 0.937841
131 0.128657 -0.104284 0.792208 0.0448965 -0.311586 -0.159549 0.935651
132 0.124545 -0.104232 0.798018 0.0453301 -0.317752 -0.161215 0.933267
133 0.126253 -0.106655 0.80776 0.0450168 -0.324034 -0.16375 0.930678
134 0.127278 -0.109058 0.818393 0.046304 -0.330207 -0.165657 0.928104
135 0.13343 -0.104274 0.826511 0.0468888 -0.336994 -0.167662 0.925271
136 0.134043 -0.106707 0.837099 0.0463253 -0.344052 -0.169388 0.922383
137 0.13116 -0.106589 0.840565 0.0455765 -0.350568 -0.17017 0.919819
138 0.141798 -0.104514 0.854551 0.0456746 -0.357853 -0.170019 0.917032
139 0.137473 -0.104269 0.859314 0.0460905 -0.365913 -0.170019 0.913826
140 0.143476 -0.101971 0.87818 0.0440969 -0.381154 -0.170484 0.907586
141 0.13872 -0.101635 0.882928 0.0437887 -0.389177 -0.169781 0.904322
142 0.147636 -0.099464 0.898226 0.0427529 -0.397063 -0.169137 0.901058
143 0.147018 -0.101647 0.908719 0.041588 -0.40448 -0.168613 0.897906
144 0.143046 -0.101336 0.912424 0.0412707 -0.411391 -0.168305 0.894834
145 0.139296 -0.101013 0.915714 0.0419976 -0.418766 -0.167609 0.891503
146 0.133304 -0.100497 0.920971 0.0436198 -0.426014 -0.16736 0.888032
147 0.127621 -0.100017 0.925637 0.0436373 -0.43263 -0.168017 0.884702
148 0.122854 -0.0996141 0.929551 0.0430971 -0.43952 -0.168671 0.881201
149 0.117208 -0.0990967 0.933915 0.0428976 -0.44638 -0.169237 0.877647
150 0.114838 -0.101129 0.94517 0.0427907 -0.452694 -0.16974 0.874314
151 0.109247 -0.100617 0.949492 0.0429343 -0.459137 -0.169702 0.870948
152 0.10288 -0.099983 0.953985 0.0436803 -0.466083 -0.169728 0.867209
153 0.0989783 -0.101837 0.965864 0.0445328 -0.472551 -0.169863 0.863631
154 0.0926604 -0.101201 0.97004 0.0450175 -0.478394 -0.170159 0.860325
155 0.0807234 -0.102202 0.986629 0.0450187 -0.488464 -0.170013 0.854677
156 0.0761252 -0.103924 0.997939 0.0442335 -0.494307 -0.170038 0.851347
157 0.0690168 -0.103178 1.00228 0.0442225 -0.500214 -0.170142 0.847869
158 0.0623125 -0.102476 1.00637 0.0436915 -0.506095 -0.17132 0.844161
159 0.0577614 -0.104145 1.01721 0.0433765 -0.511874 -0.172271 0.840492
160 0.0515443 -0.103433 1.02067 0.0439786 -0.517573 -0.173679 0.836672
161 0.0448326 -0.102664 1.02441 0.0440129 -0.522692 -0.17577 0.833043
162 0.0393758 -0.101984 1.02718 0.0431809 -0.527788 -0.17727 0.829549
163 0.0343907 -0.103599 1.03783 0.0429144 -0.533746 -0.178123 0.825558
164 0.0280739 -0.102812 1.04104 0.0425724 -0.539828 -0.179438 0.821326
165 0.0227828 -0.102085 1.04346 0.0415333 -0.545542 -0.180262 0.817413
166 0.0181875 -0.103708 1.05353 0.0409112 -0.551479 -0.180012 0.813506
167 0.0117117 -0.102819 1.0565 0.0413603 -0.556901 -0.18015 0.809751
168 0.00655045 -0.102067 1.05862 0.04042 -0.561961 -0.181158 0.806069
169 0.00138347 -0.103503 1.06836 0.040177 -0.567273 -0.181097 0.802366
170 -0.00429274 -0.102675 1.07069 0.0404105 -0.572805 -0.181007 0.798435
171 -0.00960217 -0.101859 1.07264 0.0390951 -0.578078 -0.18142 0.794597
172 -0.0142448 -0.101146 1.07434 0.0370283 -0.583165 -0.181289 0.791001
173 -0.0134388 -0.0961998 1.08427 0.035301 -0.588799 -0.180074 0.787174
174 -0.0179977 -0.0954407 1.08574 0.0336603 -0.594935 -0.178712 0.782931
175 -0.0222235 -0.094737 1.08711 0.0317172 -0.600605 -0.177522 0.778943
176 -0.0261692 -0.0940543 1.08826 0.0299914 -0.606864 -0.175914 0.774513
177 -0.0256036 -0.0890564 1.09772 0.0282453 -0.613245 -0.174985 0.769749
178 -0.028684 -0.0885038 1.09851 0.0267733 -0.619579 -0.174022 0.764933
179 -0.0319076 -0.0879256 1.09935 0.0256021 -0.6261 -0.172432 0.760007
180 -0.0350466 -0.0873471 1.10005 0.0239794 -0.632377 -0.171015 0.755168
181 -0.0377075 -0.0868567 1.10064 0.0224125 -0.638658 -0.169628 0.750227
182 -0.040364 -0.0863533 1.10115 0.0215139 -0.645188 -0.168072 0.744997
183 -0.0454887 -0.0853822 1.10212 0.0198256 -0.659 -0.165712 0.733393
184 -0.047774 -0.0849376 1.10243 0.0203838 -0.666246 -0.164409 0.727098
185 -0.0507397 -0.0843606 1.10282 0.020428 -0.673134 -0.163839 0.720854
186 -0.0526363 -0.0839897 1.103 0.0198704 -0.679646 -0.164481 0.714586
187 -0.0558925 -0.0852718 1.11057 0.0192714 -0.685991 -0.164973 0.708398
188 -0.0576985 -0.0849043 1.11068 0.017992 -0.692041 -0.166543 0.702153
189 -0.059328 -0.0865174 1.11802 0.0169361 -0.697959 -0.16881 0.695751
190 -0.0594236 -0.0864966 1.11802 0.0183528 -0.704158 -0.169941 0.689163
191 -0.0618321 -0.0879085 1.12512 0.019991 -0.710375 -0.170466 0.682575
192 -0.0640599 -0.0894303 1.13212 0.0199968 -0.715953 -0.171633 0.676427
193 -0.0641958 -0.0894004 1.13212 0.0196328 -0.72122 -0.17266 0.670555
194 -0.0644831 -0.0893347 1.13211 0.0195773 -0.726543 -0.17294 0.664713
195 -0.0668244 -0.0909198 1.13924 0.0192814 -0.73157 -0.17298 0.659175
196 -0.06771 -0.0907122 1.13918 0.0186221 -0.736426 -0.172862 0.653796
197 -0.0696323 -0.0924125 1.14629 0.0178273 -0.74144 -0.173112 0.64806
198 -0.0699815 -0.0923306 1.14627 0.0175773 -0.746119 -0.172789 0.642761
199 -0.070759 -0.0921411 1.14617 0.0171208 -0.750703 -0.172036 0.637617
200 -0.0731088 -0.0937475 1.1532 0.0158522 -0.755144 -0.171711 0.632472
201 -0.0732943 -0.0937023 1.15318 0.0149947 -0.759586 -0.171199 0.627292
202 -0.0734701 -0.093658 1.15315 0.0145722 -0.763889 -0.170488 0.62225
203 -0.0736187 -0.0936206 1.15312 0.0142687 -0.768236 -0.169496 0.617156
204 -0.0754596 -0.0953402 1.16019 0.0141246 -0.772379 -0.168369 0.612277
205 -0.0753239 -0.0953749 1.16022 0.0136605 -0.776412 -0.167205 0.607487
206 -0.074988 -0.0954607 1.16029 0.0139233 -0.780675 -0.165473 0.602471
207 -0.0760847 -0.0951805 1.16007 0.0138025 -0.784883 -0.162696 0.597744
208 -0.076761 -0.0950092 1.1599 0.0133307 -0.788678 -0.160799 0.593257
209 -0.0775988 -0.0947969 1.15969 0.0119634 -0.792412 -0.159491 0.588645
210 -0.0778371 -0.0947365 1.15963 0.0108488 -0.79586 -0.158656 0.584223
211 -0.0777844 -0.09475 1.15965 0.00975748 -0.799181 -0.157498 0.580008
212 -0.0783727 -0.0945989 1.15948 0.00886971 -0.80266 -0.155847 0.575647
213 -0.0786846 -0.0945187 1.15939 0.00805955 -0.805737 -0.154692 0.571659
214 -0.0783368 -0.0946091 1.1595 0.00729217 -0.808579 -0.153765 0.567894
215 -0.0782817 -0.0946234 1.15952 0.00702193 -0.811461 -0.152212 0.564193
216 -0.0843433 -0.100508 1.15602 0.00683475 -0.814504 -0.150622 0.560222
217 -0.0844289 -0.100485 1.15599 0.00644304 -0.817653 -0.148613 0.556162
218 -0.0840616 -0.100581 1.15612 0.0063936 -0.820641 -0.146795 0.55223
219 -0.0881487 -0.10491 1.14536 0.00686484 -0.823647 -0.145112 0.548179
220 -0.0882597 -0.104882 1.14532 0.00778115 -0.826489 -0.143185 0.544384
221 -0.0880187 -0.104943 1.14541 0.00913532 -0.829086 -0.141586 0.540821
222 -0.0921122 -0.10932 1.13445 0.0103869 -0.831411 -0.139692 0.537712
223 -0.0926803 -0.109174 1.13422 0.0109043 -0.833766 -0.137325 0.534655
224 -0.0925509 -0.109206 1.13428 0.0107467 -0.836234 -0.135121 0.531356
225 -0.0991015 -0.115064 1.13004 0.0111577 -0.838968 -0.132745 0.527625
226 -0.09775 -0.113375 1.12256 0.0113362 -0.841637 -0.130594 0.523893
227 -0.0978947 -0.11334 1.1225 0.011952 -0.844172 -0.128166 0.520388
228 -0.0992781 -0.11302 1.12183 0.0124284 -0.846275 -0.125595 0.517581
229 -0.0997247 -0.112916 1.12161 0.0122356 -0.848042 -0.123633 0.51516
230 -0.104702 -0.117266 1.10968 0.0119716 -0.850052 -0.121451 0.512365
231 -0.104828 -0.117237 1.10962 0.0123926 -0.851982 -0.119184 0.509674
232 -0.105426 -0.117107 1.10931 0.0134533 -0.853876 -0.116618 0.507066
233 -0.112766 -0.122951 1.10427 0.014773 -0.855417 -0.113985 0.505026
234 -0.111811 -0.121304 1.09641 0.0161655 -0.856697 -0.111849 0.503288
235 -0.112382 -0.121179 1.09611 0.0178728 -0.857781 -0.110026 0.501784
236 -0.113401 -0.120956 1.09558 0.0188711 -0.858784 -0.107936 0.500483
237 -0.119856 -0.127141 1.09081 -0.0219925 0.860671 0.104184 -0.497903
238 -0.118628 -0.125604 1.08301 -0.0238607 0.86183 0.101468 -0.49637
239 -0.124394 -0.131921 1.07861 -0.0260876 0.863103 0.0987874 -0.494585
240 -0.131406 -0.137999 1.07353 -0.028477 0.864436 0.095084 -0.492847
241 -0.132363 -0.137847 1.07298 -0.0310005 0.865691 0.0912437 -0.491215
242 -0.139772 -0.144074 1.06744 -0.0332219 0.866587 0.0876855 -0.490138
243 -0.138452 -0.142601 1.05963 -0.0350831 0.867435 0.0841696 -0.489122
244 -0.146585 -0.148713 1.05368 -0.0361239 0.868082 0.0808687 -0.488456
245 -0.147559 -0.148593 1.05309 -0.0361397 0.868938 0.0780417 -0.487391
246 -0.152839 -0.153797 1.04005 -0.0365315 0.869937 0.0748549 -0.486077
247 -0.155331 -0.155034 1.04721 -0.0372375 0.870935 0.0714091 -0.484754
248 -0.161189 -0.160167 1.03382 -0.0385665 0.871832 0.0678386 -0.483549
249 -0.161852 -0.160085 1.03343 -0.0395057 0.872731 0.0644849 -0.482309
250 -0.168212 -0.166936 1.02831 -0.0405175 0.873834 0.0611412 -0.480659
251 -0.168703 -0.166893 1.02801 -0.0420944 0.875169 0.0573768 -0.478555
252 -0.173584 -0.172539 1.01506 -0.0440846 0.876437 0.0542369 -0.476416
253 -0.173993 -0.172503 1.0148 -0.0461347 0.877847 0.0510996 -0.473967
254 -0.179316 -0.178258 1.00158 -0.0484879 0.879217 0.0474938 -0.471562
255 -0.180256 -0.178206 1.00096 -0.0507587 0.880478 0.0441031 -0.469293
256 -0.181363 -0.178145 1.00024 -0.052818 0.881836 0.040706 -0.466817
257 -0.187457 -0.18502 0.995141 -0.0547524 0.883077 0.0382561 -0.464449
258 -0.188988 -0.184989 0.99409 -0.055852 0.884331 0.0362831 -0.462086
259 -0.193423 -0.191069 0.981113 -0.0568367 0.885824 0.0336187 -0.459299
260 -0.195175 -0.191034 0.979911 -0.0586558 0.887402 0.0305031 -0.456231
261 -0.201109 -0.198131 0.97467 -0.0602698 0.888758 0.0280667 -0.45353
262 -0.20318 -0.198143 0.973169 -0.0614044 0.890237 0.0262027 -0.450578
263 -0.207336 -0.204636 0.959744 -0.0623237 0.891969 0.0241723 -0.447127
264 -0.210649 -0.204656 0.957341 -0.0639524 0.893792 0.0213093 -0.443387
265 -0.212979 -0.20467 0.955652 -0.0658483 0.895259 0.0194779 -0.440223
266 -0.216251 -0.204765 0.953121 -0.0667657 0.896618 0.018773 -0.43734
267 -0.218802 -0.203959 0.941754 -0.0678117 0.898155 0.017451 -0.434068
268 -0.2217 -0.211495 0.938231 -0.0694076 0.899648 0.0156559 -0.43078
269 -0.224986 -0.211591 0.935689 -0.0712751 0.900782 0.0135052 -0.428169
270 -0.227715 -0.211721 0.933456 -0.072249 0.901752 0.0118901 -0.426006
271 -0.22991 -0.21846 0.920705 -0.0723183 0.903086 0.0109149 -0.423186
272 -0.23231 -0.217746 0.909144 -0.0723566 0.904642 0.00881136 -0.419891
273 -0.236636 -0.218779 0.915199 -0.0729658 0.906252 0.00699506 -0.416336
274 -0.238127 -0.218022 0.904382 -0.0735253 0.907568 0.00602641 -0.413374
275 -0.241105 -0.218219 0.901773 -0.0740024 0.908973 0.00524872 -0.4102
276 -0.243798 -0.217682 0.889538 -0.0746493 0.910322 0.0039266 -0.407094
277 -0.246935 -0.21789 0.88679 -0.0758911 0.911475 0.00243413 -0.404288
278 -0.249379 -0.218052 0.884648 -0.0769098 0.912517 0.00163836 -0.401741
279 -0.251577 -0.217482 0.872848 -0.0770931 0.91354 0.00133121 -0.399373
280 -0.253871 -0.216992 0.860272 -0.0773288 0.914736 0.000722992 -0.396583
281 -0.257575 -0.217292 0.856816 -0.0775175 0.916161 0.000207093 -0.393243
282 -0.261562 -0.217615 0.853097 -0.0778547 0.917794 -5.29017e-05 -0.38935
283 -0.265077 -0.2179 0.849817 -0.0775358 0.919562 4.2616e-07 -0.385218
284 -0.269248 -0.218252 0.845677 -0.0773505 0.921441 0.000310366 -0.38074
285 -0.270675 -0.217704 0.83322 -0.0771093 0.92328 0.000648693 -0.376309
286 -0.274268 -0.218007 0.829654 -0.0761549 0.925145 0.000946102 -0.371895
287 -0.277827 -0.218308 0.826121 -0.0748248 0.927076 0.00105963 -0.367329
288 -0.282202 -0.218648 0.821432 -0.0727941 0.929186 0.00166669 -0.362369
289 -0.287125 -0.219031 0.816156 -0.0708875 0.931044 0.00206603 -0.357949
290 -0.29379 -0.211637 0.810634 -0.0691526 0.932912 0.00136862 -0.3534
291 -0.298937 -0.211998 0.80478 -0.0680933 0.93472 0.00152908 -0.348796
292 -0.30511 -0.20452 0.799318 -0.0668751 0.936331 0.00291904 -0.344678
293 -0.311514 -0.204969 0.792034 -0.0649067 0.9379 0.00339541 -0.340762
294 -0.317738 -0.205406 0.784955 -0.0635759 0.939469 0.00299094 -0.33667
295 -0.323736 -0.205759 0.777627 -0.0626834 0.941012 0.00288646 -0.332505
296 -0.333358 -0.206914 0.777951 -0.0623074 0.942482 0.00311872 -0.328383
297 -0.340434 -0.199631 0.770786 -0.0621296 0.943846 0.00430453 -0.324464
298 -0.34607 -0.207661 0.762422 -0.0610734 0.945295 0.00581692 -0.320397
299 -0.352335 -0.207951 0.754213 -0.0597577 0.946785 0.00679448 -0.316198
300 -0.362732 -0.209071 0.753205 -0.0583007 0.948191 0.00817451 -0.312198
301 -0.36932 -0.209377 0.744572 -0.0564042 0.949628 0.00936425 -0.30812
302 -0.379694 -0.210495 0.743594 -0.0553435 0.951058 0.010376 -0.30384
303 -0.386152 -0.21065 0.734504 -0.0551036 0.952411 0.0117117 -0.299565
304 -0.396524 -0.21159 0.732772 -0.0551385 0.953743 0.0132947 -0.295223
305 -0.40693 -0.212531 0.730994 -0.0554881 0.955198 0.0142375 -0.290371
306 -0.413282 -0.212684 0.722052 -0.0562291 0.956583 0.0145076 -0.285617
307 -0.423312 -0.213583 0.720338 -0.057317 0.957824 0.0149961 -0.281181
308 -0.429593 -0.206177 0.712337 -0.0578731 0.959036 0.0163977 -0.276826
309 -0.43501 -0.213676 0.702485 -0.058108 0.960261 0.0178781 -0.272402
310 -0.450146 -0.20798 0.708156 -0.0580416 0.961601 0.0182455 -0.267624
311 -0.460732 -0.208858 0.705025 -0.0580683 0.962894 0.0185905 -0.262903
312 -0.465996 -0.201378 0.698067 -0.0573008 0.964255 0.0193278 -0.257984
313 -0.475089 -0.202267 0.697409 -0.0561988 0.965795 0.0197704 -0.252371
314 -0.48448 -0.203098 0.695897 -0.0554042 0.967269 0.0205635 -0.246777
315 -0.493253 -0.19651 0.6973 -0.0553418 0.968628 0.0218021 -0.241292
316 -0.498821 -0.196398 0.687387 -0.0556811 0.969678 0.0230842 -0.236835
317 -0.503569 -0.196209 0.67827 -0.0554601 0.970588 0.0252681 -0.232903
318 -0.512138 -0.189606 0.67987 -0.054707 0.971406 0.027089 -0.229444
319 -0.520645 -0.190423 0.679657 -0.0536794 0.972235 0.0278111 -0.226063
320 -0.525398 -0.190233 0.670532 -0.0526232 0.972984 0.0282266 -0.223018
321 -0.535425 -0.190857 0.666946 -0.0516546 0.973633 0.0291601 -0.220273
322 -0.536513 -0.183381 0.666682 -0.0502491 0.974256 0.030769 -0.21761
323 -0.540861 -0.183068 0.657738 -0.0493425 0.974965 0.0318589 -0.21446
324 -0.528046 -0.179953 0.632974 -0.048994 0.975684 0.0327705 -0.21111
325 -0.552642 -0.176167 0.652516 -0.048662 0.976297 0.0340331 -0.20813
326 -0.55696 -0.175681 0.642913 -0.0481967 0.976888 0.0353719 -0.205221
327 -0.560886 -0.175238 0.634184 -0.047629 0.977313 0.0363242 -0.203151
328 -0.56785 -0.168661 0.638874 -0.0470584 0.977589 0.0374906 -0.201739
329 -0.572429 -0.168145 0.628691 -0.046211 0.977814 0.0385948 -0.200635
330 -0.57064 -0.166759 0.614493 -0.0454819 0.97804 0.039764 -0.199468
331 -0.583742 -0.161078 0.623711 -0.0450264 0.978248 0.0410058 -0.198297
332 -0.587655 -0.160637 0.61501 -0.044618 0.978371 0.0425984 -0.197445
333 -0.591868 -0.160162 0.605641 -0.0447344 0.978508 0.0437046 -0.196499
334 -0.594055 -0.15243 0.60249 -0.0454356 0.978526 0.0448788 -0.195983
335 -0.597543 -0.15182 0.594239 -0.0453386 0.978348 0.0479986 -0.196155
336 -0.604516 -0.157949 0.57572 -0.045241 0.978288 0.0504308 -0.195862
337 -0.608352 -0.157278 0.566647 -0.0452894 0.978369 0.0521626 -0.194992
338 -0.611324 -0.156758 0.559615 -0.0450583 0.978544 0.0540152 -0.19366
339 -0.614204 -0.156254 0.552801 -0.0445163 0.978782 0.0548356 -0.192346
340 -0.623784 -0.15657 0.549295 -0.044004 0.979082 0.0548456 -0.190928
341 -0.627886 -0.155852 0.539591 -0.0443776 0.979338 0.0548114 -0.189535
342 -0.626094 -0.154175 0.524675 -0.0448752 0.979401 0.0551664 -0.188991
343 -0.629991 -0.153493 0.515457 -0.0446614 0.979398 0.0565963 -0.188629
344 -0.633023 -0.152732 0.507988 -0.0441573 0.979494 0.0578273 -0.187877
345 -0.636293 -0.151911 0.499934 -0.0441739 0.979665 0.0582003 -0.186865
346 -0.640122 -0.15095 0.490505 -0.0440797 0.979806 0.0581244 -0.186168
347 -0.643851 -0.150014 0.481321 -0.0440072 0.979853 0.0584708 -0.185832
348 -0.647852 -0.14901 0.471468 -0.0432825 0.979836 0.0591548 -0.185874
349 -0.645461 -0.147053 0.457538 -0.042404 0.979783 0.0601364 -0.186041
350 -0.649634 -0.146005 0.447262 -0.0414075 0.979766 0.0610245 -0.186065
351 -0.653626 -0.145003 0.437431 -0.0403442 0.979765 0.0623921 -0.185852
352 -0.657346 -0.144069 0.428268 -0.0394125 0.979786 0.0635694 -0.185541
353 -0.660422 -0.143297 0.420694 -0.0383263 0.979922 0.0644014 -0.184761
354 -0.663482 -0.142529 0.413156 -0.0376284 0.980116 0.0642353 -0.183931
355 -0.660292 -0.140773 0.401197 -0.0368183 0.98035 0.0641155 -0.182889
356 -0.669535 -0.14101 0.39825 -0.035384 0.980728 0.064005 -0.181172
357 -0.672231 -0.140333 0.391609 -0.0343239 0.981235 0.063077 -0.178946
358 -0.676265 -0.139068 0.381079 -0.0339796 0.981674 0.061856 -0.17702
359 -0.676909 -0.131549 0.381296 -0.0332808 0.981994 0.0624511 -0.175159
360 -0.679703 -0.130672 0.374002 -0.0320584 0.982416 0.0641275 -0.17239
361 -0.68269 -0.129736 0.366206 -0.0312692 0.982998 0.0650317 -0.168841
362 -0.679551 -0.127849 0.35352 -0.0310384 0.983656 0.065505 -0.16482
363 -0.682485 -0.126929 0.345862 -0.0311666 0.984209 0.0667751 -0.160942
364 -0.684451 -0.126186 0.340109 -0.0310714 0.984772 0.067697 -0.157086
365 -0.686785 -0.125303 0.333278 -0.0315325 0.985382 0.0668597 -0.153483
366 -0.690347 -0.123955 0.322854 -0.0323563 0.985951 0.065911 -0.150031
367 -0.609374 -0.11721 0.298506 -0.0311666 0.984209 0.0667751 -0.160942
368 -0.688698 -0.121181 0.303923 -0.0326156 0.987104 0.0681002 -0.141154
369 -0.666849 -0.118479 0.292193 -0.0326156 0.987104 0.0681002 -0.141154
370 -0.69243 -0.11953 0.291388 -0.0325263 0.988425 0.0686127 -0.131342
371 -0.694997 -0.118395 0.282769 -0.0322808 0.989164 0.0674934 -0.126323
372 -0.698919 -0.12453 0.267195 -0.0317406 0.989896 0.0664223 -0.121185
373 -0.700594 -0.123681 0.260597 -0.0313191 0.990661 0.0644785 -0.115984
374 -0.703074 -0.122423 0.250827 -0.0310593 0.99139 0.0619963 -0.111073
375 -0.705347 -0.12127 0.24187 -0.0302247 0.991917 0.0612358 -0.106945
376 -0.707696 -0.128066 0.228498 -0.0288076 0.992367 0.0610041 -0.10323
377 -0.708669 -0.1195 0.226949 -0.0276262 0.992892 0.0586799 -0.0997949
378 -0.711026 -0.118244 0.216363 -0.0272561 0.993385 0.057301 -0.0957119
379 -0.712957 -0.117215 0.207687 -0.0270856 0.993797 0.0575327 -0.091231
380 -0.696468 -0.115947 0.203134 -0.0270856 0.993797 0.0575327 -0.091231
381 -0.716304 -0.11523 0.189967 -0.026162 0.994539 0.0565915 -0.083695
382 -0.71764 -0.114438 0.182892 -0.0247382 0.99486 0.0565686 -0.0802605
383 -0.727463 -0.114135 0.176809 -0.0233899 0.995223 0.0562387 -0.0763008
384 -0.728618 -0.113325 0.169464 -0.0222515 0.995559 0.0555576 -0.0726649
385 -0.738541 -0.112907 0.162608 -0.0214489 0.995836 0.0550012 -0.0694588
386 -0.739755 -0.112055 0.154889 -0.0208346 0.996105 0.0547746 -0.0658761
387 -0.741371 -0.119373 0.141495 -0.020292 0.996411 0.0538487 -0.0620839
388 -0.742669 -0.118463 0.133249 -0.020412 0.996673 0.052404 -0.0589905
389 -0.752127 -0.118211 0.127851 -0.0205929 0.996899 0.0512305 -0.0560674
390 -0.753295 -0.125654 0.114797 -0.020412 0.997084 0.0504451 -0.0534978
391 -0.754173 -0.124905 0.107552 -0.0205632 0.997284 0.0486726 -0.051301
392 -0.76365 -0.124637 0.102004 -0.020136 0.997441 0.0470835 -0.0498832
393 -0.764473 -0.123936 0.0952157 -0.0195395 0.997596 0.0457356 -0.0482621
394 -0.765821 -0.131224 0.080669 -0.0186561 0.997745 0.0446096 -0.0465504
395 -0.775293 -0.130961 0.0751623 -0.0181553 0.997845 0.0432081 -0.0459302
396 -0.775831 -0.130473 0.0694366 -0.0179253 0.997994 0.0411502 -0.0446419
397 -0.785179 -0.130047 0.061186 -0.0179965 0.998162 0.03876 -0.0429659
398 -0.785909 -0.129385 0.0534246 -0.0185485 0.998265 0.0377198 -0.0412402
399 -0.786733 -0.136892 0.0409721 -0.0187679 0.998372 0.0372572 -0.0388986
400 -0.795876 -0.136652 0.0348942 -0.0189266 0.99854 0.0352055 -0.0363332
401 -0.796523 -0.136065 0.0280075 -0.0193846 0.998678 0.0337726 -0.0335571
402 -0.796963 -0.135639 0.021598 -0.019279 0.998819 0.031912 -0.0311679
403 -0.79748 -0.135138 0.0140645 -0.0190664 0.998972 0.0291955 -0.0289558
404 -0.80642 -0.135079 0.00845877 -0.0196577 0.999125 0.0262271 -0.0259607
405 -0.806826 -0.1429 -0.00257423 -0.0209257 0.999185 0.0248927 -0.0239189
406 -0.807227 -0.142512 -0.00841893 -0.0215929 0.999276 0.0221299 -0.0221853
407 -0.807534 -0.142218 -0.0151865 -0.0218143 0.99935 0.0200035 -0.0205767
408 -0.807848 -0.141918 -0.0221177 -0.0218269 0.999409 0.0188917 -0.018652
409 -0.808087 -0.14169 -0.0273793 -0.0212444 0.999467 0.0182106 -0.0168269
410 -0.808194 -0.149769 -0.0380599 -0.0208456 0.999545 0.0159836 -0.0148493
411 -0.817003 -0.149875 -0.0439408 -0.0210373 0.999595 0.0138215 -0.013299
412 -0.817295 -0.149596 -0.0503728 -0.0209552 0.999636 0.0121778 -0.0118624
413 -0.817606 -0.149299 -0.0572252 -0.0204081 0.999675 0.0111978 -0.0104309
414 -0.81776 -0.14914 -0.0644288 -0.0192739 0.999715 0.0108763 -0.00896363
415 -0.81791 -0.148986 -0.0714548 -0.0177177 0.999769 0.00979891 -0.00714659
416 -0.817762 -0.156915 -0.0801581 -0.0158432 0.999827 0.00864026 -0.00456232
417 -0.826064 -0.157057 -0.0887272 -0.0149525 0.999862 0.00707056 -0.00167723
418 -0.826239 -0.156876 -0.0969441 -0.0147861 0.99988 0.00453644 0.000457472
419 -0.826412 -0.156698 -0.105052 -0.0151301 0.999883 0.00123965 0.00192131
420 -0.826377 -0.156674 -0.114327 -0.0155745 0.999874 -0.000183961 0.00306751
421 -0.826343 -0.156651 -0.123385 -0.0158575 0.999869 -0.00161528 0.00281248
422 -0.826052 -0.165168 -0.13176 -0.0160737 0.999862 -0.00285088 0.00292838
423 -0.826014 -0.165142 -0.141831 -0.0163323 0.999853 -0.00426713 0.00285279
424 -0.825976 -0.165117 -0.151717 -0.0171493 0.999825 -0.00727126 0.00182683
425 -0.825941 -0.165094 -0.160974 -0.0187545 0.999783 -0.00907717 0.000442337
426 -0.825908 -0.165072 -0.169706 -0.0203891 0.999745 -0.00959889 -0.00111982
427 -0.825867 -0.165044 -0.180436 -0.0219369 0.999706 -0.00974518 -0.00349767
428 -0.825828 -0.165019 -0.190593 -0.0232502 0.999664 -0.0103829 -0.00491952
429 -0.82592 -0.165224 -0.200383 -0.0241751 0.999642 -0.0103858 -0.00491398
430 -0.82603 -0.16547 -0.212112 -0.0240945 0.999628 -0.0108746 -0.00667317
431 -0.826121 -0.165674 -0.221835 -0.0237148 0.999621 -0.0121113 -0.00700445
432 -0.826222 -0.165901 -0.232628 -0.0236426 0.999599 -0.01372 -0.00742447
433 -0.826315 -0.166111 -0.242612 -0.0231607 0.999584 -0.014798 -0.00875714
434 -0.82602 -0.174871 -0.253387 -0.0221918 0.999592 -0.0153953 -0.00925886
435 -0.826206 -0.175197 -0.26384 -0.0219521 0.999552 -0.0177753 -0.00989126
436 -0.826372 -0.175488 -0.27315 -0.0227826 0.999472 -0.0205526 -0.010667
437 -0.826581 -0.175914 -0.283386 -0.0241611 0.999389 -0.0221846 -0.0121071
438 -0.818283 -0.175955 -0.293594 -0.0259016 0.999283 -0.0239648 -0.013729
439 -0.818507 -0.17637 -0.302116 -0.0270838 0.999186 -0.0261432 -0.0145136
440 -0.810212 -0.176364 -0.311203 -0.0282598 0.999074 -0.0283646 -0.0157707
441 -0.810406 -0.176725 -0.318611 -0.0286916 0.998964 -0.0310381 -0.0168425
442 -0.810568 -0.177025 -0.324787 -0.029054 0.998869 -0.0330303 -0.018035
443 -0.810772 -0.177404 -0.332566 -0.0289293 0.998809 -0.034091 -0.0195198
444 -0.811126 -0.178066 -0.342093 -0.0289561 0.99879 -0.034103 -0.0204091
445 -0.811401 -0.17858 -0.349496 -0.028967 0.998782 -0.0341079 -0.0207699
446 -0.811753 -0.179238 -0.358969 -0.0287069 0.998846 -0.0325251 -0.0205924
447 -0.812034 -0.179764 -0.366542 -0.0287608 0.998814 -0.033202 -0.0210102
448 -0.812221 -0.180114 -0.371585 -0.0289925 0.998763 -0.0341193 -0.0216156
449 -0.812845 -0.18128 -0.388376 -0.0277107 0.998797 -0.0338765 -0.0220937
450 -0.813141 -0.181763 -0.39536 -0.0268243 0.998731 -0.0361523 -0.0225772
451 -0.813933 -0.17398 -0.403413 -0.0262723 0.998648 -0.0384745 -0.0230369
452 -0.814182 -0.174386 -0.409287 -0.0254742 0.998556 -0.0406378 -0.0241987
453 -0.81458 -0.175036 -0.418691 -0.0251824 0.99849 -0.0418993 -0.0250733
454 -0.815046 -0.175794 -0.429669 -0.024509 0.9985 -0.0416472 -0.0257456
455 -0.823782 -0.176935 -0.43929 -0.0240499 0.998483 -0.0421137 -0.0260751
456 -0.824074 -0.177411 -0.446178 -0.0243068 0.998378 -0.0441477 -0.0265016
457 -0.824497 -0.178099 -0.456139 -0.023984 0.998319 -0.0454718 -0.0267573
458 -0.82485 -0.178675 -0.464473 -0.0239044 0.998202 -0.0482777 -0.0262671
459 -0.825309 -0.179569 -0.473572 -0.0248814 0.998079 -0.0504799 -0.0259017
460 -0.825761 -0.180506 -0.482696 -0.0255183 0.997996 -0.0519318 -0.0256083
461 -0.826066 -0.181168 -0.488959 -0.0255926 0.997832 -0.0551269 -0.0252527
462 -0.827058 -0.174071 -0.50098 -0.0262979 0.997666 -0.057404 -0.0260092
463 -0.827399 -0.174881 -0.507914 -0.0275303 0.997508 -0.0593292 -0.0264536
464 -0.827887 -0.176061 -0.51768 -0.0286601 0.997347 -0.0609308 -0.027651
465 -0.836785 -0.177918 -0.529012 -0.0293976 0.997274 -0.0615071 -0.0282327
466 -0.836784 -0.187349 -0.537706 -0.0298711 0.997271 -0.061146 -0.0286263
467 -0.836812 -0.196649 -0.546746 -0.0299415 0.997232 -0.0611621 -0.0298373
468 -0.845965 -0.190312 -0.557302 -0.0297623 0.997059 -0.0634521 -0.0309915
469 -0.8543 -0.200477 -0.568637 -0.0297623 0.997059 -0.0634521 -0.0309915
470 -0.855287 -0.193477 -0.577708 -0.0305984 0.996727 -0.0675319 -0.0322169
471 -0.855354 -0.202807 -0.586606 -0.0319731 0.99623 -0.0732897 -0.0336577
472 -0.855915 -0.204141 -0.595486 -0.0338107 0.995713 -0.078418 -0.0355271
473 -0.86497 -0.198286 -0.606019 -0.0349196 0.995479 -0.0803129 -0.0367567
474 -0.865649 -0.199919 -0.615913 -0.0355969 0.995283 -0.0817565 -0.038204
475 -0.874289 -0.202234 -0.625989 -0.0363229 0.994986 -0.0847317 -0.0387855
476 -0.874446 -0.211658 -0.635296 -0.0373972 0.994766 -0.0864942 -0.0395085
477 -0.874521 -0.220932 -0.643539 -0.0373579 0.994682 -0.0871454 -0.0402235
478 -0.875193 -0.222543 -0.652509 -0.0370909 0.994569 -0.0887748 -0.0396859
479 -0.88355 -0.22473 -0.661126 -0.0370703 0.994425 -0.0907437 -0.0388735
480 -0.884172 -0.226222 -0.66943 -0.0373141 0.994335 -0.0921986 -0.0374932
481 -0.884799 -0.227948 -0.678516 -0.0374644 0.994246 -0.0937315 -0.0358672
482 -0.88584 -0.221872 -0.686481 -0.0376914 0.993945 -0.0968877 -0.0355622
483 -0.886275 -0.22315 -0.693106 -0.0377022 0.993881 -0.0983264 -0.0333442
484 -0.886626 -0.224329 -0.69893 -0.0381576 0.993831 -0.0990019 -0.0322973
485 -0.88704 -0.225787 -0.706094 -0.0380233 0.993881 -0.0989938 -0.0309029
486 -0.887452 -0.227234 -0.713196 -0.0374693 0.993799 -0.100485 -0.0293649
487 -0.887884 -0.228755 -0.720666 -0.0368689 0.993747 -0.101778 -0.0273511
488 -0.888196 -0.229853 -0.726054 -0.0365571 0.993612 -0.103818 -0.0249109
489 -0.888603 -0.231283 -0.733078 -0.0367348 0.993553 -0.104897 -0.022359
490 -0.896459 -0.233188 -0.739336 -0.0358686 0.993622 -0.105235 -0.0188494
491 -0.889396 -0.234074 -0.746781 -0.0352711 0.99369 -0.105371 -0.0152914
492 -0.889544 -0.235429 -0.753074 -0.035155 0.993663 -0.106223 -0.0107412
493 -0.889712 -0.236969 -0.760221 -0.034813 0.993666 -0.106621 -0.00695443
494 -0.890427 -0.231173 -0.768838 -0.0343007 0.99353 -0.108249 -0.00200616
495 -0.89809 -0.23337 -0.776425 -0.0333077 0.993404 -0.109686 0.00285914
496 -0.898488 -0.227606 -0.784006 -0.0326213 0.993276 -0.110876 0.00673963
497 -0.898932 -0.22108 -0.788169 -0.0325442 0.993131 -0.112028 0.00907411
498 -0.891566 -0.22211 -0.794978 -0.0323642 0.993127 -0.111881 0.0115446
499 -0.891467 -0.22378 -0.802466 -0.0323709 0.993116 -0.111769 0.0134417
500 -0.891868 -0.217954 -0.809767 -0.031683 0.992786 -0.114434 0.0166445
501 -0.899511 -0.213206 -0.819703 -0.0308348 0.992423 -0.117241 0.0199927
502 -0.899043 -0.215514 -0.829393 -0.0313457 0.992295 -0.117734 0.0224938
503 -0.891395 -0.216889 -0.836943 -0.0313662 0.992232 -0.117749 0.0250435
504 -0.890929 -0.219185 -0.846583 -0.0306862 0.992223 -0.117287 0.0281966
505 -0.897797 -0.22166 -0.855193 -0.0294867 0.992185 -0.117082 0.0314805
506 -0.897866 -0.216278 -0.864014 -0.0279806 0.99198 -0.117985 0.0356693
507 -0.897496 -0.21134 -0.874673 -0.0268479 0.991805 -0.118555 0.0393385
508 -0.889755 -0.212312 -0.880214 -0.0260622 0.991544 -0.119817 0.0424894
509 -0.889078 -0.214343 -0.8887 -0.0243561 0.991219 -0.121383 0.0464434
510 -0.888385 -0.216421 -0.897381 -0.023027 0.991023 -0.121703 0.0503051
511 -0.887345 -0.218781 -0.906917 -0.0226548 0.990882 -0.12164 0.0533248
512 -0.878971 -0.220915 -0.91656 -0.020007 0.990799 -0.122365 0.0542593
513 -0.878127 -0.216315 -0.928306 -0.0185826 0.990589 -0.12331 0.0564087
514 -0.870028 -0.217825 -0.935426 -0.0171476 0.990424 -0.124155 0.0578858
515 -0.862126 -0.212372 -0.944749 -0.0151152 0.99026 -0.12542 0.0585423
516 -0.853994 -0.213957 -0.952173 -0.0137022 0.990135 -0.126041 0.0596508
517 -0.853084 -0.216022 -0.960514 -0.0121498 0.989968 -0.127035 0.0606498
518 -0.851996 -0.218232 -0.969004 -0.0105256 0.98978 -0.128111 0.0617397
519 -0.844008 -0.21317 -0.977916 -0.0101213 0.989548 -0.129274 0.0630858
520 -0.842997 -0.215222 -0.985798 -0.00911684 0.98942 -0.129592 0.0645741
521 -0.84179 -0.224401 -0.992942 -0.00753586 0.989267 -0.129777 0.0667242
522 -0.840815 -0.219653 -1.00282 -0.00723225 0.989097 -0.12987 0.0690622
523 -0.839887 -0.221536 -1.01005 -0.00679708 0.988979 -0.129328 0.0717525
524 -0.831876 -0.22325 -1.01688 -0.0060306 0.988934 -0.128247 0.0743345
525 -0.830752 -0.225162 -1.02411 -0.00512401 0.988877 -0.126905 0.0773987
526 -0.829843 -0.226708 -1.02996 -0.00355384 0.988776 -0.125643 0.0807702
527 -0.828793 -0.221762 -1.03815 -0.00154923 0.98875 -0.123541 0.0843117
528 -0.828096 -0.222948 -1.04263 0.00106031 0.988678 -0.121686 0.0877931
529 -0.827094 -0.224341 -1.04816 0.00286113 0.988581 -0.119647 0.0915636
530 -0.825739 -0.219328 -1.05639 0.00401007 0.988551 -0.117169 0.0949836
531 -0.824913 -0.213579 -1.0617 0.00517088 0.988608 -0.11445 0.0976196
532 -0.824102 -0.214706 -1.06617 0.00591662 0.988602 -0.111869 0.100581
533 -0.823418 -0.215475 -1.06947 0.00750988 0.988394 -0.110792 0.103661
534 -0.822431 -0.20962 -1.07462 0.00863319 0.988244 -0.109263 0.106592
535 -0.821353 -0.210834 -1.07983 0.0102342 0.988058 -0.107441 0.109967
536 -0.820401 -0.204937 -1.0848 0.0105869 0.987845 -0.105863 0.113332
537 -0.819681 -0.205749 -1.08829 0.0111853 0.987791 -0.103075 0.116274
538 -0.818966 -0.206397 -1.09128 0.0110951 0.987727 -0.100002 0.119462
539 -0.817632 -0.20038 -1.09692 0.0111111 0.987619 -0.097496 0.122396
540 -0.816684 -0.201239 -1.10089 0.0111832 0.987337 -0.0953092 0.126319
541 -0.815663 -0.194939 -1.10522 0.011747 0.98697 -0.0934814 0.130438
542 -0.814869 -0.195522 -1.10817 0.0116921 0.986542 -0.091482 0.135018
543 -0.864607 -0.187013 -1.11418 0.0120287 0.985944 -0.0901802 0.140136
544 -0.893182 -0.186155 -1.11703 0.012984 0.985257 -0.0891448 0.145444
545 -0.921792 -0.185228 -1.1203 0.0128835 0.984588 -0.0868781 0.15124
546 -0.950535 -0.184216 -1.12312 0.0127415 0.983986 -0.0834039 0.157013
547 -0.979088 -0.183357 -1.12698 0.0122383 0.983254 -0.0805866 0.162997
548 -0.948369 -0.17104 -1.12979 0.0147973 0.982561 -0.0777461 0.168256
549 -0.977953 -0.169955 -1.1336 0.0148101 0.981791 -0.075196 0.173815
550 -0.999512 -0.169443 -1.13823 0.015543 0.980926 -0.0737636 0.179167
551 -1.02168 -0.16864 -1.14115 0.0157194 0.980097 -0.0724543 0.184157
552 -1.02789 -0.150888 -1.12501 0.01686 0.980675 -0.0746146 0.18007
553 -1.02686 -0.151337 -1.12773 0.0166417 0.980012 -0.0721315 0.184654
554 -1.04967 -0.158042 -1.1313 0.0157159 0.979282 -0.0700853 0.189336
555 -1.07266 -0.157126 -1.13443 0.0168551 0.97847 -0.0692876 0.193681
556 -1.09631 -0.15591 -1.13607 0.0176676 0.977658 -0.0688074 0.197834
557 -1.14416 -0.153275 -1.13804 0.0168072 0.977043 -0.067248 0.201448
558 -1.16729 -0.152257 -1.14095 0.0160671 0.976507 -0.0651614 0.204769
559 -1.14184 -0.154149 -1.14367 0.0151154 0.975969 -0.0637046 0.207842
560 -1.15733 -0.153768 -1.14781 0.0147005 0.975371 -0.0622309 0.211099
561 -1.17298 -0.153335 -1.1516 0.0141877 0.974795 -0.0608848 0.214166
562 -1.18037 -0.15326 -1.15447 0.0139406 0.974248 -0.0594199 0.217062
563 -1.19804 -0.152174 -1.15373 0.0126329 0.973677 -0.0576878 0.220151
564 -1.20527 -0.144156 -1.15688 0.0124013 0.973082 -0.0556446 0.223298
565 -1.21257 -0.144116 -1.15998 0.011547 0.97247 -0.0539348 0.226408
566 -1.21144 -0.144412 -1.1623 0.0113138 0.971768 -0.0523448 0.229782
567 -1.24351 -0.143496 -1.16874 0.0109916 0.971132 -0.0506539 0.232842
568 -1.20156 -0.137163 -1.16455 0.0114897 0.970493 -0.048225 0.235979
569 -1.20896 -0.137097 -1.16744 0.0116215 0.969806 -0.046129 0.239193
570 -1.22469 -0.136813 -1.17243 0.0135486 0.96905 -0.0437285 0.242582
571 -1.23965 -0.136688 -1.1789 0.013534 0.968188 -0.0410174 0.246469
572 -1.25478 -0.136435 -1.18509 0.0148281 0.967121 -0.0392389 0.250835
573 -1.26962 -0.136178 -1.19184 0.0161352 0.966042 -0.0371943 0.255185
574 -1.28461 -0.135838 -1.19834 0.016706 0.964986 -0.0349367 0.259429
575 -1.30753 -0.135215 -1.20741 0.0177662 0.963834 -0.0324956 0.263917
576 -1.32247 -0.1348 -1.21405 0.0185637 0.96268 -0.0299462 0.268338
577 -1.30426 -0.127516 -1.21265 0.0190311 0.961613 -0.0273396 0.272381
578 -1.31923 -0.127098 -1.21926 0.0189336 0.960503 -0.024966 0.276498
579 -1.31836 -0.127193 -1.22065 0.0181648 0.959399 -0.0225851 0.280558
580 -1.34864 -0.126096 -1.23195 0.0169292 0.958285 -0.0205413 0.284573
581 -1.31516 -0.119601 -1.22541 0.01534 0.95709 -0.0186357 0.288784
582 -1.31339 -0.119797 -1.22824 0.0146819 0.955852 -0.0162025 0.293035
583 -1.31184 -0.112394 -1.23029 0.0142291 0.95464 -0.0143605 0.297075
584 -1.31128 -0.112433 -1.23112 0.013092 0.953648 -0.0116414 0.300415
585 -1.30988 -0.112532 -1.23318 0.012363 0.952419 -0.00856461 0.304421
586 -1.30934 -0.11257 -1.23398 0.0121329 0.951148 -0.00628979 0.308432
587 -1.30931 -0.112571 -1.23403 0.0117349 0.949951 -0.00395308 0.312154
588 -1.30847 -0.112599 -1.23518 0.0111999 0.948688 -0.00151843 0.316012
589 -1.30786 -0.112619 -1.23603 0.0109375 0.947455 0.000732072 0.319702
590 -1.30722 -0.105136 -1.23666 0.0110691 0.946266 0.00248358 0.323192
591 -1.30675 -0.105138 -1.23727 0.0107481 0.944993 0.00522903 0.326871
592 -1.30646 -0.105139 -1.23764 0.0104418 0.943931 0.00753195 0.32989
593 -1.30518 -0.0978543 -1.23903 0.010213 0.942746 0.00916731 0.33323
594 -1.31143 -0.0976879 -1.24287 0.0102617 0.941673 0.0111035 0.336189
595 -1.31149 -0.0976892 -1.2428 0.0101496 0.940544 0.0133335 0.339258
596 -1.31144 -0.0976881 -1.24286 0.0103987 0.939569 0.015121 0.341869
597 -1.31117 -0.0976821 -1.24319 0.010713 0.938446 0.0165566 0.344863
598 -1.31108 -0.0903938 -1.24298 0.0107311 0.937287 0.0174734 0.347954
599 -1.31054 -0.0830954 -1.24333 0.0107474 0.936056 0.0185242 0.351199
600 -1.31053 -0.0830949 -1.24335 0.0110644 0.934852 0.0199453 0.354304
601 -1.31032 -0.0760114 -1.24324 0.0113127 0.93361 0.0217372 0.357451
602 -1.31043 -0.076016 -1.24311 0.0116279 0.932371 0.0242838 0.360499
603 -1.31059 -0.0760226 -1.24293 0.0115272 0.931043 0.0264293 0.36377
604 -1.31036 -0.076009 -1.24317 0.0114819 0.929508 0.0278888 0.367567
605 -1.30999 -0.0759864 -1.24358 0.0114452 0.928106 0.028653 0.371035
606 -1.30956 -0.0688899 -1.24362 0.0113258 0.926795 0.0293227 0.374249
607 -1.30924 -0.0688708 -1.24396 0.0108673 0.925592 0.0299153 0.377182
608 -1.30966 -0.0688961 -1.24351 0.0105782 0.9244 0.0305074 0.380055
609 -1.30858 -0.0688216 -1.2446 0.0102697 0.92305 0.032243 0.383189
610 -1.30834 -0.0688056 -1.24483 0.0104207 0.921687 0.0332348 0.386369
611 -1.30743 -0.0618805 -1.24533 0.0104547 0.920054 0.034648 0.390115
612 -1.30593 -0.0686395 -1.24727 0.0104565 0.918703 0.0357063 0.393193
613 -1.30522 -0.0685832 -1.24794 0.0122275 0.917078 0.0355464 0.396933
614 -1.30591 -0.0617775 -1.24683 0.0145177 0.914836 0.0359494 0.401959
615 -1.31153 -0.0546606 -1.25052 0.0156017 0.912531 0.037462 0.406989
616 -1.3102 -0.0545611 -1.25171 0.0153301 0.910731 0.0394053 0.410829
617 -1.3092 -0.0476331 -1.25205 0.0153688 0.909049 0.0412008 0.414363
618 -1.30836 -0.0475701 -1.25281 0.0143721 0.907088 0.044074 0.41838
619 -1.30481 -0.0541576 -1.25653 0.0133968 0.904829 0.0463347 0.423034
620 -1.30273 -0.0539608 -1.25826 0.0129307 0.902821 0.046831 0.427263
621 -1.29957 -0.0536624 -1.26089 0.012549 0.901069 0.0467443 0.430966
622 -1.29532 -0.0474427 -1.25522 0.0119295 0.899615 0.0469973 0.433984
623 -1.2921 -0.0471384 -1.2579 0.0112068 0.897872 0.0473284 0.437563
624 -1.28492 -0.0472556 -1.25505 0.0100972 0.896502 0.0481955 0.440295
625 -1.28332 -0.0471022 -1.2563 0.00971985 0.894844 0.0484213 0.443638
626 -1.27933 -0.046721 -1.25941 0.0104016 0.892895 0.0484652 0.447528
627 -1.27187 -0.0468116 -1.25678 0.0103258 0.891211 0.049582 0.450752
628 -1.26668 -0.0529647 -1.26134 0.0100835 0.889469 0.0502247 0.454115
629 -1.2641 -0.0527084 -1.2632 0.0104367 0.887991 0.0488215 0.457142
630 -1.2588 -0.0463452 -1.2583 0.0100692 0.88663 0.0480224 0.459869
631 -1.25051 -0.0463355 -1.25607 0.00931002 0.885001 0.0479644 0.463019
632 -1.24562 -0.0524998 -1.26012 0.00876119 0.883165 0.0479667 0.466521
633 -1.23755 -0.052512 -1.25773 0.00924272 0.88141 0.0470171 0.469914
634 -1.22912 -0.052494 -1.25536 0.00980324 0.879673 0.0460091 0.473246
635 -1.22521 -0.0521442 -1.25797 0.00999671 0.877634 0.0452999 0.477081
636 -1.21699 -0.0521449 -1.25546 0.0100156 0.875856 0.0444137 0.480419
637 -1.21134 -0.0457228 -1.25074 0.0103701 0.874193 0.0431181 0.483548
638 -1.20178 -0.045657 -1.24887 0.010107 0.872536 0.0429642 0.486552
639 -1.19373 -0.0457089 -1.24605 0.00993846 0.870974 0.0425182 0.489385
640 -1.18507 -0.0457123 -1.24362 0.00987822 0.869573 0.0419798 0.491918
641 -1.17981 -0.0453067 -1.2469 0.0100738 0.867992 0.0410034 0.494779
642 -1.17128 -0.0453206 -1.24438 0.0096552 0.866674 0.0409509 0.497098
643 -1.16201 -0.0452836 -1.24208 0.0101288 0.865561 0.0403267 0.499075
644 -1.15382 -0.0386693 -1.2387 0.0104918 0.864502 0.0400711 0.500919
645 -1.14735 -0.0448632 -1.24292 0.0100692 0.863308 0.0409451 0.502912
646 -1.13431 -0.0451807 -1.23511 0.010021 0.862352 0.0409361 0.504552
647 -1.13005 -0.0448777 -1.23759 0.0104709 0.861372 0.040246 0.506269
648 -1.12286 -0.0383345 -1.23363 0.0101023 0.860261 0.0402025 0.508167
649 -1.11184 -0.0448271 -1.23279 0.00927112 0.859505 0.0406387 0.509425
650 -1.10309 -0.0448274 -1.23019 0.00846101 0.858816 0.0406638 0.510598
651 -1.09757 -0.0444425 -1.23318 0.00768716 0.857927 0.040344 0.512127
652 -1.08802 -0.0443728 -1.23078 0.00731165 0.857316 0.0400833 0.513176
653 -1.07148 -0.0444113 -1.2246 0.00654985 0.857574 0.0405439 0.512718
654 -1.06157 -0.0443164 -1.2224 0.00675879 0.857448 0.0403278 0.512944
655 -1.05337 -0.0443411 -1.21926 0.00632354 0.857554 0.0407258 0.51274
656 -1.04478 -0.0443384 -1.21634 0.00649721 0.857731 0.040864 0.512431
657 -1.0353 -0.0442735 -1.21391 0.00668406 0.857331 0.0410748 0.513081
658 -1.02619 -0.0442342 -1.21127 0.00684287 0.856756 0.0417141 0.513987
659 -1.02076 -0.0438551 -1.21422 0.00720527 0.856461 0.0416791 0.514476
660 -1.00777 -0.0441422 -1.20611 0.00742411 0.856568 0.0421217 0.514259
661 -0.998499 -0.0440915 -1.20356 0.00700392 0.856472 0.042912 0.514359
662 -0.994817 -0.0371786 -1.20513 0.00638944 0.856556 0.0428071 0.514236
663 -0.98597 -0.0371577 -1.20235 0.00556858 0.857192 0.0431651 0.513154
664 -0.978309 -0.0305635 -1.1985 0.00464335 0.857514 0.0441493 0.512541
665 -0.972057 -0.0301275 -1.20189 0.00318011 0.857674 0.0458461 0.512136
666 -0.964974 -0.0235735 -1.19773 0.0018409 0.857496 0.0473605 0.512304
667 -0.955301 -0.0234951 -1.1954 8.76391e-05 0.857344 0.0484546 0.512459
668 -0.949432 -0.0230859 -1.19857 -0.0019056 0.857132 0.0493385 0.512725
669 -0.941396 -0.0164654 -1.19493 -0.00492812 0.857001 0.0509465 0.512766
670 -0.93554 -0.0158495 -1.19806 -0.00760234 0.857063 0.0521539 0.512508
671 -0.923616 -0.01522 -1.19687 -0.00913475 0.857063 0.0524846 0.51245
672 -0.920264 -0.00819312 -1.19833 -0.0109956 0.856954 0.0544164 0.512395
673 -0.906683 -0.0140635 -1.19836 -0.0123565 0.856661 0.0568792 0.512585
674 -0.89879 -0.0132335 -1.20258 -0.0123774 0.856111 0.0578431 0.513395
675 -0.894482 -0.00610612 -1.20455 -0.0123022 0.855892 0.0582991 0.51371
676 -0.882583 -0.00547909 -1.20335 -0.0133103 0.855373 0.0595312 0.514409
677 -0.874573 -0.00463674 -1.20762 -0.0136024 0.8548 0.0604739 0.515242
678 -0.866197 -0.00375583 -1.2121 -0.0135147 0.85363 0.0617266 0.517033
679 -0.858203 -0.00291514 -1.21636 -0.0127498 0.852333 0.0632361 0.519005
680 -0.849731 -0.00175409 -1.22071 -0.0111111 0.850767 0.0636136 0.521561
681 -0.840407 -0.000476199 -1.2255 -0.00954995 0.848851 0.0640749 0.524648
682 -0.831651 0.000723741 -1.22999 -0.00824774 0.847337 0.0648746 0.527014
683 -0.822025 0.00204301 -1.23493 -0.00667215 0.846144 0.0650977 0.528921
684 -0.814788 0.00972579 -1.23832 -0.00554832 0.845808 0.064892 0.529496
685 -0.804482 0.0111383 -1.24361 -0.00627926 0.845666 0.0664742 0.529519
686 -0.794903 0.0124511 -1.24852 -0.00761651 0.845692 0.0683952 0.529215
687 -0.788083 0.0140996 -1.25951 -0.00845594 0.846028 0.0701628 0.528435
688 -0.778013 0.0154797 -1.26468 -0.00939753 0.846366 0.0719607 0.527634
689 -0.768591 0.0167709 -1.26951 -0.0106198 0.846616 0.0741248 0.52691
690 -0.755258 0.0119072 -1.27669 -0.0114422 0.846747 0.0743689 0.526647
691 -0.748141 0.0135964 -1.28783 -0.0117639 0.847103 0.0731714 0.526235
692 -0.73709 0.0151109 -1.2935 -0.0124538 0.847677 0.0720379 0.525451
693 -0.726489 0.0165638 -1.29894 -0.0136902 0.848228 0.0720671 0.524526
694 -0.71905 0.0182973 -1.31024 -0.0147387 0.848557 0.0723911 0.523922
695 -0.709336 0.0196285 -1.31523 -0.0158343 0.848699 0.0733378 0.523527
696 -0.690993 0.0221424 -1.32465 -0.0169904 0.848757 0.0746134 0.523217
697 -0.683994 0.0238155 -1.33572 -0.0163207 0.849455 0.0745881 0.522107
698 -0.667254 0.0261097 -1.34432 -0.0174414 0.850298 0.0778239 0.520224
699 -0.6585 0.0276035 -1.34875 -0.0178448 0.850612 0.0785203 0.519592
700 -0.653801 0.0346937 -1.35076 -0.0182569 0.850953 0.0797055 0.518838
701 -0.648472 0.0364122 -1.36046 -0.0189488 0.850931 0.0819493 0.518499
702 -0.641314 0.0376336 -1.36408 -0.019683 0.850888 0.0852359 0.518012
703 -0.633934 0.0388928 -1.36782 -0.0196981 0.851276 0.0875886 0.516982
704 -0.628943 0.0405538 -1.37734 -0.0196196 0.851884 0.089266 0.515695
705 -0.621481 0.041827 -1.38112 -0.0205691 0.852366 0.0916166 0.514447
706 -0.611647 0.0377305 -1.38664 -0.0218979 0.85251 0.0938416 0.513752
707 -0.604455 0.039191 -1.39038 -0.0223101 0.852849 0.0940959 0.513125
708 -0.600515 0.0460851 -1.39202 -0.0220664 0.8534 0.0939083 0.512252
709 -0.593422 0.0475256 -1.39571 -0.0224649 0.854125 0.0952392 0.510779
710 -0.583254 0.0434969 -1.4014 -0.0228449 0.854774 0.0966578 0.509408
711 -0.576842 0.0499588 -1.39753 -0.0225782 0.856006 0.0966845 0.507342
712 -0.569613 0.0514269 -1.40129 -0.0237824 0.857255 0.0973693 0.505042
713 -0.55973 0.0473402 -1.40683 -0.025833 0.858296 0.0988297 0.502885
714 -0.550586 0.0433113 -1.41228 -0.0272147 0.8596 0.0995083 0.500445
715 -0.542072 0.0442408 -1.4101 -0.0273699 0.861354 0.0987982 0.497553
716 -0.532277 0.0454622 -1.40862 -0.0273781 0.863406 0.0977126 0.4942
717 -0.523205 0.0465189 -1.40675 -0.0272394 0.865411 0.0974176 0.490745
718 -0.516936 0.0479481 -1.41021 -0.0272669 0.867346 0.0975059 0.487298
719 -0.50764 0.0491238 -1.40901 -0.0278825 0.869225 0.098655 0.483671
720 -0.496442 0.0448359 -1.40929 -0.0285233 0.870996 0.100547 0.480045
721 -0.484459 0.0456476 -1.4029 -0.0276637 0.873095 0.100759 0.476223
722 -0.475666 0.0467062 -1.4014 -0.0269029 0.875035 0.101186 0.472601
723 -0.467342 0.0477197 -1.4001 -0.0267046 0.876903 0.101402 0.46909
724 -0.455353 0.0485983 -1.39448 -0.0268711 0.878796 0.101649 0.46547
725 -0.443536 0.0494343 -1.38875 -0.0275173 0.880422 0.102438 0.462176
726 -0.432415 0.0454376 -1.3896 -0.0282224 0.882255 0.104186 0.45823
727 -0.417896 0.0413093 -1.38633 -0.0275181 0.884111 0.104715 0.454561
728 -0.409087 0.047104 -1.37845 -0.025631 0.886253 0.104795 0.450462
729 -0.400957 0.0481209 -1.37726 -0.0244982 0.88811 0.106851 0.446368
730 -0.386472 0.0439835 -1.37397 -0.0238006 0.890254 0.109028 0.441582
731 -0.375849 0.0445087 -1.36842 -0.0230505 0.892475 0.110395 0.436772
732 -0.36482 0.0408577 -1.37031 -0.0224271 0.894623 0.111613 0.432076
733 -0.354001 0.0414368 -1.3649 -0.0218357 0.896935 0.11243 0.427071
734 -0.343152 0.0419722 -1.35974 -0.0215644 0.899122 0.112645 0.422405
735 -0.3356 0.0428557 -1.35886 -0.0216108 0.901218 0.112798 0.417871
736 -0.325237 0.0432505 -1.3533 -0.0221756 0.903218 0.113714 0.41325
737 -0.315437 0.0434743 -1.34745 -0.0225796 0.9053 0.114592 0.408401
738 -0.308227 0.0442833 -1.34649 -0.022231 0.907402 0.114748 0.403683
739 -0.297426 0.0448089 -1.34148 -0.0224636 0.909127 0.116027 0.399402
740 -0.291543 0.0452267 -1.33952 -0.0239933 0.910623 0.118473 0.395164
741 -0.282056 0.0453385 -1.33352 -0.0257823 0.912193 0.120408 0.390821
742 -0.276351 0.0456995 -1.33139 -0.0276141 0.91361 0.121567 0.387009
743 -0.270348 0.0462339 -1.32965 -0.0291767 0.914977 0.122243 0.383436
744 -0.261938 0.0460528 -1.32272 -0.0308631 0.915963 0.123253 0.380615
745 -0.257346 0.0421287 -1.32745 -0.0314572 0.916693 0.12234 0.379101
746 -0.250124 0.0470547 -1.31905 -0.0309335 0.917423 0.120692 0.377904
747 -0.236675 0.0431046 -1.31728 -0.0339932 0.91856 0.123146 0.374069
748 -0.231739 0.0433325 -1.31458 -0.0348783 0.919368 0.123235 0.371966
749 -0.226525 0.043663 -1.31216 -0.0352364 0.92007 0.122846 0.370322
750 -0.218607 0.0394459 -1.31272 -0.0354807 0.920717 0.122792 0.368706
751 -0.213664 0.0396762 -1.31002 -0.0349772 0.92165 0.121777 0.366753
752 -0.207589 0.0403262 -1.30848 -0.0333207 0.922978 0.120647 0.36393
753 -0.202242 0.0407061 -1.30619 -0.0323407 0.924317 0.120703 0.360586
754 -0.196732 0.0411465 -1.30407 -0.0312166 0.92586 0.120211 0.356874
755 -0.190537 0.0418717 -1.30314 -0.03008 0.927513 0.120105 0.352689
756 -0.187274 0.0468258 -1.29877 -0.0304821 0.929059 0.121782 0.347978
757 -0.181863 0.0472572 -1.29698 -0.0317213 0.930571 0.12498 0.342654
758 -0.176451 0.047699 -1.29529 -0.0327051 0.932304 0.127833 0.336748
759 -0.166692 0.0481525 -1.29067 -0.032423 0.933936 0.129865 0.331432
760 -0.160311 0.0489856 -1.29011 -0.0317272 0.935344 0.132423 0.326479
761 -0.150771 0.0493115 -1.28537 -0.0306964 0.936895 0.135471 0.32083
762 -0.144752 0.0500311 -1.28455 -0.0292924 0.938551 0.138128 0.314935
763 -0.138148 0.0510111 -1.28447 -0.0274144 0.940195 0.140569 0.309067
764 -0.132018 0.0517712 -1.28398 -0.026444 0.941661 0.143734 0.303176
765 -0.1226 0.0518966 -1.2792 -0.026218 0.94317 0.146751 0.296996
766 -0.113898 0.0485697 -1.28249 -0.0251831 0.944779 0.148358 0.291117
767 -0.107536 0.0494785 -1.28255 -0.0239187 0.946136 0.149612 0.286131
768 -0.1019 0.0499928 -1.28155 -0.0229685 0.947176 0.151421 0.281784
769 -0.0936411 0.0465808 -1.28473 -0.0209707 0.94808 0.152288 0.278411
770 -0.0891152 0.051843 -1.28175 -0.0180855 0.94879 0.152314 0.276173
771 -0.0829017 0.0526233 -1.28178 -0.0155391 0.948993 0.154328 0.274507
772 -0.0771844 0.0531174 -1.28104 -0.0134636 0.948977 0.155913 0.273776
773 -0.0686319 0.0499275 -1.28518 -0.0120836 0.948962 0.15632 0.273657
774 -0.0672963 0.0506976 -1.28725 -0.0121892 0.948812 0.156591 0.274019
775 -0.0614479 0.0512674 -1.28671 -0.0127834 0.948686 0.155416 0.275095
776 -0.0555625 0.0518585 -1.28623 -0.0144056 0.94853 0.154523 0.276056
777 -0.0483528 0.0478942 -1.2883 -0.0168645 0.948217 0.154065 0.277244
778 -0.045274 0.0443506 -1.29355 -0.0183098 0.948038 0.151345 0.279255
779 -0.0443618 0.0448766 -1.29496 -0.0194671 0.947877 0.147092 0.281984
780 -0.0390322 0.0451472 -1.29362 -0.0212324 0.94753 0.142832 0.285193
781 -0.0358954 0.041637 -1.29897 -0.0235084 0.947101 0.138709 0.288457
782 -0.0347622 0.042217 -1.30064 -0.0251971 0.94701 0.134658 0.290525
783 -0.0296624 0.0425193 -1.29925 -0.0255559 0.946928 0.131564 0.292173
784 -0.0283801 0.0431755 -1.30114 -0.0254368 0.946618 0.130231 0.29378
785 -0.0256759 0.0394388 -1.30545 -0.0259663 0.946243 0.129952 0.295062
786 -0.0214668 0.0392852 -1.30276 -0.0253635 0.945978 0.128278 0.296693
787 -0.0210792 0.0394836 -1.30333 -0.0244581 0.94592 0.126273 0.297812
788 -0.0187859 0.0354158 -1.30684 -0.0245017 0.945947 0.124149 0.298617
789 -0.0150679 0.0350941 -1.30344 -0.0234985 0.946293 0.120111 0.299252
790 -0.0119515 0.0314008 -1.30812 -0.0217441 0.946752 0.115786 0.299636
791 -0.00775809 0.0312953 -1.3054 -0.020497 0.946965 0.112939 0.300135
792 -0.00559043 0.0271704 -1.30873 -0.0193512 0.946797 0.110243 0.301739
793 -0.00362405 0.0228595 -1.31175 -0.0183357 0.946602 0.106642 0.303703
794 -0.000113933 0.0224863 -1.30807 -0.017084 0.946529 0.102586 0.305396
795 0.00152772 0.0180492 -1.31063 -0.0166083 0.946395 0.0982852 0.307245
796 0.00467766 0.017536 -1.30644 -0.0161872 0.94619 0.0918488 0.309882
797 0.00441071 0.0174519 -1.30608 -0.0160023 0.945819 0.0846689 0.313052
798 0.00638816 0.013024 -1.30898 -0.0163198 0.945529 0.0792165 0.315331
799 0.0102808 0.012847 -1.30584 -0.0162212 0.944948 0.0756448 0.317943
800 0.0104797 0.012898 -1.3061 -0.0161557 0.944125 0.07351 0.320879
801 0.0162989 0.00823917 -1.30564 -0.0156519 0.943092 0.0714524 0.324388
802 0.0201968 0.00812925 -1.30251 -0.0147937 0.941899 0.0699445 0.328199
803 0.0202734 0.00814886 -1.30261 -0.0142334 0.940649 0.0683551 0.332122
804 0.0205538 0.00821102 -1.30295 -0.0135141 0.93946 0.0664936 0.335874
805 0.0244688 0.00808247 -1.29951 -0.0128037 0.93816 0.0648719 0.339828
806 0.0286004 0.00800195 -1.29634 -0.0131172 0.936953 0.0641476 0.343267
807 0.0286886 0.0080215 -1.29645 -0.0139625 0.935676 0.0634847 0.34682
808 0.0324865 0.00789737 -1.29288 -0.0144391 0.934489 0.0624397 0.350176
809 0.0328078 0.00796115 -1.29325 -0.0148022 0.933122 0.0612753 0.353991
810 0.0367263 0.00786097 -1.28982 -0.0153957 0.931603 0.060891 0.358011
811 0.0406105 0.007754 -1.28635 -0.0160701 0.929831 0.0612046 0.362505
812 0.0446532 0.00771696 -1.28306 -0.016905 0.928092 0.0618069 0.366797
813 0.0483517 0.00761568 -1.27938 -0.0174079 0.926347 0.0630038 0.370957
814 0.0489293 0.00772351 -1.28001 -0.0183096 0.924514 0.0649565 0.375126
815 0.0525971 0.00761649 -1.27631 -0.0190678 0.922617 0.0669977 0.379376
816 0.0561413 0.00750309 -1.27248 -0.0193872 0.920725 0.0689815 0.383576
817 0.0565466 0.00758333 -1.27289 -0.0200898 0.918881 0.0711196 0.387552
818 0.0596948 0.00739152 -1.26867 -0.020671 0.917014 0.0730466 0.391565
819 0.0624543 0.00712273 -1.26406 -0.0214968 0.91502 0.075125 0.395769
820 0.0652047 0.00684189 -1.2595 -0.022607 0.913115 0.0772583 0.399675
821 0.0649367 0.00678448 -1.25925 -0.0227598 0.911249 0.0793876 0.403492
822 0.0653791 0.0112641 -1.25238 -0.0234182 0.909427 0.0823044 0.406965
823 0.0650684 0.0111975 -1.25209 -0.0242736 0.907556 0.0850075 0.410519
824 0.0646895 0.0111084 -1.25176 -0.0256954 0.905869 0.087932 0.413531
825 0.0665037 0.0105906 -1.24643 -0.0273064 0.904037 0.0908224 0.4168
826 0.0635241 0.0151563 -1.24364 -0.0288519 0.902373 0.0931142 0.419785
827 0.0628283 0.0149927 -1.24303 -0.0303475 0.900859 0.095748 0.422332
828 0.0613869 0.0146145 -1.24184 -0.0323774 0.899255 0.0984691 0.424966
829 0.0600027 0.0142513 -1.24069 -0.0336424 0.898105 0.100168 0.426897
830 0.0583389 0.0128422 -1.23283 -0.0363328 0.895269 0.102267 0.432106
831 0.0571945 0.0125419 -1.23188 -0.0368896 0.894224 0.102699 0.434115
832 0.0552759 0.0120036 -1.23038 -0.0378215 0.8925 0.103504 0.437379
833 0.0528839 0.0113325 -1.22851 -0.0390776 0.890602 0.104404 0.440909
834 0.0530673 0.0103977 -1.2223 -0.0394866 0.888772 0.104549 0.444515
835 0.048307 0.0141607 -1.21842 -0.0399751 0.886614 0.104722 0.448721
836 0.0461504 0.0135538 -1.21685 -0.0413372 0.884487 0.105342 0.452634
837 0.0436295 0.0128443 -1.215 -0.0434171 0.882579 0.105961 0.456006
838 0.0380738 0.0163871 -1.2108 -0.0454885 0.880755 0.106144 0.459277
839 0.0362955 0.0158867 -1.2095 -0.0473374 0.879404 0.106595 0.461569
840 0.0312519 0.0195582 -1.20594 -0.0497718 0.877849 0.107824 0.463981
841 0.0287941 0.0188495 -1.20425 -0.0529069 0.875845 0.110189 0.466856
842 0.025802 0.0179867 -1.20219 -0.0555148 0.873642 0.112033 0.47023
843 0.0202925 0.0215239 -1.19831 -0.0570222 0.871408 0.113184 0.473906
844 0.0173518 0.0206149 -1.19641 -0.0588536 0.868707 0.114968 0.478192
845 0.0140255 0.0195868 -1.19426 -0.0605381 0.866061 0.116586 0.482371
846 0.0110407 0.0186642 -1.19233 -0.061347 0.863522 0.117429 0.486597
847 0.0198875 0.0180108 -1.17431 -0.061347 0.863522 0.117429 0.486597
848 0.00484518 0.0166951 -1.18859 -0.0612295 0.857453 0.117255 0.497268
849 0.00195497 0.0157766 -1.18684 -0.0604487 0.854169 0.116548 0.503148
850 -0.000750829 0.0149447 -1.18535 -0.0601206 0.850165 0.115405 0.510183
851 -0.00514026 0.0143788 -1.1884 -0.0607187 0.845911 0.114235 0.517396
852 -0.00769889 0.0136182 -1.1871 -0.0618395 0.842123 0.11317 0.523638
853 -0.0127535 0.0170616 -1.18444 -0.062921 0.838604 0.112292 0.529315
854 -0.0166953 0.0208357 -1.18235 -0.0640024 0.835175 0.111664 0.534713
855 -0.020636 0.0239963 -1.1752 -0.0662434 0.831919 0.112872 0.539243
856 -0.0233942 0.0231961 -1.17393 -0.0687486 0.828721 0.114587 0.543475
857 -0.0250911 0.0220601 -1.16788 -0.0692897 0.825845 0.115243 0.54763
858 -0.0272979 0.0207816 -1.16176 -0.0696616 0.822916 0.116342 0.551744
859 -0.0340601 0.0237194 -1.15885 -0.0703292 0.819912 0.117145 0.555945
860 -0.0369483 0.0222368 -1.15244 -0.0702704 0.817359 0.116822 0.559767
861 -0.0405458 0.0211589 -1.15093 -0.0701313 0.815309 0.116538 0.562824
862 -0.0398917 0.0195825 -1.13581 -0.0701313 0.815309 0.116538 0.562824
863 -0.0501506 0.0177024 -1.14219 -0.0694227 0.81148 0.115927 0.568544
864 -0.0570843 0.0200083 -1.13437 -0.0680802 0.809805 0.114848 0.571307
865 -0.0617907 0.0180135 -1.12748 -0.0676719 0.807615 0.114671 0.574482
866 -0.0681159 0.0155356 -1.11998 -0.0680305 0.805409 0.114989 0.577465
867 -0.0748429 0.0130364 -1.11267 -0.067362 0.803695 0.113976 0.580126
868 -0.0820608 0.0103956 -1.1052 -0.0666697 0.802136 0.112597 0.582628
869 -0.0896045 0.00766082 -1.09762 -0.0653814 0.800818 0.110395 0.585004
870 -0.0986172 0.00945796 -1.08942 -0.0638557 0.799557 0.108128 0.587315
871 -0.108349 0.0110478 -1.08099 -0.0637065 0.798049 0.108015 0.5894
872 -0.117834 0.00799037 -1.07288 -0.0643499 0.796537 0.109526 0.591093
873 -0.124608 0.000508486 -1.06573 -0.0627841 0.795578 0.10883 0.59268
874 -0.133657 -0.00190767 -1.06298 -0.0601131 0.795059 0.106555 0.594066
875 -0.145175 -0.000359343 -1.05412 -0.0582538 0.794706 0.104302 0.595122
876 -0.154485 -0.00336975 -1.04606 -0.0569988 0.7942 0.102363 0.596255
877 -0.162821 -0.0061203 -1.0383 -0.0561533 0.793523 0.0999071 0.59765
878 -0.172049 -0.00910895 -1.03027 -0.0568577 0.792262 0.0984113 0.599502
879 -0.181891 -0.0119262 -1.02234 -0.0566987 0.791106 0.0957392 0.601474
880 -0.190267 -0.0143932 -1.01481 -0.0553623 0.789832 0.0920848 0.603838
881 -0.198613 -0.016853 -1.0073 -0.0552453 0.788479 0.0900899 0.605915
882 -0.210366 -0.0150071 -0.998682 -0.0556835 0.786695 0.089028 0.608345
883 -0.217021 -0.0217153 -0.996974 -0.0564467 0.784627 0.0881845 0.611062
884 -0.225884 -0.0240328 -0.989387 -0.0566058 0.782615 0.0870021 0.613792
885 -0.234258 -0.0262436 -0.981921 -0.0568175 0.780629 0.0861486 0.616416
886 -0.242676 -0.0280832 -0.979813 -0.0568869 0.778298 0.0857414 0.619406
887 -0.253313 -0.025471 -0.971676 -0.0567404 0.775501 0.085819 0.622907
888 -0.261255 -0.0275167 -0.964394 -0.0567689 0.772094 0.0866378 0.627011
889 -0.264778 -0.0845978 -0.948063 -0.0423927 0.766761 0.103278 0.63215
890 -0.272793 -0.0869571 -0.941068 -0.0413282 0.76245 0.103203 0.637425
891 -0.28035 -0.0886248 -0.939657 -0.0395003 0.757843 0.103045 0.643036
892 -0.287697 -0.0908366 -0.932786 -0.0375335 0.75301 0.10259 0.648878
893 -0.294963 -0.0929506 -0.926307 -0.0354507 0.748191 0.101958 0.654643
894 -0.302379 -0.094505 -0.92526 -0.0338764 0.743762 0.101102 0.659885
895 -0.309099 -0.0965046 -0.918858 -0.0325709 0.739574 0.10043 0.664743
896 -0.316416 -0.0979418 -0.918138 -0.0321409 0.735305 0.0998942 0.669563
897 -0.323886 -0.0999929 -0.911981 -0.0312518 0.73081 0.0991735 0.674614
898 -0.331292 -0.101448 -0.911253 -0.0293557 0.725924 0.0982035 0.680095
899 -0.337793 -0.102656 -0.910884 -0.0273282 0.720862 0.0979741 0.685575
900 -0.344442 -0.103892 -0.910508 -0.0269409 0.71612 0.0986674 0.690442
901 -0.351363 -0.105179 -0.910115 -0.0267461 0.711689 0.0984775 0.695044
902 -0.358117 -0.108751 -0.887627 -0.0267461 0.711689 0.0984775 0.695044
903 -0.365375 -0.107705 -0.90991 -0.026854 0.703709 0.0974966 0.703254
904 -0.372794 -0.109042 -0.909801 -0.026988 0.699841 0.096699 0.707208
905 -0.380182 -0.110344 -0.909943 -0.0268136 0.695742 0.09535 0.711429
906 -0.387143 -0.11157 -0.910078 -0.0264875 0.69167 0.0940105 0.715579
907 -0.397074 -0.107636 -0.909703 -0.0266114 0.687578 0.0934962 0.719574
908 -0.407971 -0.105864 -0.88731 -0.0266114 0.687578 0.0934962 0.719574
909 -0.416977 -0.108938 -0.870979 -0.0266114 0.687578 0.0934962 0.719574
910 -0.419384 -0.111417 -0.910906 -0.0263239 0.677641 0.0920713 0.729132
911 -0.429622 -0.10747 -0.910898 -0.0263007 0.674662 0.0919498 0.731905
912 -0.439372 -0.110607 -0.894292 -0.0263007 0.674662 0.0919498 0.731905
913 -0.444519 -0.109935 -0.912236 -0.025582 0.668985 0.0900973 0.737352
914 -0.453836 -0.106093 -0.906657 -0.0250379 0.66603 0.088959 0.740178
915 -0.460749 -0.106729 -0.913106 -0.024443 0.66323 0.0883678 0.742778
916 -0.469681 -0.109622 -0.896023 -0.024443 0.66323 0.0883678 0.742778
917 -0.48055 -0.106225 -0.884623 -0.024443 0.66323 0.0883678 0.742778
918 -0.482596 -0.104053 -0.915148 -0.0240731 0.655658 0.0882561 0.749495
919 -0.48794 -0.105388 -0.909741 -0.0230214 0.653445 0.087697 0.751525
920 -0.493332 -0.106232 -0.910396 -0.0219956 0.651412 0.0874051 0.753352
921 -0.498915 -0.107071 -0.911255 -0.0204956 0.649796 0.0867585 0.754863
922 -0.50345 -0.108252 -0.905873 -0.0180709 0.648257 0.0857488 0.756362
923 -0.507584 -0.108375 -0.912588 -0.0157103 0.646837 0.0843697 0.757784
924 -0.511568 -0.109473 -0.907121 -0.0142118 0.645812 0.0835869 0.758774
925 -0.515685 -0.110092 -0.907754 -0.013786 0.644444 0.0832556 0.759981
926 -0.519208 -0.110622 -0.908296 -0.0129564 0.642787 0.0825399 0.761475
927 -0.523193 -0.111688 -0.902694 -0.0120652 0.641488 0.0813389 0.762713
928 -0.526348 -0.112095 -0.903254 -0.0103819 0.640128 0.0796183 0.764061
929 -0.526202 -0.118353 -0.903926 -0.00925181 0.638907 0.077888 0.765275
930 -0.52911 -0.118728 -0.904442 -0.00830348 0.638257 0.0763976 0.765978
931 -0.531366 -0.119018 -0.904842 -0.0072201 0.63788 0.0752158 0.76642
932 -0.534194 -0.119383 -0.905344 -0.00615823 0.637964 0.0740934 0.766468
933 -0.536603 -0.120246 -0.899462 -0.00474228 0.63796 0.0727921 0.766606
934 -0.535461 -0.126376 -0.899957 -0.00249336 0.638207 0.0710637 0.766574
935 -0.536964 -0.126521 -0.900242 -0.000755842 0.638466 0.0696754 0.766489
936 -0.537883 -0.12661 -0.900416 0.000500746 0.638537 0.0686671 0.766522
937 -0.538663 -0.126685 -0.900564 0.00159947 0.638612 0.0676618 0.766547
938 -0.538923 -0.126711 -0.900613 0.00218302 0.638709 0.0669999 0.766523
939 -0.539351 -0.126752 -0.900694 0.0024667 0.639223 0.0663524 0.766149
940 -0.537752 -0.132852 -0.901067 0.00304442 0.640066 0.0654921 0.765518
941 -0.538065 -0.132882 -0.901126 0.00403154 0.640961 0.0644526 0.764852
942 -0.538077 -0.132883 -0.901129 0.00525465 0.641563 0.0630356 0.764458
943 -0.538279 -0.132903 -0.901167 0.00618306 0.642079 0.0617433 0.764123
944 -0.538146 -0.13289 -0.901142 0.00750483 0.642562 0.060496 0.763805
945 -0.538332 -0.132903 -0.901175 0.00871786 0.643124 0.0592587 0.763416
946 -0.538272 -0.132898 -0.901164 0.00969639 0.643839 0.0583245 0.762873
947 -0.538204 -0.132894 -0.901152 0.0107859 0.644692 0.0571755 0.762225
948 -0.536807 -0.139246 -0.901575 0.0120864 0.645451 0.0560957 0.761643
949 -0.535581 -0.139163 -0.901358 0.0129252 0.645897 0.0553218 0.761308
950 -0.535415 -0.138566 -0.907853 0.0136607 0.646103 0.0546738 0.761167
951 -0.535074 -0.139129 -0.901268 0.0146978 0.646554 0.0534226 0.760853
952 -0.534431 -0.138499 -0.907679 0.015501 0.646832 0.0527239 0.76065
953 -0.533824 -0.139045 -0.901047 0.0159995 0.647213 0.0524808 0.760333
954 -0.533593 -0.138443 -0.90753 0.0171614 0.64758 0.0520248 0.760026
955 -0.531473 -0.144746 -0.907825 0.0180868 0.647939 0.051904 0.759706
956 -0.531077 -0.14473 -0.907761 0.0190758 0.648302 0.0516546 0.759389
957 -0.53071 -0.144715 -0.907702 0.0200709 0.648796 0.0520732 0.758914
958 -0.529852 -0.144681 -0.907563 0.0212223 0.649045 0.0524163 0.758645
959 -0.529415 -0.144663 -0.907492 0.0218475 0.649534 0.0529084 0.758175
960 -0.528453 -0.144624 -0.907337 0.0225427 0.649813 0.0533998 0.757881
961 -0.527765 -0.143976 -0.913733 0.023508 0.650252 0.053814 0.757446
962 -0.527001 -0.143945 -0.91361 0.024574 0.650793 0.0541369 0.756924
963 -0.526038 -0.143907 -0.913454 0.025445 0.651371 0.0544108 0.756378
964 -0.525295 -0.143877 -0.913333 0.0262876 0.652177 0.0542557 0.755665
