# width:480 height:360 psr bound:50 mu:0.8
1 0 0 0 0 0 0 1 400.465
129 0.158333 -0.0583333 0.769487 0.0390018 -0.300591 -0.178815 0.936028 0.0187485
170 0.0309548 -0.0479397 1.06701 0.0269975 -0.573602 -0.199302 0.79406 0.0198873
234 -0.0520867 -0.0356219 1.11264 -0.00339667 -0.856769 -0.123894 0.500585 0.0217624
327 -0.511129 -0.0658943 0.640889 -0.0250392 0.978147 0.0418027 -0.202122 0.0228214
370 -0.640918 -0.00761179 0.290835 -0.0091999 0.988882 0.0724994 -0.129503 0.023487
449 -0.75088 -0.0392397 -0.38589 -0.00581024 0.999193 -0.0328677 -0.0223649 0.0240747
517 -0.80949 -0.0772465 -0.953823 0.00935141 0.990196 -0.126941 0.0575385 0.0244083
527 -0.786451 -0.0902111 -1.02919 0.0199518 0.988749 -0.123965 0.0812968 0.0246125
533 -0.780559 -0.0776698 -1.06279 0.0290414 0.988186 -0.111635 0.100914 0.0246339
538 -0.775672 -0.0687317 -1.08448 0.032642 0.987432 -0.101183 0.11694 0.024706
542 -0.778359 -0.0573138 -1.10136 0.0332526 0.986226 -0.0929985 0.132682 0.0247922
546 -0.891476 -0.0422231 -1.11566 0.0343019 0.983638 -0.0853963 0.154875 0.0249599
548 -0.888738 -0.0291373 -1.1223 0.0363528 0.982163 -0.0799836 0.166245 0.0252674
553 -0.882137 -0.0175075 -1.13945 0.0388271 0.978165 -0.0708242 0.191491 0.0252134
559 -0.875273 -0.0203607 -1.15649 0.0374069 0.973883 -0.0628876 0.214935 0.0252564
565 -0.964149 -0.0129948 -1.17145 0.0337798 0.970234 -0.0535384 0.233748 0.0252675
575 -0.975511 0.0100218 -1.20064 0.0398046 0.96102 -0.0327556 0.27163 0.0254551
579 -0.96815 0.0252365 -1.21085 0.0401009 0.956374 -0.0232982 0.288441 0.0253889
593 -0.962536 0.0481481 -1.23096 0.0317609 0.939275 0.00711641 0.341618 0.0259651
