# width:480 height:360 psr bound
1 0 0 0 0 0 0 1
6 0 0.00875 -0.0014023 0.00343937 -0.00310996 0.000268644 0.999989
11 -2.64382e-06 -0.000216583 -0.000233886 -0.00227294 -0.00345902 0.00269322 0.999988
16 0.00830453 0.0081492 -0.00294441 0.000645707 -0.00577673 0.00155381 0.999982
21 0.00835721 -0.000181057 -0.00526767 -0.000785212 -0.00562507 0.00462324 0.999973
26 0.00836635 0.00834836 -0.0131024 0.00304314 0.00277218 0.00582147 0.999975
31 0.0170909 0.00847717 -0.0175751 0.00162491 0.0129223 0.00795571 0.999884
36 0.025419 0.00863809 -0.025899 0.000384601 0.0305043 0.00992157 0.99948
41 0.0332462 0.00880018 -0.0309948 -0.00123995 0.0506228 0.0133349 0.998628
46 0.0404759 0.00898799 -0.0360693 -0.00372262 0.0675513 0.0175316 0.997555
51 0.0398419 0.00894186 -0.040735 -0.00485438 0.0860043 0.020423 0.996074
56 0.0393434 0.00890346 -0.0436049 -0.00483522 0.103992 0.0245123 0.994264
61 0.046078 0.00922828 -0.045957 -0.00603871 0.123062 0.0303418 0.991917
66 0.0509287 0.0165888 -0.0539587 -0.00661422 0.141935 0.033452 0.989288
71 0.0575235 0.0170292 -0.0565921 -0.0106478 0.15887 0.0390064 0.986471
76 0.0687844 0.0178421 -0.0675654 -0.0129411 0.176632 0.0451239 0.983157
81 0.0816296 0.0189889 -0.0735307 -0.0133591 0.196191 0.0477327 0.979312
86 0.0962873 0.0133015 -0.0766587 -0.0163688 0.213187 0.0469076 0.975747
91 0.116236 0.00828125 -0.0838471 -0.0162525 0.227887 0.050027 0.972266
96 0.14182 0.00441288 -0.0914518 -0.0144073 0.242271 0.0499001 0.968817
101 0.164977 0.00678423 -0.102703 -0.0146836 0.252752 0.0465604 0.966299
106 0.192505 0.0029668 -0.10731 -0.0151673 0.25573 0.0439957 0.965628
111 0.226901 0.00613853 -0.111921 -0.0161434 0.255416 0.045381 0.965631
116 0.257344 0.00908349 -0.110411 -0.02051 0.25844 0.0477808 0.964627
121 0.293676 0.00630854 -0.112821 -0.0268001 0.265828 0.048909 0.962406
126 0.320206 0.00309559 -0.105729 -0.0285366 0.277555 0.0488913 0.95904
131 0.352684 0.000498238 -0.101774 -0.0263688 0.285837 0.0479678 0.956714
136 0.38439 -0.0083756 -0.0891279 -0.0261132 0.291501 0.0455018 0.955131
141 0.411784 -0.011203 -0.0706406 -0.0236452 0.289553 0.0433688 0.955886
146 0.439758 -0.014383 -0.0619421 -0.023767 0.288471 0.0411271 0.95631
151 0.46663 -0.0175635 -0.0438464 -0.0240758 0.283992 0.0424492 0.957584
156 0.489889 -0.0211271 -0.0308428 -0.022754 0.282038 0.0401806 0.958291
161 0.514445 -0.0305065 -0.00516725 -0.0197567 0.276344 0.032951 0.96029
166 0.540191 -0.0401437 0.0234237 -0.0162117 0.264781 0.0254243 0.963837
171 0.567145 -0.0501118 0.0560807 -0.0136172 0.251869 0.0218128 0.96742
176 0.590107 -0.0545976 0.0844175 -0.00871434 0.242707 0.020678 0.96984
181 0.607687 -0.060059 0.116889 -0.0084733 0.230584 0.0176085 0.972856
186 0.623583 -0.0656535 0.14813 -0.00711025 0.215135 0.0148134 0.976446
191 0.636174 -0.0715109 0.174937 -0.00526903 0.205522 0.0141725 0.978536
196 0.647504 -0.0774472 0.216381 -0.00151775 0.199272 0.0135813 0.979849
201 0.653586 -0.0773595 0.248319 0.000798458 0.200496 0.0117053 0.979624
206 0.654976 -0.0844418 0.286157 -0.000366525 0.2071 0.0156931 0.978194
211 0.65647 -0.0914869 0.322931 0.00243454 0.210662 0.0194134 0.977363
216 0.652548 -0.0990392 0.36364 0.00571957 0.21817 0.0201545 0.97568
221 0.645905 -0.107073 0.398679 0.0069681 0.226463 0.0180438 0.973828
226 0.643485 -0.108091 0.441873 0.00481497 0.224778 0.0191766 0.974209
231 0.641088 -0.116037 0.484779 0.00310914 0.22166 0.0206165 0.974901
236 0.643093 -0.1236 0.521019 0.0101086 0.21145 0.0154715 0.977214
241 0.64396 -0.131601 0.556567 0.00748339 0.209186 0.0133093 0.97775
246 0.647165 -0.139448 0.597805 0.0049111 0.203796 0.013252 0.97891
251 0.647407 -0.147062 0.633347 0.00738239 0.197659 0.0132239 0.980154
256 0.645348 -0.154809 0.66445 0.00710347 0.188787 0.0107548 0.981934
261 0.642674 -0.162503 0.695481 0.0004713 0.180165 0.00631452 0.983616
266 0.639112 -0.162645 0.726051 -0.00274318 0.170074 0.00455132 0.985417
271 0.634765 -0.169656 0.755929 -0.00507959 0.164743 0.0020411 0.986321
276 0.624126 -0.176479 0.790307 -0.00291946 0.163231 0.004434 0.986574
281 0.612277 -0.183545 0.821283 -0.00309483 0.165782 0.0044561 0.986147
286 0.601404 -0.190581 0.854677 -0.00152983 0.167388 0.00711509 0.985864
291 0.587781 -0.190763 0.880094 0.000739521 0.168616 0.00687016 0.985658
296 0.580745 -0.190942 0.902747 -0.00376849 0.165726 0.000615184 0.986164
301 0.575964 -0.19074 0.932264 -0.0130533 0.153731 -0.00409039 0.988018
306 0.571341 -0.196759 0.963281 -0.0191285 0.139228 -0.00558745 0.99006
311 0.566833 -0.202252 0.99779 -0.0167103 0.121899 -0.0125117 0.992323
316 0.566902 -0.208067 1.02723 -0.0182584 0.107161 -0.0146953 0.993965
321 0.559733 -0.213481 1.05984 -0.0192619 0.094753 -0.0188313 0.995136
326 0.558907 -0.218933 1.09331 -0.0191132 0.0692954 -0.0300634 0.99696
331 0.555388 -0.224466 1.12062 -0.0153861 0.0424493 -0.0363616 0.998318
336 0.550184 -0.23013 1.14599 -0.0112952 0.0159755 -0.0435218 0.998861
341 0.536716 -0.235249 1.17146 -0.0127744 -0.00603952 -0.0537015 0.998457
346 0.522077 -0.240044 1.19307 -0.00818263 -0.0286121 -0.0608228 0.997705
351 0.498867 -0.24405 1.21487 -0.00697422 -0.0459284 -0.0685094 0.99656
356 0.481309 -0.248806 1.23746 -0.00319811 -0.066247 -0.0725523 0.995157
361 0.445437 -0.258808 1.26572 0.00314811 -0.0817608 -0.074228 0.993879
366 0.417694 -0.262725 1.29031 0.00207136 -0.0914411 -0.0746488 0.993006
371 0.391403 -0.266623 1.30399 0.00834956 -0.101777 -0.0754379 0.991908
376 0.349264 -0.268389 1.31904 0.00951064 -0.11295 -0.077464 0.990531
381 0.314898 -0.271156 1.33094 0.00959698 -0.127961 -0.0805775 0.988454
386 0.287231 -0.274885 1.34406 0.00926271 -0.148838 -0.0862868 0.985046
391 0.258554 -0.278227 1.35744 0.00893823 -0.170457 -0.0915272 0.981064
396 0.229306 -0.281202 1.3695 0.00921526 -0.19138 -0.093453 0.977014
401 0.21389 -0.279429 1.38846 0.00861181 -0.210832 -0.0964012 0.972719
406 0.187351 -0.28309 1.40903 0.00702766 -0.22874 -0.099894 0.968323
411 0.161167 -0.286498 1.42639 0.00743749 -0.245041 -0.103827 0.963908
416 0.140853 -0.291173 1.44592 0.00697714 -0.264293 -0.110404 0.958077
421 0.11652 -0.295413 1.46954 0.00404795 -0.295533 -0.114529 0.948434
426 0.0920325 -0.299264 1.48959 0.00815188 -0.327105 -0.124546 0.936709
431 0.0697545 -0.303135 1.50334 0.0132163 -0.356042 -0.127088 0.925693
436 0.0478535 -0.306905 1.51466 0.0138547 -0.379833 -0.127825 0.916076
441 0.030254 -0.30386 1.52276 0.0132754 -0.401976 -0.127972 0.906566
446 0.012253 -0.300695 1.53004 0.00868896 -0.420841 -0.129363 0.897821
451 -0.0100934 -0.296781 1.54004 0.00692844 -0.441415 -0.127744 0.888136
456 -0.032389 -0.292803 1.54864 0.00576809 -0.455916 -0.127199 0.880868
461 -0.0548909 -0.288733 1.55646 0.00102145 -0.470173 -0.12238 0.874048
466 -0.0757614 -0.28485 1.56226 -0.00552479 -0.483309 -0.121695 0.866933
471 -0.0997178 -0.280293 1.5693 -0.0182963 -0.498222 -0.121477 0.858303
476 -0.115639 -0.276672 1.5704 -0.0303238 -0.50911 -0.126181 0.850862
481 -0.124817 -0.274747 1.57553 -0.0392696 -0.52564 -0.132235 0.839449
486 -0.126835 -0.274902 1.58483 -0.0469598 -0.544531 -0.140061 0.82563
491 -0.129644 -0.274825 1.59443 -0.0479413 -0.565431 -0.1467 0.810228
496 -0.128268 -0.276744 1.6106 -0.0476821 -0.585069 -0.156007 0.794407
501 -0.129555 -0.277329 1.61944 -0.0464677 -0.607711 -0.158339 0.776825
506 -0.133363 -0.277296 1.62876 -0.0434513 -0.634584 -0.159712 0.754922
511 -0.138512 -0.277013 1.63794 -0.0352873 -0.657797 -0.163297 0.734433
516 -0.143542 -0.275608 1.63863 -0.0339548 -0.675687 -0.166039 0.717444
521 -0.154041 -0.272616 1.63956 -0.0335221 -0.693307 -0.164839 0.700736
526 -0.161074 -0.269141 1.63226 -0.0282437 -0.705844 -0.169446 0.687222
531 -0.17311 -0.26405 1.62473 -0.0230524 -0.718438 -0.17122 0.673795
536 -0.187588 -0.259872 1.62423 -0.0183921 -0.729933 -0.17166 0.661357
541 -0.201925 -0.253944 1.61568 -0.0156431 -0.743105 -0.168288 0.647479
546 -0.222444 -0.252238 1.59667 -0.00230885 -0.755245 -0.159395 0.635762
551 -0.236282 -0.252622 1.57779 0.00484053 -0.762021 -0.158357 0.627873
556 -0.250596 -0.252713 1.5589 0.00968399 -0.769439 -0.159448 0.61842
561 -0.261699 -0.245955 1.54185 0.0161927 -0.778968 -0.157809 0.606666
566 -0.276509 -0.243563 1.51432 0.0197834 -0.790813 -0.159842 0.590486
571 -0.287136 -0.24176 1.48703 0.0189734 -0.801046 -0.161405 0.576119
576 -0.300881 -0.23373 1.46754 0.019866 -0.812764 -0.162366 0.559158
581 -0.315001 -0.230362 1.43755 0.0183743 -0.823633 -0.163712 0.542669
586 -0.331741 -0.228289 1.41341 0.0167815 -0.836331 -0.168493 0.52142
591 -0.35641 -0.223149 1.38433 0.0174339 -0.8473 -0.172126 0.502147
596 -0.380247 -0.217506 1.35397 -0.0247429 0.85929 0.171387 -0.48128
601 -0.411576 -0.211845 1.32575 -0.0220776 0.873759 0.172206 -0.454316
606 -0.438222 -0.206863 1.29758 -0.0265372 0.886332 0.172521 -0.42889
611 -0.460682 -0.202718 1.26981 -0.0280198 0.896087 0.174123 -0.407337
616 -0.482209 -0.198209 1.24068 -0.0268813 0.905779 0.176412 -0.384344
621 -0.502535 -0.193283 1.21027 -0.0249042 0.915625 0.177571 -0.359831
626 -0.520396 -0.188513 1.17968 -0.0271267 0.920843 0.177877 -0.345938
631 -0.536725 -0.183975 1.14922 -0.0271591 0.923415 0.174764 -0.340625
636 -0.553455 -0.179273 1.1177 -0.0258012 0.92366 0.176201 -0.339324
641 -0.565831 -0.176519 1.09091 -0.0253887 0.925852 0.172666 -0.33517
646 -0.575086 -0.171334 1.05607 -0.028555 0.92878 0.173475 -0.32628
651 -0.585189 -0.165312 1.01928 -0.0304329 0.93344 0.175419 -0.311435
656 -0.599607 -0.156252 0.975319 -0.0329443 0.938582 0.178448 -0.293487
661 -0.60925 -0.148522 0.934349 -0.0324799 0.942575 0.180603 -0.279069
666 -0.630353 -0.145478 0.88577 -0.0321074 0.947507 0.18172 -0.261109
671 -0.647356 -0.14369 0.840069 -0.0281816 0.952384 0.178172 -0.245817
676 -0.659 -0.137457 0.802866 -0.0324609 0.956819 0.181078 -0.225064
681 -0.673457 -0.134107 0.773074 -0.0356919 0.960851 0.184508 -0.203588
686 -0.687597 -0.129619 0.740575 -0.0386436 0.963198 0.187154 -0.189021
691 -0.700384 -0.12544 0.708464 -0.0394835 0.965206 0.187866 -0.177551
696 -0.710207 -0.114755 0.66037 -0.0381316 0.966781 0.183095 -0.174233
701 -0.708826 -0.11404 0.614356 -0.0351473 0.966472 0.184345 -0.175254
706 -0.708901 -0.104461 0.568162 -0.0359156 0.967405 0.18314 -0.171163
711 -0.708269 -0.102793 0.519621 -0.0426704 0.968327 0.183295 -0.164088
716 -0.711415 -0.0979056 0.484536 -0.0453602 0.969282 0.185438 -0.155075
721 -0.714979 -0.0991216 0.442647 -0.0437339 0.970841 0.188612 -0.141353
726 -0.728474 -0.0978552 0.393303 -0.0397886 0.974617 0.182347 -0.123643
731 -0.754406 -0.0947739 0.359766 -0.0471079 0.976865 0.175798 -0.112297
736 -0.769564 -0.100891 0.325397 -0.0514678 0.978752 0.168117 -0.105506
741 -0.775494 -0.0996819 0.295795 -0.0540613 0.980879 0.159532 -0.0974852
746 -0.788169 -0.101678 0.272276 -0.0538157 0.983477 0.148764 -0.0880141
751 -0.800161 -0.0973677 0.255558 -0.053368 0.985032 0.144927 -0.07655
756 -0.803218 -0.0922703 0.238167 -0.0549676 0.986335 0.140061 -0.067111
761 -0.806205 -0.0932667 0.211934 -0.0565087 0.987614 0.134423 -0.0579218
766 -0.80118 -0.0862519 0.189021 -0.0585294 0.988557 0.129517 -0.0505501
771 -0.787987 -0.0779373 0.163734 -0.0609272 0.989021 0.128455 -0.0403169
776 -0.781661 -0.0778603 0.134769 -0.0600469 0.988962 0.133268 -0.024233
781 -0.782215 -0.0797625 0.110099 -0.0573827 0.989153 0.134837 -0.010105
786 -0.774667 -0.0733363 0.0902641 -0.0555185 0.989646 0.132146 0.00750617
791 -0.774664 -0.0687629 0.0734453 -0.0506953 0.989824 0.130629 0.0247798
796 -0.774101 -0.0646592 0.0582847 -0.048066 0.989848 0.128895 0.0357429
801 -0.77417 -0.0530952 0.0471611 -0.0473986 0.989515 0.127894 0.0475071
806 -0.770961 -0.0538001 0.0177384 -0.0498823 0.987577 0.134506 0.0641233
811 -0.776462 -0.047937 -0.00640115 -0.0517798 0.985629 0.131895 0.0919654
816 -0.787738 -0.0504751 -0.0364642 -0.0497956 0.982763 0.132309 0.119131
821 -0.798768 -0.0448601 -0.0639337 -0.0500862 0.980482 0.13028 0.138467
826 -0.710968 -0.0426141 -0.0594185 -0.0500862 0.980482 0.13028 0.138467
831 -0.713373 -0.0373308 -0.0817706 -0.0517214 0.977516 0.130455 0.157378
836 -0.714715 -0.0319736 -0.104123 -0.0509718 0.973433 0.133874 0.178629
841 -0.704707 -0.0236213 -0.131091 -0.0515715 0.969792 0.13524 0.196353
846 -0.694384 -0.0274859 -0.174675 -0.0503804 0.964811 0.139184 0.217322
851 -0.673998 -0.0175676 -0.200088 -0.0494513 0.963396 0.136335 0.225468
856 -0.609204 -0.00796495 -0.196101 -0.0494513 0.963396 0.136335 0.225468
861 -0.594105 -0.0057229 -0.226388 -0.0492467 0.959691 0.136488 0.240704
866 -0.577881 0.00460997 -0.257018 -0.0485118 0.953754 0.134648 0.264329
871 -0.564241 0.0124551 -0.279902 -0.0484667 0.947718 0.138092 0.283571
876 -0.545153 0.00809861 -0.30871 -0.0507392 0.943138 0.140353 0.297013
881 -0.526718 0.0106021 -0.335026 -0.0500975 0.938432 0.1419 0.310965
886 -0.513298 0.0205382 -0.364962 -0.0483957 0.933528 0.138722 0.327015
891 -0.496534 0.0239933 -0.397306 -0.0483925 0.926863 0.14193 0.34415
896 -0.478408 0.0207761 -0.42899 -0.0526928 0.917719 0.143035 0.366818
901 -0.45483 0.0315653 -0.453706 -0.0533033 0.905778 0.136252 0.397695
906 -0.415958 0.0405505 -0.48942 -0.0534292 0.886595 0.13406 0.43945
911 -0.393913 0.0420547 -0.506268 -0.0574093 0.873204 0.133464 0.465194
916 -0.366935 0.0450447 -0.524453 -0.0588009 0.862958 0.132466 0.484043
921 -0.339847 0.0477758 -0.541062 -0.0566923 0.854841 0.130135 0.499098
926 -0.302321 0.0473248 -0.562494 -0.0598771 0.843698 0.126726 0.518197
931 -0.269185 0.0517097 -0.579322 -0.0581522 0.833044 0.124734 0.535815
936 -0.229923 0.0503029 -0.590854 -0.0600057 0.823596 0.119609 0.551165
941 -0.197637 0.0537914 -0.604216 -0.0573056 0.811238 0.118274 0.569754
946 -0.16408 0.0624559 -0.609924 -0.0594054 0.798789 0.117627 0.587001
951 -0.129523 0.0662992 -0.620781 -0.0612266 0.783422 0.120698 0.606575
956 -0.0918695 0.0657235 -0.630823 -0.0621876 0.769881 0.122702 0.623185
961 -0.0567677 0.070036 -0.638331 -0.0600251 0.756257 0.116877 0.640946
966 -0.0181784 0.0747083 -0.644767 -0.0620259 0.741335 0.114354 0.65840
971 0.0156186 0.078648 -0.654069 -0.0610887 0.723944 0.112151 0.677935
976 0.0494393 0.0818607 -0.656356 -0.0654794 0.709333 0.105315 0.69387
981 0.0834992 0.0851504 -0.657152 -0.0666967 0.688032 0.105898 0.714807
986 0.117914 0.0885623 -0.655886 -0.0690643 0.667879 0.105739 0.733476
991 0.152156 0.0868651 -0.653049 -0.0702972 0.653722 0.104576 0.74617
996 0.186241 0.084965 -0.643875 -0.0713803 0.64358 0.0975075 0.755779
1001 0.221617 0.0832855 -0.638498 -0.0759257 0.630383 0.0946583 0.766741
1006 0.257757 0.0774241 -0.631894 -0.07824 0.6175 0.0900707 0.77747
1011 0.287241 0.0799624 -0.625087 -0.0772151 0.602658 0.0857576 0.78961
1016 0.315373 0.0820034 -0.61745 -0.0738214 0.587214 0.0876343 0.8012
1021 0.344626 0.0796299 -0.603733 -0.077064 0.573417 0.0870974 0.810968
1026 0.349234 0.0776747 -0.539092 -0.077064 0.573417 0.0870974 0.810968
1031 0.383007 0.0765252 -0.527443 -0.0781498 0.553027 0.0819373 0.825433
1036 0.412838 0.0790903 -0.515227 -0.0833726 0.535888 0.0760276 0.836716
1041 0.446165 0.0726341 -0.500322 -0.0861797 0.514324 0.073713 0.850065
1046 0.475762 0.0704049 -0.485064 -0.0871356 0.491129 0.0612656 0.86455
1051 0.504146 0.0677145 -0.468291 -0.0865931 0.46758 0.0575967 0.877812
1056 0.533501 0.0649215 -0.448711 -0.0862941 0.438908 0.0560248 0.89262
1061 0.553116 0.0598227 -0.433822 -0.084937 0.418836 0.0513665 0.90262
1066 0.572371 0.0546483 -0.417757 -0.084637 0.401946 0.0448838 0.910638
1071 0.591613 0.0452011 -0.393669 -0.0796287 0.386865 0.0373667 0.917932
1076 0.607455 0.0385469 -0.378297 -0.0762667 0.37696 0.0313977 0.92255
1081 0.622998 0.0321805 -0.354723 -0.0794838 0.367123 0.0275708 0.92636
1086 0.640289 0.0254923 -0.336241 -0.076067 0.353303 0.0270536 0.932019
1091 0.654996 0.0201694 -0.303246 -0.0731955 0.336568 0.02439 0.938493
1096 0.665511 0.0120682 -0.281237 -0.071679 0.323908 0.0198483 0.943161
1101 0.672533 0.0101106 -0.252494 -0.0699449 0.307334 0.0139938 0.94892
1106 0.684823 0.00959696 -0.214808 -0.065721 0.290579 0.0121131 0.954514
1111 0.697994 0.0078042 -0.183854 -0.0606593 0.278539 0.00904568 0.958465
1116 0.714716 -1.01544e-05 -0.145144 -0.0558568 0.269268 0.00626969 0.961424
1121 0.728111 -0.0023168 -0.11052 -0.0544442 0.257693 0.00730417 0.964664
1126 0.740305 -0.00612281 -0.0891802 -0.0513002 0.242056 0.0052346 0.968891
1131 0.751266 0.0234901 -0.0557484 -0.0427222 0.229841 0.00567378 0.972273
1136 0.763444 0.019355 -0.0313274 -0.0427799 0.219221 0.00356583 0.97473
1141 0.771942 0.014578 -0.0132365 -0.0408536 0.207726 0.00239751 0.977331
1146 0.781483 0.0112692 0.0242227 -0.037861 0.197989 0.00146033 0.979472
1151 0.79152 0.013204 0.0480041 -0.0340099 0.1915 0.000663496 0.980903
1156 0.801317 0.00849084 0.0723125 -0.0307752 0.187872 0.0012584 0.981711
1161 0.809084 -0.00209887 0.109643 -0.0241726 0.183256 0.00242879 0.982765
1166 0.815913 -0.0132698 0.145375 -0.0209393 0.184332 0.00405682 0.982633
1171 0.817388 -0.0242388 0.18365 -0.0150425 0.185795 0.00531434 0.982459
1176 0.819405 -0.0291981 0.221808 -0.00570807 0.184376 0.00517458 0.982826
1181 0.816182 -0.028983 0.249161 0.000121056 0.184338 0.00730885 0.982836
1186 0.823585 -0.028985 0.286025 -0.00411186 0.180184 0.00635999 0.98360
1191 0.830428 -0.028679 0.322299 -0.00826249 0.172719 0.00920135 0.98489
1196 0.842852 -0.0279682 0.35665 -0.00592246 0.17065 0.00947527 0.985268
1201 0.855719 -0.0338604 0.392374 -0.00824448 0.172546 0.0109915 0.984906
1206 0.86811 -0.0391778 0.426338 -0.00550054 0.176531 0.0143946 0.984175
1211 0.882676 -0.0449748 0.46517 -0.0103914 0.174434 0.0140551 0.98451
1216 0.88789 -0.0503675 0.496607 -0.0119657 0.162089 0.00810299 0.98667
1221 0.890328 -0.0558197 0.522494 -0.0134116 0.153533 0.00292521 0.988048
1226 0.891097 -0.0552403 0.544818 -0.0152234 0.141779 -0.00103815 0.989781
1231 0.888147 -0.0602841 0.577904 -0.0152861 0.130435 -0.00615853 0.99132
1236 0.882509 -0.059368 0.605143 -0.0177747 0.125302 -0.00557131 0.991944