# width:480 height:360 psr bound:50 mu:0.8
1 0 0 0 0 0 0 1
2 0 0 -0.00102539 0.00119883 -0.000162877 -0.000273813 0.999999
3 -3.32635e-08 -2.44329e-07 -0.000923482 -0.00100024 -0.000336833 -0.000138177 0.999999
4 -1.10703e-09 -3.39862e-07 -0.000971235 -0.000999848 0.000469907 -0.000140509 0.999999
5 -3.27338e-07 -1.03375e-06 -0.00131825 -0.000999848 0.000469907 -0.000140509 0.999999
6 -4.16975e-07 -1.2244e-06 -0.0014136 -0.00215075 0.00072844 -0.000449253 0.999997
7 2.65232e-07 7.86868e-07 -0.00094596 -0.00340029 0.000835014 -0.000162651 0.999994
8 4.26694e-07 1.4439e-06 -0.000849343 -0.00257477 0.000672387 -7.87973e-05 0.999996
9 5.25888e-07 1.82362e-06 -0.000775604 -0.00257477 0.000672387 -7.87973e-05 0.999996
10 8.24003e-07 2.96482e-06 -0.000553989 -0.00336147 0.000718399 -3.34647e-05 0.999994
11 1.51244e-06 6.18557e-06 -7.49263e-05 -0.00336147 0.000718399 -3.34647e-05 0.999994
12 2.05801e-06 8.73794e-06 0.000304719 -0.00227413 0.000831561 0.000142751 0.999997
13 2.2502e-06 9.26378e-06 0.000420327 -0.00122182 0.000635185 0.000522346 0.999999
14 2.41299e-06 9.5773e-06 0.000548592 -0.000555535 0.000324799 0.00101097 0.999999
15 2.35384e-06 9.4759e-06 0.000457382 0.00013566 -1.72729e-05 0.00122198 0.999999
16 2.34776e-06 9.42769e-06 0.000635057 0.00013566 -1.72729e-05 0.00122198 0.999999
17 2.35027e-06 9.44763e-06 0.000561572 0.00013566 -1.72729e-05 0.00122198 0.999999
18 2.36374e-06 9.55443e-06 0.000167975 0.00013566 -1.72729e-05 0.00122198 0.999999
19 2.37462e-06 9.64073e-06 -0.000150041 0.00013566 -1.72729e-05 0.00122198 0.999999
20 2.38263e-06 9.70427e-06 -0.000384188 -0.000582987 0.000184029 0.000384201 1
21 2.29404e-06 9.42324e-06 -0.000625188 -0.000582987 0.000184029 0.000384201 1
22 2.21558e-06 9.17436e-06 -0.000838612 -0.000582987 0.000184029 0.000384201 1
23 2.11617e-06 8.859e-06 -0.00110905 -0.000582987 0.000184029 0.000384201 1
24 2.09112e-06 8.77956e-06 -0.00117717 -0.000582987 0.000184029 0.000384201 1
25 2.1197e-06 8.87022e-06 -0.00109942 -0.000582987 0.000184029 0.000384201 1
26 2.17067e-06 9.03188e-06 -0.000960795 -0.000582987 0.000184029 0.000384201 1
27 2.2128e-06 9.16554e-06 -0.000846174 -0.000582987 0.000184029 0.000384201 1
28 2.19331e-06 9.10372e-06 -0.00089919 -0.000582987 0.000184029 0.000384201 1
29 2.18511e-06 9.0777e-06 -0.000921504 -0.000582987 0.000184029 0.000384201 1
30 2.26667e-06 9.33643e-06 -0.000699631 -0.000582987 0.000184029 0.000384201 1
31 2.26414e-06 9.32839e-06 -0.00070652 -0.000582987 0.000184029 0.000384201 1
32 2.32815e-06 9.53145e-06 -0.000532387 -0.00153155 0.000189957 -7.73377e-05 0.999999
33 2.39709e-06 1.00869e-05 -0.000351051 -0.00153155 0.000189957 -7.73377e-05 0.999999
34 2.28e-06 9.14346e-06 -0.000659054 -0.00153155 0.000189957 -7.73377e-05 0.999999
35 2.26579e-06 9.02899e-06 -0.000696426 -0.00226352 0.00075472 -0.0003081 0.999997
36 2.24921e-06 8.97931e-06 -0.000707401 -0.00227385 0.00175504 -0.00030937 0.999996
37 2.76622e-06 9.64872e-06 -0.00056017 -0.00228379 0.00270563 -0.000309623 0.999994
38 1.36222e-07 7.43016e-06 -0.00104606 -0.00229735 0.00401042 -0.000310826 0.999989
39 3.33973e-06 9.26395e-06 -0.000646742 -0.00444916 0.00486935 0.00053695 0.999978
40 1.05134e-05 1.58256e-05 9.01833e-05 -0.00556858 0.00518068 0.00159776 0.99997
41 1.46099e-05 2.0243e-05 0.000486192 -0.00478007 0.00555353 0.00242033 0.99997
42 2.13041e-05 2.60331e-05 0.0010901 -0.00478007 0.00555353 0.00242033 0.99997
43 2.81904e-05 3.19895e-05 0.00171134 -0.00478007 0.00555353 0.00242033 0.99997
44 3.51245e-05 3.79871e-05 0.0023369 -0.00385803 0.00636655 0.0019762 0.99997
45 4.1914e-05 4.21198e-05 0.00287071 -0.00343282 0.00740172 0.000888458 0.999966
46 5.49228e-05 4.81672e-05 0.00374975 -0.00438029 0.00850513 -0.000392627 0.999954
47 7.87442e-05 6.04238e-05 0.00514969 -0.00524079 0.00946613 -0.00187375 0.99994
48 9.28605e-05 6.82045e-05 0.00589441 -0.00524079 0.00946613 -0.00187375 0.99994
49 0.000121315 8.38886e-05 0.00739557 -0.00708945 0.00972382 -0.00382079 0.99992
50 0.000157638 0.000110159 0.00925772 -0.00878287 0.0100519 -0.00553853 0.999896
51 0.000189754 0.000137908 0.0108471 -0.00878287 0.0100519 -0.00553853 0.999896
52 0.000220438 0.00016442 0.0123657 -0.00878287 0.0100519 -0.00553853 0.999896
53 0.000257003 0.000196013 0.0141753 -0.0102382 0.0096889 -0.00688817 0.999877
54 0.000306484 0.000247583 0.0167096 -0.0121478 0.0093421 -0.00760825 0.999854
55 0.000353802 0.000308152 0.0192165 -0.0130376 0.00746942 -0.00817651 0.999854
57 -0.029759 0.000958846 0.0254732 -0.0130312 0.0123841 -0.0102224 0.999786
58 -0.0296919 0.00102803 0.0281528 -0.0111243 0.0106392 -0.0119006 0.999811
59 -0.029639 0.00108206 0.0306084 -0.0095383 0.0091275 -0.014394 0.999809
60 -0.0354134 0.00130739 0.0337112 -0.0095505 0.00973851 -0.0168478 0.999765
61 -0.0353554 0.00136236 0.0366391 -0.00914821 0.00838601 -0.0193182 0.999736
62 -0.0236523 0.000959016 0.0391787 -0.0084752 0.00289044 -0.0215638 0.999727
63 -0.0352888 0.001515 0.0423565 -0.008702 0.00376852 -0.0235542 0.999678
64 -0.0410935 0.00183787 0.0451717 -0.0083929 0.00274566 -0.0262131 0.999617
65 -0.0410786 0.00187966 0.0476834 -0.00869464 0.000226901 -0.0293718 0.999531
66 -0.159329 -0.0925657 0.0499339 -0.0139148 0.00354702 -0.270749 0.962543
67 -0.159287 -0.0924935 0.0528391 -0.0127285 0.000492011 -0.274458 0.961515
68 -0.159266 -0.0924286 0.0555162 -0.0116931 -0.00309067 -0.277275 0.960715
69 -0.154504 -0.0953645 0.0580896 -0.0122011 -0.00688387 -0.279581 0.96002
70 -0.154523 -0.0952832 0.0610681 -0.0134833 -0.0100194 -0.281035 0.959551
71 -0.149818 -0.0982336 0.0638138 -0.0136913 -0.0137685 -0.282124 0.959181
72 -0.149864 -0.0981498 0.066274 -0.0147104 -0.0168105 -0.28316 0.958812
73 -0.14993 -0.0980453 0.0690428 -0.0163337 -0.0198978 -0.284499 0.958331
74 -0.150007 -0.0979325 0.0716851 -0.0162222 -0.0236962 -0.28645 0.957665
75 -0.150085 -0.097836 0.0738427 -0.0157137 -0.0279478 -0.289198 0.956732
76 -0.15018 -0.0977369 0.0759808 -0.0171115 -0.0316147 -0.291843 0.95579
77 -0.15032 -0.0975947 0.0787536 -0.019594 -0.035093 -0.294969 0.954661
78 -0.15045 -0.0974582 0.0810949 -0.0200613 -0.0373059 -0.298078 0.953601
79 -0.150586 -0.0973199 0.0833721 -0.0202751 -0.0411666 -0.300774 0.952591
80 -0.146144 -0.100394 0.0860825 -0.0223179 -0.0458443 -0.303559 0.951447
81 -0.146343 -0.100204 0.0887705 -0.0240462 -0.050074 -0.30653 0.950239
82 -0.146542 -0.100015 0.09123 -0.0257276 -0.054637 -0.309628 0.948938
83 -0.146788 -0.0997831 0.0940112 -0.0288506 -0.058564 -0.312091 0.947806
86 -0.141504 -0.110784 0.101585 -0.0372085 -0.0671938 -0.277312 0.957705
89 -0.151842 -0.124585 0.110911 -0.0428752 -0.0755656 -0.250707 0.964156
91 -0.155446 -0.12894 0.117087 -0.0441381 -0.0827403 -0.262845 0.96027
95 -0.14907 -0.125364 0.129197 -0.0493314 -0.0995356 -0.267321 0.957183
96 -0.239721 -0.0716627 0.0924082 -0.0428048 -0.0737722 -0.270554 0.958919
97 -0.24016 -0.0712102 0.0960627 -0.0421055 -0.0787995 -0.273778 0.957634
98 -0.235676 -0.073841 0.100172 -0.0423734 -0.0842724 -0.277061 0.956211
99 -0.423903 -0.0176337 0.0651676 -0.0408947 -0.0278739 -0.280163 0.958676
100 -0.424023 -0.0172656 0.0690633 -0.0394595 -0.0330393 -0.282827 0.957789
101 -0.424139 -0.0169985 0.0718816 -0.0380313 -0.0375895 -0.284876 0.957072
102 -0.419417 -0.0198847 0.0753613 -0.0374313 -0.0432592 -0.286985 0.956226
103 -0.4196 -0.0195974 0.0783216 -0.035498 -0.0487235 -0.288891 0.955462
104 -0.419854 -0.0192605 0.081806 -0.0340011 -0.0537449 -0.290859 0.95465
105 -0.420076 -0.0190033 0.0844586 -0.0327321 -0.0578577 -0.292495 0.953954
106 -0.420324 -0.0187417 0.0871513 -0.0309575 -0.0624403 -0.29374 0.953341
107 -0.420647 -0.0184354 0.0903208 -0.0308839 -0.0669062 -0.295184 0.952595
108 -0.421014 -0.0181046 0.093648 -0.0299404 -0.0720036 -0.296552 0.951828
109 -0.421346 -0.0178276 0.0963923 -0.0280905 -0.0777459 -0.296847 0.95134
110 -0.421693 -0.0175642 0.0990011 -0.0266814 -0.0843104 -0.2967 0.950867
111 -0.422119 -0.017267 0.101904 -0.0255132 -0.0911461 -0.29646 0.950344
112 -0.460209 -0.0128865 0.0857658 -0.026201 -0.083583 -0.295499 0.951319
113 -0.46026 -0.0128517 0.086111 -0.0249863 -0.0889784 -0.295384 0.950898
114 -0.460508 -0.0126907 0.0876922 -0.0243764 -0.0948857 -0.295959 0.950164
115 -0.460889 -0.0124551 0.0899468 -0.0241526 -0.100475 -0.296964 0.949281
116 -0.461288 -0.0122169 0.092156 -0.023426 -0.106199 -0.297356 0.948553
117 -0.461755 -0.0119487 0.0945893 -0.0235007 -0.112877 -0.297642 0.94769
119 -0.462855 -0.0113341 0.099944 -0.0222863 -0.126934 -0.298131 0.945785
121 -0.464204 -0.0106333 0.105693 -0.0221551 -0.140873 -0.300511 0.943057
122 -0.464953 -0.0102576 0.108543 -0.0220919 -0.147716 -0.301347 0.941744
124 -0.461197 -0.0132663 0.114922 -0.0218589 -0.161354 -0.302191 0.939238
125 -0.462031 -0.0128676 0.117646 -0.0213544 -0.16828 -0.303066 0.937751
127 -0.431667 -0.0503928 0.120941 -0.0365082 -0.181067 -0.337327 0.923088
128 -0.432496 -0.0498857 0.123434 -0.0362067 -0.187464 -0.338014 0.921571
131 -0.429902 -0.0526555 0.131412 -0.0410561 -0.205185 -0.339345 0.917092
133 -0.426728 -0.0557952 0.137302 -0.0441106 -0.218098 -0.341502 0.913161
135 -0.428016 -0.054992 0.140455 -0.0455117 -0.231933 -0.343488 0.908929
137 -0.424892 -0.0581965 0.145919 -0.0499329 -0.245586 -0.343652 0.90504
139 -0.421949 -0.0612904 0.151592 -0.0525786 -0.261239 -0.341246 0.901411
140 -0.423406 -0.0603761 0.154465 -0.0577154 -0.276326 -0.339067 0.897411
142 -0.424931 -0.0594045 0.157272 -0.0621421 -0.29213 -0.33511 0.893588
144 -0.426587 -0.0583467 0.160104 -0.0664274 -0.306357 -0.331809 0.889739
146 -0.428328 -0.05723 0.162895 -0.0670428 -0.321758 -0.328728 0.88539
148 -0.430232 -0.0560339 0.165734 -0.0705291 -0.335622 -0.327533 0.880401
150 -0.432422 -0.0546506 0.168809 -0.0736963 -0.34921 -0.326151 0.875355
152 -0.434801 -0.0531434 0.171957 -0.075606 -0.363222 -0.323804 0.870347
154 -0.437411 -0.0515024 0.175199 -0.0769087 -0.376279 -0.322069 0.865315
156 -0.441734 -0.0488046 0.180264 -0.0809483 -0.392595 -0.31883 0.858874
158 -0.444716 -0.04694 0.183514 -0.0840854 -0.404841 -0.317654 0.853305
160 -0.447724 -0.0450492 0.186619 -0.0864898 -0.417083 -0.31759 0.84717
163 -0.452146 -0.0422575 0.190942 -0.0914681 -0.434158 -0.31828 0.837758
165 -0.455088 -0.0403688 0.193607 -0.0955098 -0.446426 -0.317641 0.831075
167 -0.457941 -0.0385161 0.19605 -0.0979708 -0.458302 -0.315127 0.825261
170 -0.461619 -0.0361308 0.199018 -0.102249 -0.474922 -0.312359 0.816349
172 -0.463693 -0.0347798 0.200557 -0.107677 -0.485143 -0.309927 0.810547
174 -0.465499 -0.0335868 0.201827 -0.11296 -0.49661 -0.304537 0.804907
176 -0.466974 -0.0326096 0.202798 -0.118524 -0.508189 -0.298816 0.799003
178 -0.468147 -0.0318291 0.203519 -0.124013 -0.52084 -0.293681 0.791895
180 -0.469156 -0.0311547 0.204092 -0.128907 -0.533588 -0.287522 0.784856
182 -0.469934 -0.030636 0.204496 -0.133476 -0.54649 -0.281371 0.777408
183 -0.47059 -0.0302 0.204807 -0.137665 -0.560735 -0.275447 0.768605
184 -0.47081 -0.030054 0.204901 -0.138437 -0.568559 -0.272443 0.763774
185 -0.471268 -0.0297533 0.205082 -0.13972 -0.575951 -0.270126 0.758809
187 -0.471853 -0.02937 0.2053 -0.143665 -0.589666 -0.267512 0.748393
189 -0.472065 -0.0292301 0.20537 -0.148938 -0.602531 -0.267397 0.737071
191 -0.471935 -0.0293172 0.205333 -0.149041 -0.616953 -0.265104 0.725862
193 -0.471827 -0.0293894 0.205307 -0.151932 -0.628964 -0.263861 0.71533
195 -0.471569 -0.0295624 0.205256 -0.154466 -0.64035 -0.260969 0.705682
197 -0.471278 -0.0297574 0.205209 -0.157937 -0.65094 -0.257857 0.696306
199 -0.471015 -0.0299348 0.205176 -0.160386 -0.66102 -0.253851 0.687669
201 -0.470716 -0.0301356 0.20515 -0.164179 -0.670356 -0.249935 0.679117
203 -0.47052 -0.0302678 0.205138 -0.166449 -0.679736 -0.245408 0.670842
206 -0.469943 -0.0306544 0.205124 -0.169044 -0.693049 -0.237143 0.659447
209 -0.46994 -0.0306563 0.205124 -0.172216 -0.705267 -0.227908 0.648844
212 -0.47009 -0.0305585 0.205114 -0.176851 -0.716024 -0.220469 0.6383
215 -0.470556 -0.0302571 0.205065 -0.180001 -0.725547 -0.213569 0.628943
218 -0.470424 -0.030342 0.205084 -0.181772 -0.735316 -0.205079 0.619848
221 -0.470428 -0.0303395 0.205083 -0.180176 -0.745106 -0.197317 0.61108
224 -0.470746 -0.0301443 0.205017 -0.179191 -0.753075 -0.188795 0.604256
227 -0.471157 -0.0299 0.20492 -0.178714 -0.761841 -0.179346 0.596234
231 -0.472415 -0.0291753 0.204585 -0.178652 -0.77018 -0.167911 0.588823
235 -0.474317 -0.0281223 0.204024 -0.17326 -0.777326 -0.157644 0.583861
236 -0.268843 0.77015 0.874249 -0.000378998 0.865451 0.0566316 -0.497782
239 -0.273662 0.763197 0.870967 -0.00750552 0.869243 0.047048 -0.492084
242 -0.276267 0.763423 0.869411 -0.0145744 0.872062 0.0356088 -0.487881
243 -0.277221 0.763477 0.868828 -0.0164207 0.872693 0.0320171 -0.486942
244 -0.278222 0.763524 0.868212 -0.0174435 0.873123 0.0286408 -0.486346
245 -0.279189 0.763561 0.867615 -0.0174514 0.87377 0.0257569 -0.485343
246 -0.280029 0.763589 0.867093 -0.0178363 0.874542 0.0225152 -0.484098
247 -0.280978 0.763614 0.866499 -0.0185123 0.875302 0.0189447 -0.48285
248 -0.281888 0.76363 0.865925 -0.0198195 0.875966 0.015283 -0.481724
249 -0.282953 0.76364 0.86525 -0.0207415 0.876638 0.0118464 -0.480557
250 -0.28427 0.763641 0.86441 -0.0217326 0.877518 0.00839145 -0.478977
251 -0.28548 0.763632 0.863632 -0.0232852 0.878608 0.00449566 -0.476954
252 -0.286858 0.763609 0.862735 -0.0252435 0.879686 0.00121628 -0.474883
253 -0.288435 0.763568 0.8617 -0.0272587 0.880908 -0.00207496 -0.472498
254 -0.289949 0.763514 0.860693 -0.0295775 0.882066 -0.0057933 -0.470162
257 -0.294213 0.763319 0.857824 -0.0357792 0.885365 -0.0154669 -0.463259
261 -0.299815 0.762904 0.853924 -0.0411767 0.890394 -0.026272 -0.452562
264 -0.303864 0.762481 0.850957 -0.0447597 0.894991 -0.0335944 -0.44256
268 -0.308777 0.76186 0.847184 -0.0500777 0.900518 -0.0399297 -0.430075
272 -0.312025 0.761118 0.835693 -0.0529404 0.905054 -0.047322 -0.419328
273 -0.31308 0.760936 0.834792 -0.0535158 0.906535 -0.0493138 -0.41581
274 -0.313729 0.76082 0.834229 -0.0540478 0.907785 -0.0504436 -0.412869
275 -0.314556 0.760669 0.833502 -0.0544874 0.909136 -0.0513902 -0.409709
276 -0.313863 0.760372 0.825483 -0.0551088 0.910396 -0.0528678 -0.406629
277 -0.314858 0.760181 0.824584 -0.0563205 0.911461 -0.0544909 -0.403854
278 -0.315588 0.760036 0.823916 -0.0573102 0.912455 -0.0554457 -0.401332
279 -0.316618 0.759827 0.822964 -0.0574703 0.913452 -0.0558701 -0.398974
280 -0.317605 0.759625 0.822041 -0.057679 0.914602 -0.0566202 -0.396196
281 -0.318687 0.7594 0.821017 -0.0578284 0.915983 -0.0573155 -0.392869
282 -0.319701 0.759186 0.820043 -0.0581267 0.917594 -0.0577695 -0.38898
283 -0.320506 0.759014 0.819257 -0.0577681 0.919345 -0.0579387 -0.384852
284 -0.321669 0.758764 0.8181 -0.0575279 0.921229 -0.0578579 -0.380368
285 -0.322715 0.758537 0.817039 -0.057249 0.923077 -0.0577359 -0.375923
286 -0.323702 0.758322 0.816019 -0.0562574 0.924924 -0.0576736 -0.371515
287 -0.324644 0.758117 0.815027 -0.0548682 0.92682 -0.0577936 -0.366951
288 -0.32581 0.757862 0.813773 -0.0527905 0.928918 -0.0574462 -0.361974
289 -0.326927 0.757619 0.812548 -0.0508409 0.930753 -0.05726 -0.357542
290 -0.328001 0.757386 0.811347 -0.0490597 0.93252 -0.0581796 -0.353008
291 -0.328923 0.757184 0.810295 -0.0479568 0.934306 -0.0582501 -0.348395
292 -0.329877 0.756974 0.809187 -0.0467083 0.935981 -0.0570526 -0.344243
293 -0.331395 0.756643 0.80739 -0.0446936 0.937533 -0.056756 -0.340312
294 -0.332922 0.756313 0.805552 -0.043337 0.939034 -0.0573496 -0.336227
295 -0.334381 0.755995 0.803765 -0.0424042 0.940537 -0.0576477 -0.332066
296 -0.33578 0.755686 0.80202 -0.0419904 0.942004 -0.0576101 -0.327942
297 -0.33344 0.749434 0.804542 -0.0417846 0.943437 -0.056609 -0.324
298 -0.3352 0.749045 0.802268 -0.0406944 0.944959 -0.0552929 -0.319905
299 -0.336721 0.748715 0.800268 -0.0393502 0.946482 -0.0545156 -0.315676
300 -0.338531 0.748324 0.797843 -0.0378513 0.947946 -0.0533084 -0.311648
301 -0.340409 0.747925 0.795282 -0.0359078 0.949419 -0.0522893 -0.307538
302 -0.342141 0.747563 0.792878 -0.0348218 0.950889 -0.0514656 -0.30323
303 -0.343645 0.74725 0.79075 -0.0345459 0.952321 -0.0503259 -0.29893
304 -0.345653 0.746837 0.787855 -0.0345445 0.953755 -0.0489325 -0.294558
305 -0.347528 0.746455 0.785095 -0.0348657 0.95527 -0.0482027 -0.28969
306 -0.349318 0.74609 0.782404 -0.0355688 0.956677 -0.0481334 -0.284932
307 -0.350474 0.74585 0.780625 -0.0366251 0.957965 -0.0478361 -0.280489
308 -0.351851 0.745561 0.778464 -0.0371499 0.959276 -0.0466207 -0.276107
309 -0.3535 0.745216 0.775822 -0.0373494 0.960602 -0.0453219 -0.271652
310 -0.359406 0.744932 0.780124 -0.037263 0.961951 -0.0451592 -0.266875
311 -0.36501 0.744717 0.784946 -0.037258 0.963257 -0.0450122 -0.262148
312 -0.366273 0.744449 0.782784 -0.0364506 0.964641 -0.0444715 -0.257218
313 -0.367556 0.744177 0.780536 -0.0353152 0.966173 -0.0442634 -0.2516
314 -0.368337 0.74401 0.77913 -0.0344801 0.967673 -0.0436903 -0.245991
315 -0.369225 0.74382 0.777489 -0.0343786 0.969104 -0.0426746 -0.240486
316 -0.369954 0.743664 0.776101 -0.0347112 0.970242 -0.0415738 -0.236004
317 -0.370646 0.743516 0.774757 -0.0344695 0.971293 -0.0395423 -0.23203
318 -0.371559 0.743327 0.772944 -0.0337087 0.972216 -0.0378625 -0.228531
319 -0.372539 0.743129 0.770964 -0.0326445 0.973066 -0.0372702 -0.225139
323 -0.38052 0.742527 0.771684 -0.0282492 0.975963 -0.0336743 -0.213459
328 -0.391753 0.748959 0.765878 -0.0258977 0.97891 -0.0285202 -0.200627
336 -0.401108 0.754933 0.744688 -0.0240977 0.980484 -0.0157882 -0.194476
348 -0.414468 0.753517 0.712258 -0.0221028 0.982592 -0.00741302 -0.184308
358 -0.417535 0.753184 0.682506 -0.0127598 0.984407 -0.00501588 -0.175369
362 -0.420245 0.753071 0.675138 -0.00972648 0.986565 -0.00173502 -0.163071
363 -0.420911 0.753058 0.67318 -0.00982542 0.987199 -0.000625085 -0.15919
364 -0.421713 0.753047 0.670756 -0.00970195 0.987817 0.000173053 -0.155316
366 -0.423025 0.753035 0.666686 -0.0109786 0.988879 -0.00185374 -0.148305
369 -0.42494 0.75299 0.660445 -0.0113332 0.990833 0.000529851 -0.134617
372 -0.427097 0.752974 0.652651 -0.0102767 0.992783 -0.00224674 -0.119465
375 -0.428668 0.752928 0.646218 -0.00872202 0.994366 -0.00787189 -0.105344
379 -0.430841 0.752746 0.636072 -0.00554951 0.995879 -0.0120322 -0.0897166
383 -0.432719 0.752484 0.625726 -0.00181335 0.9971 -0.0137485 -0.0748242
384 -0.43313 0.752408 0.623 -0.000685818 0.997356 -0.0145287 -0.0712003
385 -0.433547 0.752322 0.620093 0.00013986 0.997569 -0.0151728 -0.0680089
386 -0.433943 0.752234 0.617206 0.000746229 0.997801 -0.0154914 -0.0644343
387 -0.434316 0.752144 0.614327 0.00127294 0.99802 -0.0165143 -0.0606707
388 -0.434696 0.752042 0.611217 0.00116469 0.998175 -0.0180375 -0.0576127
389 -0.435016 0.751942 0.608459 0.000996737 0.998315 -0.019289 -0.054713
390 -0.435368 0.751818 0.605255 0.00117601 0.998435 -0.0201447 -0.0521602
391 -0.435698 0.751691 0.602112 0.00102908 0.998507 -0.021977 -0.0500005
397 -0.445832 0.751011 0.586696 0.00360999 0.9986 -0.0321058 -0.0418778
402 -0.44697 0.750145 0.573198 0.00234384 0.99877 -0.0392402 -0.0302331
406 -0.447547 0.7494 0.563722 4.37794e-05 0.998557 -0.0492243 -0.0214652
412 -0.448148 0.748022 0.549794 0.000707026 0.998169 -0.0594011 -0.0113532
418 -0.448528 0.74604 0.533196 0.00693922 0.997701 -0.0674089 0.000728223
425 -0.448517 0.743269 0.512786 0.00283432 0.996726 -0.0808055 0.000455985
435 -0.448503 0.738184 0.481628 -0.000371491 0.995951 -0.0893357 -0.0100273
440 -0.441078 0.735659 0.467562 -0.00668598 0.994845 -0.0998868 -0.0161848
452 -0.442169 0.736775 0.435382 -0.00385063 0.993404 -0.111893 -0.0247826
461 -0.45077 0.73165 0.4134 -0.00376017 0.991588 -0.126568 -0.0268126
470 -0.459514 0.724608 0.386719 -0.00840742 0.989699 -0.138897 -0.0336469
473 -0.460065 0.722247 0.378498 -0.0127355 0.987625 -0.151469 -0.0386283
481 -0.46844 0.708863 0.360479 -0.0153122 0.985446 -0.164729 -0.0390593
488 -0.469998 0.709884 0.34177 -0.0143992 0.984036 -0.175103 -0.0283557
492 -0.470383 0.707268 0.334674 -0.0130362 0.983871 -0.177822 -0.0144187
495 -0.470508 0.705419 0.329733 -0.0112188 0.983315 -0.181559 -0.0010485
500 -0.470651 0.709151 0.319664 -0.00962744 0.982317 -0.186552 0.0125852
505 -0.47031 0.704741 0.308465 -0.00734353 0.981477 -0.189521 0.0270418
509 -0.469745 0.707365 0.295978 -0.00245754 0.980103 -0.194033 0.0417563
514 -0.461232 0.707755 0.278566 0.004712 0.978961 -0.19699 0.0529883
521 -0.452511 0.701478 0.264218 0.0142065 0.977187 -0.202725 0.0617007
526 -0.450627 0.702742 0.249452 0.0181945 0.976905 -0.198894 0.0759341
529 -0.450161 0.701452 0.246453 0.0246125 0.977004 -0.193158 0.0868777
533 -0.44854 0.705514 0.237887 0.0292565 0.977357 -0.184606 0.0991909
537 -0.44675 0.709848 0.229762 0.0329227 0.977236 -0.177171 0.111963
541 -0.444914 0.714827 0.222548 0.033466 0.977104 -0.167873 0.126357
544 -0.443236 0.720418 0.21677 0.0346706 0.975687 -0.163768 0.141468
547 -0.44147 0.726137 0.211308 0.0339 0.974326 -0.155486 0.15926
550 -0.439653 0.732263 0.206262 0.0371746 0.972429 -0.148877 0.175599
553 -0.437561 0.73835 0.201055 0.0389072 0.970505 -0.143322 0.189906
556 -0.436834 0.737755 0.199254 0.040064 0.968207 -0.140086 0.203337
560 -0.436285 0.737341 0.197992 0.0371108 0.966318 -0.133688 0.21675
564 -0.436126 0.737235 0.197655 0.0347715 0.964422 -0.127239 0.229108
568 -0.435868 0.737079 0.197141 0.0338092 0.962252 -0.119941 0.241954
571 -0.435526 0.736895 0.196503 0.0357925 0.960307 -0.112802 0.252596
574 -0.435105 0.736687 0.195755 0.0389033 0.957345 -0.106763 0.265667
577 -0.435012 0.736645 0.195599 0.0412056 0.954345 -0.0991282 0.278751
580 -0.435022 0.736649 0.195615 0.0390602 0.951415 -0.0924124 0.291109
583 -0.434688 0.736528 0.195118 0.036314 0.948132 -0.0862903 0.303779
586 -0.434295 0.7364 0.194566 0.0340847 0.945155 -0.0782714 0.315268
589 -0.434303 0.736402 0.194577 0.0327495 0.941889 -0.0712795 0.326636
593 -0.435165 0.736622 0.195673 0.0318635 0.937688 -0.0628788 0.340252
597 -0.436126 0.736834 0.196826 0.0322159 0.933805 -0.0554596 0.351985
601 -0.43508 0.743792 0.195861 0.032672 0.929224 -0.0502293 0.364627
605 -0.436361 0.744015 0.197245 0.0326202 0.924099 -0.0432534 0.378294
609 -0.437247 0.744148 0.198149 0.0313271 0.919228 -0.0395911 0.390476
613 -0.437019 0.744117 0.197929 0.0331399 0.913342 -0.0361393 0.404231
616 -0.438239 0.744271 0.19904 0.036093 0.90709 -0.0321141 0.418155
619 -0.43699 0.744125 0.197969 0.0339722 0.901616 -0.0250578 0.430472
623 -0.43555 0.743987 0.196802 0.0316366 0.894668 -0.023894 0.444969
627 -0.432544 0.743718 0.194521 0.0306094 0.888087 -0.0214724 0.458153
631 -0.428523 0.743391 0.191655 0.0294926 0.881695 -0.0229196 0.47034
635 -0.419743 0.742783 0.194786 0.0300678 0.874032 -0.0253494 0.484275
639 -0.410689 0.742131 0.197959 0.0299041 0.867089 -0.0279303 0.496469
644 -0.399185 0.741248 0.19989 0.0303601 0.860359 -0.0301405 0.50789
651 -0.380376 0.739826 0.206626 0.0274073 0.85378 -0.0296713 0.519065
668 -0.336243 0.74416 0.217644 0.0178172 0.853815 -0.0207795 0.519856
674 -0.320746 0.74336 0.218074 0.00706561 0.853603 -0.0122117 0.520733
681 -0.304158 0.742834 0.209538 0.00971518 0.846644 -0.0057259 0.532041
698 -0.24938 0.749331 0.174692 0.00178831 0.849239 0.00785327 0.527947
705 -0.232901 0.749542 0.166561 -0.00142097 0.852377 0.0214968 0.522484
713 -0.214371 0.750335 0.157135 -0.00663115 0.858992 0.0284432 0.511156
717 -0.202035 0.750757 0.158977 -0.00792441 0.866124 0.0267897 0.499049
721 -0.189749 0.751196 0.160528 -0.00827332 0.874151 0.0298793 0.484663
725 -0.177798 0.751654 0.16191 -0.008021 0.881688 0.0313366 0.470722
728 -0.168035 0.751962 0.164402 -0.00606467 0.887731 0.0335352 0.4591
731 -0.158699 0.752212 0.166983 -0.00343974 0.894383 0.0389807 0.445587
734 -0.149496 0.752425 0.169439 -0.00188093 0.90126 0.0410699 0.431324
737 -0.141272 0.752546 0.172179 -0.00280012 0.907697 0.0428647 0.417423
740 -0.133424 0.75265 0.175058 -0.00416485 0.913418 0.0466166 0.404324
743 -0.125874 0.752747 0.178053 -0.0093315 0.918231 0.0502635 0.392731
748 -0.112296 0.752954 0.184677 -0.0149599 0.922896 0.0511249 0.381348
754 -0.103976 0.753371 0.186367 -0.011216 0.929217 0.0480143 0.366231
757 -0.0965514 0.753566 0.189101 -0.0117107 0.93438 0.052737 0.352158
760 -0.0889464 0.753829 0.19118 -0.011719 0.939801 0.0601415 0.336183
762 -0.0819128 0.753996 0.193776 -0.00930811 0.943448 0.0658674 0.324779
764 -0.0745486 0.754196 0.195859 -0.00649067 0.94698 0.0715178 0.313166
766 -0.0670681 0.754387 0.197672 -0.00522947 0.950489 0.0761708 0.301232
769 -0.059115 0.75469 0.198692 -0.00101952 0.95408 0.0801547 0.288627
781 -0.0395293 0.749144 0.194333 -0.00339871 0.952126 0.06644 0.298379
786 -0.0382428 0.749435 0.19249 -0.00517244 0.95025 0.0559147 0.306385
790 -0.0374518 0.749584 0.191394 -0.0013852 0.950053 0.0433608 0.309059
794 -0.037375 0.749595 0.191289 0.00339735 0.948769 0.0301367 0.314511
797 -0.0374891 0.749584 0.191442 0.00462596 0.946727 0.0121514 0.321775
800 -0.0375341 0.749583 0.1915 0.00451303 0.944198 0.000989997 0.329347
804 -0.0316912 0.749517 0.195532 0.00715824 0.938873 -0.00597104 0.344138
808 -0.0316376 0.749516 0.195469 0.00618203 0.933525 -0.00999872 0.35832
811 -0.0320101 0.749529 0.195883 0.00447175 0.92872 -0.0111639 0.370587
814 -0.027138 0.749538 0.201039 0.00210287 0.923614 -0.0073439 0.383248
817 -0.0225023 0.749558 0.20642 0.000171918 0.918352 -0.0010881 0.395762
820 -0.0234681 0.749561 0.207332 -0.00246708 0.912975 0.00516359 0.407975
823 -0.0249222 0.749539 0.208634 -0.00425523 0.907907 0.0130101 0.418948
826 -0.0261944 0.749493 0.209719 -0.00896157 0.903316 0.0212071 0.428358
830 -0.0292368 0.749312 0.212205 -0.016593 0.896913 0.0304673 0.440844
834 -0.0323994 0.749035 0.214646 -0.0198681 0.890559 0.0328894 0.453242
837 -0.0351362 0.748775 0.216639 -0.0238815 0.884477 0.0344115 0.4647
841 -0.0389514 0.748388 0.21927 -0.0334869 0.878181 0.0387398 0.47558
844 -0.0420871 0.748012 0.221321 -0.0395703 0.871439 0.0436655 0.486952
847 -0.0455879 0.747538 0.223483 -0.0423269 0.863477 0.0464041 0.500462
849 -0.0480121 0.747192 0.224877 -0.0414295 0.856902 0.0456623 0.511778
851 -0.0502347 0.746885 0.226078 -0.0418323 0.848393 0.0436236 0.525905
853 -0.0523785 0.746601 0.227147 -0.0441875 0.840926 0.0418711 0.537715
856 -0.0555781 0.746182 0.228633 -0.0502351 0.831243 0.0444443 0.551848
859 -0.0595883 0.745613 0.230332 -0.0520157 0.822585 0.0472972 0.564279
863 -0.0663131 0.744619 0.232945 -0.0512742 0.813978 0.0464688 0.576759
864 -0.0681048 0.744361 0.233578 -0.0499454 0.812181 0.0454888 0.57948
865 -0.0700566 0.744086 0.234254 -0.0495837 0.809956 0.0454041 0.582625
866 -0.0722981 0.743773 0.23501 -0.0499964 0.807782 0.0458135 0.585567
867 -0.0746949 0.743435 0.2358 -0.0493383 0.805963 0.044868 0.588198
868 -0.0771573 0.743095 0.236593 -0.0486564 0.804285 0.0435698 0.590643
869 -0.0797778 0.742742 0.23742 -0.0473937 0.802779 0.0414381 0.592944
870 -0.0821689 0.742432 0.23816 -0.0458948 0.801316 0.0392315 0.595187
871 -0.0847866 0.742108 0.238954 -0.0457492 0.79979 0.03919 0.59725
877 -0.102878 0.739817 0.251949 -0.0382314 0.794472 0.0313111 0.605287
878 -0.105693 0.739535 0.252728 -0.038971 0.79323 0.0298795 0.606938
880 -0.11175 0.738938 0.254376 -0.0375642 0.790358 0.0236902 0.611034
881 -0.114656 0.738686 0.255136 -0.0374837 0.788871 0.0217661 0.613029
882 -0.117629 0.738439 0.255898 -0.0379619 0.787073 0.0207844 0.615339
883 -0.12045 0.738207 0.256604 -0.0387391 0.785024 0.0200342 0.617928
884 -0.123364 0.737969 0.257312 -0.0389316 0.78295 0.0189497 0.620576
885 -0.126828 0.73769 0.25813 -0.0390078 0.780866 0.0188275 0.623195
886 -0.129802 0.737451 0.258811 -0.0390889 0.778491 0.0186871 0.626158
887 -0.132299 0.737251 0.259363 -0.039183 0.775683 0.0185207 0.629632
888 -0.134891 0.737044 0.259912 -0.0392755 0.772372 0.019504 0.633655
889 -0.137529 0.736828 0.260441 -0.0388897 0.768519 0.0200636 0.638328
890 -0.140457 0.736588 0.260992 -0.0380248 0.764096 0.0202995 0.64366
891 -0.14301 0.73638 0.261436 -0.0364389 0.759476 0.0204921 0.649191
892 -0.145761 0.73616 0.261872 -0.0345938 0.754483 0.0203962 0.65509
893 -0.148301 0.735965 0.262235 -0.0327326 0.749602 0.0201175 0.660773
894 -0.150931 0.73577 0.262569 -0.0313407 0.745016 0.019582 0.666022
895 -0.153346 0.735597 0.262842 -0.0302206 0.74078 0.0192109 0.670793
897 -0.15848 0.73524 0.263356 -0.0293132 0.731832 0.0185151 0.680603
899 -0.163547 0.734899 0.263727 -0.025807 0.721706 0.0180582 0.691483
901 -0.168393 0.734598 0.263937 -0.0256229 0.712522 0.0191906 0.700919
902 -0.171002 0.734433 0.26398 -0.0257539 0.708327 0.0190534 0.705157
903 -0.173416 0.73428 0.263992 -0.0258739 0.7044 0.0189273 0.709078
904 -0.176079 0.734111 0.263975 -0.0259931 0.700432 0.0187961 0.712998
905 -0.178675 0.733946 0.26393 -0.025986 0.696115 0.0177248 0.717241
906 -0.181249 0.733786 0.263853 -0.02582 0.691952 0.0166872 0.721289
907 -0.1838 0.733632 0.263748 -0.0259248 0.687803 0.0165514 0.725246
908 -0.186183 0.733487 0.263623 -0.0260177 0.684044 0.0164266 0.728792
909 -0.188842 0.733326 0.263455 -0.0260965 0.680849 0.0163163 0.731777
910 -0.191401 0.733171 0.263271 -0.0255729 0.677701 0.0158114 0.734722
911 -0.193836 0.733027 0.263075 -0.025643 0.674707 0.0157114 0.737473
912 -0.196421 0.732873 0.262846 -0.0257135 0.671733 0.0156121 0.740182
913 -0.199051 0.732717 0.262591 -0.0252384 0.668856 0.0145989 0.74282
914 -0.201456 0.732579 0.262339 -0.0248008 0.665788 0.0136899 0.745603
915 -0.203999 0.732437 0.262052 -0.0248586 0.662871 0.0135975 0.748197
916 -0.206347 0.732306 0.261768 -0.0249135 0.659963 0.0135097 0.750764
917 -0.208246 0.7322 0.261523 -0.0249592 0.657532 0.0134386 0.752893
918 -0.210388 0.732081 0.261232 -0.0250053 0.655225 0.0133693 0.754901
919 -0.212395 0.731969 0.260948 -0.0240559 0.652966 0.0129753 0.756894
920 -0.214199 0.731871 0.260681 -0.0231032 0.650897 0.0128673 0.758705
921 -0.215887 0.731783 0.260422 -0.0216644 0.649201 0.0123528 0.760208
922 -0.217439 0.731705 0.260176 -0.0193063 0.647517 0.0114795 0.76172
926 -0.222743 0.731467 0.259312 -0.0143826 0.641657 0.00875801 0.766807
927 -0.223798 0.731432 0.259123 -0.0135454 0.64025 0.00767054 0.768009
933 -0.228112 0.731297 0.258334 -0.00627336 0.63579 -0.00046226 0.771837
942 -0.229395 0.731285 0.258084 0.0038537 0.638267 -0.0102922 0.769736
951 -0.227243 0.731244 0.258489 0.0134708 0.64216 -0.0200434 0.76619
