# width:480 height:360 psr bound:50 mu:0.8
1 0 0 0 0 0 0 1
103 0.133333 -0.00833333 0.523529 -0.00180863 -0.151089 -0.137361 0.978928
142 0.157272 -0.0475428 0.886443 0.0375697 -0.397353 -0.180808 0.898892
143 0.156584 -0.0497076 0.896954 0.0363121 -0.404742 -0.180243 0.895756
144 0.152567 -0.0492676 0.900599 0.0359072 -0.411648 -0.179894 0.892689
145 0.148829 -0.0488478 0.90389 0.036539 -0.419032 -0.179157 0.88937
146 0.142747 -0.048165 0.909072 0.0380672 -0.426301 -0.178863 0.885904
147 0.137068 -0.0475368 0.913751 0.0380019 -0.432917 -0.179476 0.882568
148 0.132193 -0.0469833 0.917651 0.0373718 -0.439799 -0.180083 0.879062
149 0.126558 -0.0463193 0.922024 0.0370858 -0.446657 -0.180603 0.875502
150 0.121212 -0.0456715 0.926044 0.0369 -0.45297 -0.181062 0.872166
151 0.115571 -0.0449718 0.930164 0.036961 -0.459412 -0.180983 0.868803
152 0.109209 -0.0441718 0.934672 0.0376196 -0.466371 -0.180959 0.865064
153 0.102672 -0.0433456 0.939151 0.0383878 -0.472846 -0.181051 0.861489
154 0.0963777 -0.0425473 0.943329 0.0387968 -0.478697 -0.181306 0.85818
155 0.0842739 -0.043213 0.959721 0.0386696 -0.488758 -0.181091 0.852541
156 0.0796335 -0.0448148 0.971037 0.0378103 -0.49459 -0.181073 0.849213
211 -0.196491 0.106138 0.763035 0.0123038 -0.744942 -0.172445 0.644339
285 -0.433407 0.00600069 0.460434 -0.0884309 0.888423 0.0251777 -0.449723
357 -0.91853 0.095819 0.116788 -0.036665 0.961276 0.0858778 -0.259285
358 -0.92426 0.0974772 0.107132 -0.0363855 0.961901 0.0846493 -0.257405
359 -0.929232 0.0989064 0.0986711 -0.0356008 0.962359 0.0852129 -0.255609
360 -0.933264 0.100087 0.0917507 -0.0341755 0.962985 0.086761 -0.25291
445 -1.17653 0.0944508 -0.598639 -0.0358051 0.993994 -0.0100655 -0.102918
452 -1.18911 0.101364 -0.65612 -0.0332149 0.993619 -0.0173054 -0.106391
453 -1.1911 0.10097 -0.665399 -0.0330229 0.993514 -0.0185368 -0.107222
454 -1.20148 0.0999881 -0.674018 -0.0330229 0.993514 -0.0185368 -0.107222
455 -1.20375 0.099518 -0.68447 -0.0330229 0.993514 -0.0185368 -0.107222
456 -1.20523 0.0992126 -0.69126 -0.0334631 0.993416 -0.0205357 -0.107621
457 -1.20729 0.0987466 -0.700734 -0.0333341 0.993358 -0.0219823 -0.107911
458 -1.20907 0.0983198 -0.708922 -0.0335279 0.993341 -0.0247201 -0.10742
517 -1.33138 0.0860188 -1.18923 -0.0261367 0.993973 -0.104218 -0.021765
527 -1.32061 0.0773006 -1.26789 -0.0147675 0.994721 -0.101538 0.00172718
533 -1.32102 0.0914467 -1.30137 -0.00425293 0.99576 -0.0895083 0.0207924
538 -1.32025 0.10148 -1.32313 0.000562566 0.996208 -0.0789939 0.0364617
542 -1.32627 0.113377 -1.33876 0.00221776 0.996152 -0.0705063 0.0520041
546 -1.4408 0.122635 -1.3335 0.00443048 0.995284 -0.0624921 0.0740634
548 -1.43985 0.136103 -1.33987 0.00720232 0.994696 -0.0570046 0.0853169
553 -1.43677 0.148737 -1.35733 0.0110799 0.992676 -0.0475047 0.110517
558 -1.43341 0.147247 -1.37228 0.011717 0.990501 -0.0404999 0.130882
559 -1.4492 0.14761 -1.37451 0.0109381 0.990156 -0.0389764 0.133988
560 -1.46514 0.147992 -1.37627 0.0107165 0.989765 -0.0374747 0.137281
561 -1.48114 0.148385 -1.37786 0.0103848 0.989384 -0.0360936 0.14039
567 -1.51067 0.156437 -1.38944 0.00838191 0.986856 -0.0256245 0.159337
576 -1.51944 0.179888 -1.41397 0.0184094 0.9806 -0.00546818 0.195077
580 -1.52432 0.188174 -1.4227 0.0179167 0.977186 0.00400068 0.211592
591 -1.51626 0.211288 -1.4384 0.0148204 0.966413 0.0300352 0.254803
857 -0.235385 0.355345 -1.55568 -0.0508327 0.861287 0.143757 0.4847
862 -0.243732 0.294589 -1.51475 -0.0343743 0.847123 0.164364 0.504168
906 -0.555098 0.196863 -1.24567 -0.00145591 0.74061 0.119558 0.661212
963 -0.689487 0.160026 -1.22857 0.0486348 0.704942 0.075148 0.703594
964 -0.688686 0.160056 -1.22857 0.0494376 0.705683 0.0749639 0.702814
