# width:480 height:360 psr bound:50 mu:0.8
1 0 0 0 0 0 0 1
431 0.07 -0.25375 1.51366 0.0132163 -0.356042 -0.127088 0.925693
521 -0.159229 -0.22547 1.66266 -0.0335221 -0.693307 -0.164839 0.700736
601 -0.429837 -0.174845 1.34624 -0.0220776 0.873759 0.172206 -0.454316
686 -0.713124 -0.099281 0.715033 -0.0386436 0.963198 0.187154 -0.189021
786 -0.804123 -0.0432668 0.0559259 -0.0555185 0.989646 0.132146 0.00750617
846 -0.717536 0.0023751 -0.202637 -0.0503804 0.964811 0.139184 0.217322
956 -0.127348 0.0988363 -0.6367 -0.0621876 0.769881 0.122702 0.623185
1056 0.501908 0.105753 -0.458705 -0.0862941 0.438908 0.0560248 0.892622
1076 0.57864 0.0773645 -0.375504 -0.0762667 0.37696 0.0313977 0.92255
1106 0.658757 0.0470366 -0.201045 -0.065721 0.290579 0.0121131 0.954514
1181 0.80606 -0.00633411 0.278788 0.000121056 0.184338 0.00730885 0.982836
