# width:480 height:360 psr bound:50 mu:0.8
1 6.91115e-310 4.64314e-310 6.91114e-310 -1.134e-310 -9.48039e-316 1.13401e-310 0.5
2 0 0.00833333 -0.00226409 0.0014099 -0.000192626 -0.000343727 0.999999
3 0 0 -0.00233777 -0.00127845 0.000164669 -0.00024953 0.999999
4 0 0.00833333 -0.00174011 -0.00150447 0.000717142 -0.000433772 0.999999
5 0 0.00833333 -0.00259011 -0.00148817 0.00071779 -0.00093616 0.999998
6 0 0.0166667 -0.00246716 -0.00148777 0.00074041 -0.000673768 0.999998
7 0 0 -0.00192468 -0.00430446 0.00124738 -0.000912816 0.99999
8 0 0.00833333 -0.00121837 -0.00184048 0.000739197 -0.000447068 0.999998
9 0 0.00833333 -0.00166179 -0.00149225 0.000736543 -0.00054898 0.999998
10 0 0.00833333 -0.00129881 -0.00279311 0.00088678 -0.000701625 0.999995
11 0 0.00833333 -0.000274514 -0.00164452 0.00071883 -0.000357591 0.999998
12 0 0 0.000431901 -0.0015054 0.00071973 -0.000356735 0.999999
13 0 0.00833333 0.00105129 0 0 0 1
14 0 0 0.000993376 0 0 0 1
15 0 0.00833333 0.00103626 0.00133321 1.64346e-05 0.00119324 0.999998
16 0 0 0.000952342 0.00141149 -3.14483e-05 0.00118119 0.999998
17 0 0.00833333 0.000361819 0.00141642 -0.000254271 0.000667139 0.999999
18 0 0.00833333 0.000223546 0.00101274 -0.000449462 -1.95738e-05 0.999999
19 0 0.00833333 -3.98912e-05 0.000680764 -0.000327911 -0.00119459 0.999999
20 0 0 -0.000765994 -0.000785596 0.000296327 -0.0041159 0.999991
21 0 0 -0.000741653 -0.00151565 0.000710527 -0.00360186 0.999992
22 0 0 -0.000901663 -0.00151561 0.000709285 -0.00341473 0.999993
23 -0.00833333 0 -0.000779167 -0.00150315 0.000711825 -0.00247525 0.999996
24 -0.00833333 0.00833333 -0.000627462 -0.00150304 0.000715375 -0.00239943 0.999996
25 -0.00833333 0 -0.000699347 -0.00150412 0.000739063 -0.00245948 0.999996
26 -0.00833333 0 -0.000793001 -0.00152345 0.000733614 -0.00322526 0.999993
27 -0.00833333 0 -0.000719244 -0.0015311 0.000734898 -0.00411868 0.99999
28 -0.00833333 0 -0.000341554 -0.00151979 0.000717965 -0.00351034 0.999992
29 -0.00833333 0 -0.000621808 -0.00153208 0.000730353 -0.00386093 0.999991
30 -0.00833333 0 -0.0006386 -0.0015256 0.000729681 -0.00596754 0.999981
31 0 0 -0.000663629 -0.00152957 0.000711048 -0.00693411 0.999975
32 -0.00833333 0.00833333 7.11179e-05 -0.0015086 0.000733944 -0.00381608 0.999991
33 -0.00833333 0.00833333 0.000271331 -0.0015049 0.000734064 -0.00481305 0.999987
34 -0.00833333 0.00833333 -0.000387575 -0.00150207 0.000733631 -0.00501098 0.999986
35 -0.00833333 0.00833333 -0.000164447 -0.00150052 0.000734178 -0.00358376 0.999992
36 -0.00833333 0.00833333 0.000151373 -0.00278391 0.00195587 -0.00548134 0.999979
37 -0.00833333 0.00833333 0.000145157 -0.00267396 0.00329282 -0.00576142 0.999974
38 -0.0166667 0.0166667 -0.000540191 -0.00266317 0.00414505 -0.00494675 0.999976
39 -0.0166667 0.00833333 0.000411147 -0.00476256 0.00500163 -0.00413717 0.999968
40 -0.0166667 0.00833333 0.00244314 -0.00586597 0.00524263 -0.0031123 0.999964
41 -0.0166667 0.00833333 0.00354511 -0.00509835 0.00561432 -0.00227103 0.999969
42 -0.0166667 0.00833333 0.00537034 -0.00497833 0.00588167 -0.00171167 0.999969
43 -0.0166667 0.00833333 0.00730122 -0.00485206 0.00626643 -0.00137755 0.999968
44 -0.0166667 0.00833333 0.00910633 -0.00390311 0.00713912 -0.00173335 0.999965
45 -0.0166667 0.00833333 0.0109742 -0.00350522 0.00800508 -0.00273218 0.999958
46 -0.025 0.0166667 0.0140424 -0.00437856 0.00914615 -0.00386942 0.999941
47 -0.025 0.0166667 0.0185836 -0.00524506 0.0102699 -0.00523882 0.99992
48 -0.025 0.0166667 0.0221695 -0.0054707 0.0106883 -0.00701253 0.999903
49 -0.025 0.0166667 0.0271252 -0.00726706 0.0111122 -0.00896255 0.999872
50 -0.025 0.0166667 0.0331864 -0.00893882 0.0115489 -0.0106174 0.999837
51 -0.0166667 0.0166667 0.039388 -0.00950933 0.0114252 -0.0121732 0.999815
52 -0.0166667 0.025 0.0450442 -0.00976139 0.011134 -0.0133907 0.999801
53 -0.0166667 0.025 0.050986 -0.0111416 0.0109105 -0.0146948 0.99977
54 -0.0166667 0.025 0.0590964 -0.0127075 0.0106977 -0.015486 0.999742
55 -0.00833333 0.0166667 0.067154 -0.0133037 0.00948478 -0.016117 0.999737
56 -0.00833333 0.0166667 0.075111 -0.0132445 0.00757039 -0.0171586 0.999736
57 -0.00833333 0.0166667 0.0842989 -0.0132641 0.00621121 -0.0184766 0.999722
58 0 0.0166667 0.0930433 -0.01144 0.00458175 -0.0200807 0.999722
59 0 0.0166667 0.101182 -0.00991524 0.00323226 -0.0225576 0.999691
60 0.00833333 0.0166667 0.11079 -0.00982088 0.00193355 -0.0248378 0.999641
61 0.00833333 0.0166667 0.120322 -0.00948719 0.000363843 -0.0275865 0.999574
62 0.0166667 0.0166667 0.129342 -0.00894978 -0.00166359 -0.0298767 0.999512
63 0.0166667 0.0166667 0.139712 -0.00900626 -0.00404593 -0.0320614 0.999437
64 0.025 0.0166667 0.149179 -0.00867522 -0.00652612 -0.0348589 0.999333
65 0.025 0.0166667 0.157827 -0.008967 -0.00899515 -0.0382095 0.999189
66 0.0333333 0.0166667 0.168496 -0.0103158 -0.0115548 -0.0414924 0.999019
67 0.0333333 0.00833333 0.177803 -0.00849405 -0.0134112 -0.0453234 0.998846
68 0.0416667 0.0166667 0.186886 -0.0066686 -0.016257 -0.0483645 0.998675
69 0.05 0.0166667 0.195334 -0.00630309 -0.0189931 -0.0509264 0.998502
70 0.05 0.00833333 0.205229 -0.0068198 -0.0220198 -0.0528535 0.998336
71 0.0583333 0.00833333 0.214224 -0.0062056 -0.0252354 -0.054174 0.998193
72 0.0583333 0.0166667 0.222548 -0.00647092 -0.0280781 -0.0554415 0.998046
73 0.0666667 0.00833333 0.232001 -0.00728544 -0.0314364 -0.057187 0.997842
74 0.0666667 0.00833333 0.240984 -0.00631015 -0.0349202 -0.0594593 0.9976
75 0.075 0.00833333 0.248628 -0.0048168 -0.0386453 -0.0624561 0.997288
76 0.075 0.0166667 0.25605 -0.00525685 -0.0420683 -0.0654426 0.996955
77 0.0833333 0.00833333 0.265343 -0.00682067 -0.0456333 -0.0693271 0.996526
78 0.0833333 0.00833333 0.274348 -0.00669543 -0.0483547 -0.0728554 0.996147
79 0.0833333 0.00833333 0.282089 -0.00596103 -0.0517608 -0.0758808 0.995755
80 0.0916667 0.00833333 0.290732 -0.00675501 -0.0561683 -0.0790379 0.995265
81 0.0916667 0.00833333 0.299291 -0.00736037 -0.0600841 -0.0824828 0.994752
82 0.0916667 0.0166667 0.307752 -0.00788904 -0.0644707 -0.0861857 0.99416
83 0.1 0.0166667 0.316405 -0.00983555 -0.0684295 -0.0893104 0.993602
84 0.1 0.00833333 0.325584 -0.0116217 -0.0725738 -0.0921556 0.993028
85 0.1 0.00833333 0.334424 -0.0121517 -0.0770929 -0.0948391 0.992429
86 0.108333 0.00833333 0.344083 -0.0124295 -0.0815756 -0.0977735 0.991782
87 0.108333 0.00833333 0.353499 -0.0122413 -0.0857055 -0.100892 0.991123
88 0.108333 0.00833333 0.363223 -0.0124043 -0.0892682 -0.103917 0.990494
89 0.108333 0.00833333 0.373147 -0.0119956 -0.0925451 -0.107175 0.989851
90 0.116667 0.00833333 0.3833 -0.0110035 -0.0962266 -0.110717 0.989121
91 0.116667 0.00833333 0.393897 -0.011055 -0.0992653 -0.113694 0.988483
92 0.116667 0.00833333 0.403845 -0.0112091 -0.102686 -0.11557 0.987914
93 0.125 0.00833333 0.414496 -0.0122444 -0.106644 -0.117116 0.9873
94 0.125 0.00833333 0.42488 -0.0126996 -0.110952 -0.118756 0.986623
95 0.125 0.00833333 0.435835 -0.0138225 -0.115863 -0.121016 0.985769
96 0.125 0 0.447652 -0.0146496 -0.120716 -0.124357 0.984758
97 0.125 0 0.45824 -0.0131318 -0.124845 -0.127757 0.983829
98 0.133333 0 0.469045 -0.0125159 -0.129008 -0.131092 0.982861
99 0.133333 -0.00833333 0.4807 -0.0123444 -0.133097 -0.134538 0.981851
100 0.133333 -0.00833333 0.491901 -0.00982642 -0.137364 -0.13686 0.980971
101 0.133333 -0.00833333 0.501857 -0.00727332 -0.141532 -0.138247 0.980206
102 0.133333 -0.00833333 0.513024 -0.00561247 -0.146089 -0.139695 0.979343
103 0.133333 -0.00833333 0.523529 -0.00180863 -0.151089 -0.137361 0.978928
104 0.138816 -0.0102946 0.534322 0.00049554 -0.155164 -0.139526 0.977986
105 0.144623 -0.0123054 0.544066 0.00273629 -0.158962 -0.141337 0.977112
106 0.142105 -0.0119213 0.552204 0.00535609 -0.162949 -0.142741 0.97624
107 0.155755 -0.0162534 0.565114 0.00629814 -0.166944 -0.144507 0.975299
108 0.134686 -0.019569 0.568227 0.00811828 -0.171297 -0.146112 0.974291
109 0.140414 -0.0215676 0.578229 0.0109082 -0.176471 -0.146624 0.973263
110 0.138385 -0.0212582 0.584785 0.0134052 -0.182608 -0.14675 0.97208
111 0.144135 -0.0232602 0.594715 0.0156036 -0.188826 -0.146875 0.970839
112 0.150077 -0.0252916 0.604024 0.0174444 -0.194735 -0.147422 0.969557
113 0.1478 -0.0249442 0.611383 0.0199375 -0.200878 -0.147927 0.968178
114 0.153412 -0.0269253 0.621756 0.0217428 -0.206814 -0.148817 0.966752
115 0.139889 -0.0325169 0.628996 0.023115 -0.212233 -0.150198 0.965331
116 0.156906 -0.0285831 0.638979 0.024904 -0.217721 -0.150913 0.963952
117 0.135165 -0.0317963 0.64426 0.0260289 -0.224243 -0.151717 0.962299
118 0.140369 -0.0337151 0.655954 0.0278503 -0.23145 -0.152152 0.960471
119 0.137701 -0.0333081 0.664577 0.0297165 -0.237631 -0.153132 0.958749
120 0.142841 -0.0352171 0.676477 0.0307854 -0.244079 -0.154634 0.956852
121 0.140099 -0.0347988 0.685339 0.0325522 -0.250791 -0.156695 0.95472
122 0.145098 -0.0366862 0.697697 0.0338287 -0.257284 -0.158121 0.952711
123 0.142582 -0.0363025 0.705826 0.035055 -0.263515 -0.159133 0.950793
124 0.147599 -0.0381927 0.718124 0.0364938 -0.270215 -0.160127 0.948689
125 0.1448 -0.0377658 0.727169 0.0382409 -0.276683 -0.161585 0.946506
126 0.149775 -0.0396496 0.739604 0.0392162 -0.282689 -0.163512 0.944358
127 0.155113 -0.0415889 0.750864 0.0402356 -0.288626 -0.16584 0.942111
128 0.160192 -0.0434886 0.762961 0.0419069 -0.294519 -0.167174 0.939976
129 0.149717 -0.0407656 0.768303 0.0424373 -0.29998 -0.168682 0.937954
130 0.15521 -0.0427286 0.779061 0.0414852 -0.305723 -0.170268 0.935853
131 0.152812 -0.0423627 0.786812 0.0409821 -0.311934 -0.171212 0.933651
132 0.158139 -0.0443002 0.798109 0.0413537 -0.318096 -0.17283 0.931254
133 0.152341 -0.0521953 0.808893 0.0409514 -0.32437 -0.175312 0.92864
134 0.161488 -0.0459361 0.815797 0.0421625 -0.330562 -0.177216 0.926038
135 0.159114 -0.0455739 0.823469 0.0426631 -0.337345 -0.179206 0.923181
136 0.156824 -0.0452246 0.83087 0.0419979 -0.344394 -0.180906 0.920273
137 0.162544 -0.047222 0.840897 0.0411597 -0.350893 -0.181676 0.9177
138 0.160431 -0.0468998 0.847723 0.0411513 -0.358172 -0.181541 0.914911
139 0.15807 -0.0465396 0.855354 0.0414502 -0.366237 -0.18153 0.911701
140 0.161608 -0.0482043 0.872431 0.0392022 -0.381449 -0.182055 0.905437
141 0.159313 -0.0478542 0.879847 0.0387798 -0.389472 -0.181329 0.902179
142 0.157272 -0.0475428 0.886443 0.0375697 -0.397353 -0.180808 0.898892
143 0.156584 -0.0497076 0.896954 0.0363121 -0.404742 -0.180243 0.895756
144 0.152636 -0.0492946 0.90065 0.0359035 -0.411663 -0.179894 0.892683
145 0.149071 -0.0489218 0.903987 0.0365346 -0.419049 -0.179155 0.889363
146 0.143143 -0.0483017 0.909535 0.0380653 -0.426322 -0.178857 0.885895
147 0.147779 -0.0436028 0.918821 0.0380006 -0.432942 -0.17947 0.882557
148 0.143164 -0.04312 0.923142 0.0373703 -0.439829 -0.180075 0.879049
149 0.13793 -0.0425725 0.928041 0.037084 -0.446692 -0.180593 0.875487
150 0.135675 -0.0445734 0.940018 0.0368989 -0.45301 -0.181047 0.872148
151 0.130503 -0.0440324 0.944859 0.0369579 -0.45946 -0.180967 0.868782
152 0.124984 -0.0434551 0.950025 0.037616 -0.466425 -0.180943 0.865039
153 0.118762 -0.0428041 0.95585 0.0383819 -0.472905 -0.181039 0.86146
154 0.113033 -0.0422049 0.961213 0.0387901 -0.478761 -0.181291 0.858148
155 0.100356 -0.0408788 0.973079 0.0386602 -0.488836 -0.181072 0.852501
156 0.0968518 -0.042749 0.986226 0.037797 -0.494673 -0.181057 0.849169
157 0.0908216 -0.0421182 0.991871 0.037568 -0.500615 -0.181031 0.845695
158 0.0847808 -0.0414863 0.997526 0.0369437 -0.506497 -0.182151 0.841972
