# width:480 height:360 psr bound:50 mu:0.8
1 6.94544e-310 6.95272e-310 6.94546e-310 3.63042e-313 9.48043e-316 -3.6399e-313 0.5
2 0 0.00833333 -0.00231281 0.00128699 -0.000203279 -0.000307561 0.999999
3 0 0 -0.00233021 -0.00128218 0.000187034 -0.000238289 0.999999
4 0 0 -0.00182517 -0.00159889 0.000709168 -0.000451337 0.999998
5 0 0.00833333 -0.00258105 -0.00161482 0.000699357 -0.0010033 0.999998
6 0 0.0166667 -0.00246589 -0.00139027 0.000680236 -0.000624908 0.999999
7 0 0 -0.001871 -0.00421278 0.00122758 -0.000874612 0.99999
8 0 0.00833333 -0.00117127 -0.00195144 0.000680351 -0.000464343 0.999998
9 0 0.00833333 -0.00159697 -0.00143381 0.000705339 -0.000517897 0.999999
10 0 0.00833333 -0.00109087 -0.00236439 0.000811962 -0.000588826 0.999997
11 0 0.00833333 -0.000247422 -0.00157513 0.000679512 -0.000336008 0.999998
12 0 0 0.000470449 -0.00159172 0.000689567 -0.000371632 0.999998
13 0 0.00833333 0.000963004 0 0 0 1
14 0 0 0.000924207 0 0 0 1
15 0 0.00833333 0.000982912 0.00131401 -2.02022e-05 0.00119941 0.999998
16 0 0 0.000856123 0.00139055 -5.37509e-05 0.00118137 0.999998
17 0 0 0.000130999 0.0013858 -0.000285307 0.000666895 0.999999
18 0 0.00833333 0.00022484 0.000975436 -0.000466152 -4.30027e-06 0.999999
19 0 0.00833333 -0.000117805 0.000653785 -0.000322427 -0.00113071 0.999999
20 0 0 -0.000809312 -0.000787395 0.000317948 -0.00414989 0.999991
21 0 0 -0.000675662 -0.0014636 0.00069997 -0.0034793 0.999993
22 0 0 -0.000813415 -0.00146103 0.000700664 -0.00330243 0.999993
23 -0.00833333 0.00833333 -0.000594643 -0.00144844 0.000702537 -0.00239085 0.999996
24 -0.00833333 0.00833333 -0.000623041 -0.00143573 0.000702788 -0.00229495 0.999996
25 -0.00833333 0.00833333 -0.000523586 -0.00144272 0.000710844 -0.00236756 0.999996
26 -0.00833333 0 -0.000807589 -0.00146182 0.000710052 -0.00310736 0.999994
27 -0.00833333 0 -0.000655306 -0.00145714 0.000708864 -0.00393398 0.999991
28 -0.00833333 0 -0.000333876 -0.00146207 0.000709428 -0.00338511 0.999993
29 -0.00833333 0 -0.000479119 -0.00145378 0.000708236 -0.00366895 0.999992
30 -0.00833333 0 -0.000578076 -0.00150263 0.00074676 -0.00590478 0.999981
31 0 0 -0.000590934 -0.00151004 0.000749505 -0.00686687 0.999975
32 -0.00833333 0.00833333 0.000130637 -0.00143951 0.000709012 -0.00364783 0.999992
33 -0.00833333 0.00833333 0.000326943 -0.00143721 0.000707267 -0.00460879 0.999988
34 -0.00833333 0.00833333 -0.0002775 -0.00139533 0.000673823 -0.00466528 0.999988
35 -0.00833333 0.0166667 -5.27917e-05 -0.00142541 0.000707303 -0.00340759 0.999993
36 -0.00833333 0.00833333 0.000132646 -0.00273441 0.00188279 -0.00539312 0.99998
37 -0.00833333 0.00833333 0.000151298 -0.00262968 0.00324846 -0.00567422 0.999975
38 -0.0166667 0.0166667 -0.000498925 -0.00259919 0.00412908 -0.00482985 0.999976
39 -0.0166667 0.00833333 0.000444314 -0.00469312 0.00494394 -0.00406989 0.999968
40 -0.0166667 0.00833333 0.00248435 -0.00580695 0.00520186 -0.00307623 0.999965
41 -0.0166667 0.00833333 0.00353715 -0.0051429 0.00557833 -0.00228496 0.999969
42 -0.0166667 0.00833333 0.00533904 -0.00500617 0.00584175 -0.00171436 0.999969
43 -0.0166667 0.00833333 0.00729957 -0.00484933 0.00622889 -0.00137458 0.999968
44 -0.0166667 0.00833333 0.00907622 -0.00400531 0.00711119 -0.00177838 0.999965
45 -0.0166667 0.00833333 0.0109814 -0.00343853 0.0079663 -0.00268331 0.999959
46 -0.0166667 0.0166667 0.0140446 -0.00432253 0.0091109 -0.00381959 0.999942
47 -0.025 0.0166667 0.0186182 -0.00519187 0.0102343 -0.00518657 0.999921
48 -0.025 0.0166667 0.0221774 -0.00541421 0.0106694 -0.00693282 0.999904
49 -0.025 0.0166667 0.0271514 -0.00721686 0.011078 -0.00887809 0.999873
50 -0.0248706 0.0167493 0.0329551 -0.00891937 0.0115121 -0.0105545 0.999838
51 -0.0247392 0.0168333 0.0388527 -0.00949844 0.0113876 -0.0121434 0.999816
52 -0.0246057 0.0169186 0.0448406 -0.00975283 0.0110946 -0.0133869 0.999801
53 -0.0163471 0.0168605 0.0508025 -0.0111623 0.0108686 -0.0147109 0.99977
54 -0.0161698 0.0169738 0.0587598 -0.0127298 0.010653 -0.015473 0.999742
55 -0.0159916 0.0170876 0.0667533 -0.0133236 0.00944002 -0.0161069 0.999737
56 -0.0158202 0.0171971 0.0744447 -0.0132583 0.00752541 -0.0171613 0.999737
57 -0.00762931 0.00906419 0.083899 -0.0132653 0.00616752 -0.0184902 0.999722
58 -0.0074331 0.00918955 0.092702 -0.0114218 0.00454422 -0.0201795 0.999721
59 0.00101225 0.0172823 0.10051 -0.00990194 0.00319485 -0.0229053 0.999683
60 -0.0170181 -0.0223742 0.110204 -0.00979348 0.00174519 -0.00449018 0.99994
61 -0.0169856 -0.0221962 0.119297 -0.00940751 0.000179126 -0.00662849 0.999934
62 -0.00882611 -0.0220788 0.129009 -0.00883403 -0.00183402 -0.00912158 0.999918
63 -0.000667396 -0.0219656 0.138506 -0.00884438 -0.00422027 -0.0109908 0.999892
64 -0.000634377 -0.021785 0.147733 -0.00845273 -0.00669132 -0.0139393 0.999845
65 0.00752355 -0.0216761 0.157011 -0.00868231 -0.00916815 -0.0168724 0.999778
66 0.0151792 -0.029884 0.167715 -0.00997628 -0.0117546 -0.0201209 0.999679
67 0.0150219 -0.0297299 0.176432 -0.00808654 -0.0135677 -0.0239966 0.999587
68 0.0229713 -0.0298365 0.185986 -0.00618504 -0.0163713 -0.0270846 0.99948
69 0.023099 -0.0215727 0.194031 -0.0057601 -0.0191005 -0.0297419 0.999358
70 0.0308411 -0.0219327 0.203922 -0.00620775 -0.0221388 -0.0315816 0.999237
71 0.0305252 -0.0218271 0.212265 -0.00551755 -0.0253417 -0.0329524 0.99912
72 0.0382986 -0.0221975 0.221326 -0.00572793 -0.0282099 -0.0342594 0.998998
73 0.0379608 -0.0220846 0.230247 -0.00647728 -0.0315972 -0.0360077 0.998831
74 0.0452457 -0.0305639 0.239493 -0.00541301 -0.0350807 -0.0382932 0.998636
75 0.0528156 -0.0310831 0.247388 -0.00383961 -0.0387787 -0.0414286 0.998381
76 0.0529536 -0.0228881 0.254289 -0.00422121 -0.0422159 -0.0446212 0.998103
77 0.0597771 -0.0314844 0.263996 -0.00570362 -0.0458155 -0.048265 0.997767
78 0.0591559 -0.0313641 0.272892 -0.00552023 -0.0485423 -0.0518921 0.997457
79 0.05842 -0.0312414 0.2805 -0.0047175 -0.0519441 -0.0550552 0.99712
80 0.0656672 -0.0319454 0.289518 -0.0054054 -0.0563842 -0.0580349 0.996706
81 0.0648238 -0.0318048 0.298237 -0.00598284 -0.060324 -0.0618958 0.99624
82 0.0637724 -0.0316342 0.306975 -0.0064248 -0.0647055 -0.0656108 0.995724
83 0.070766 -0.0324664 0.31635 -0.00831921 -0.0687095 -0.0687642 0.995229
84 0.069829 -0.0323143 0.324136 -0.0100281 -0.0728626 -0.0715439 0.994722
85 0.0686746 -0.03207 0.332093 -0.0104851 -0.077356 -0.0743095 0.994175
86 0.0755649 -0.0329753 0.342061 -0.0106409 -0.0818322 -0.0771423 0.993599
87 0.0742584 -0.0326988 0.351066 -0.0103437 -0.0859505 -0.080184 0.993014
88 0.080876 -0.0337094 0.361158 -0.0104168 -0.089512 -0.083164 0.992453
89 0.0794669 -0.0334232 0.369368 -0.00998465 -0.0927707 -0.0870213 0.991827
90 0.085716 -0.034359 0.381608 -0.00886256 -0.096438 -0.090036 0.991219
91 0.0840112 -0.0340128 0.391542 -0.00886463 -0.0994773 -0.0931266 0.990633
92 0.0820065 -0.0336426 0.401594 -0.00896198 -0.102899 -0.0950935 0.990095
93 0.0882241 -0.0348319 0.412309 -0.00991849 -0.106874 -0.0966544 0.989514
94 0.0863135 -0.0344791 0.421889 -0.0103045 -0.111191 -0.0984081 0.988861
95 0.0924602 -0.0356553 0.432959 -0.0113599 -0.116133 -0.100795 0.988041
96 0.0878184 -0.0434322 0.445444 -0.0121368 -0.121009 -0.104347 0.987077
97 0.0937336 -0.0446624 0.456939 -0.0105826 -0.125127 -0.108113 0.986176
98 0.0996802 -0.0458989 0.468301 -0.00994799 -0.129299 -0.111817 0.985231
99 0.102861 -0.0555171 0.481734 -0.00982151 -0.133398 -0.116182 0.98418
100 0.100553 -0.0550737 0.490567 -0.00719054 -0.137621 -0.118293 0.983369
101 0.0982356 -0.0546286 0.499432 -0.0046906 -0.141737 -0.12059 0.982521
102 0.111748 -0.0582804 0.51247 -0.00308576 -0.146259 -0.122881 0.98158
103 0.117028 -0.0598754 0.524097 0.000107849 -0.151209 -0.125092 0.980555
104 0.103893 -0.0656627 0.532395 0.00246266 -0.155255 -0.127273 0.979638
105 0.109632 -0.0675889 0.542249 0.00474926 -0.159023 -0.129096 0.978787
106 0.107061 -0.0672963 0.550276 0.00741682 -0.162976 -0.130516 0.977931
107 0.112997 -0.0692449 0.559517 0.00840829 -0.16696 -0.132295 0.977012
108 0.107503 -0.0773335 0.569494 0.0102815 -0.171291 -0.133923 0.976022
109 0.11281 -0.0794516 0.579695 0.0131358 -0.176429 -0.13445 0.974999
110 0.110547 -0.0792782 0.586015 0.0157084 -0.182536 -0.13459 0.973817
111 0.115826 -0.0813942 0.596295 0.0179844 -0.188728 -0.134729 0.972577
112 0.120766 -0.0835762 0.606084 0.019902 -0.194613 -0.1353 0.9713
113 0.118006 -0.0834584 0.612971 0.0224656 -0.200731 -0.13582 0.969925
114 0.115402 -0.0833473 0.619468 0.0243454 -0.206648 -0.136727 0.968509
115 0.11989 -0.0856264 0.629577 0.0257785 -0.212052 -0.138156 0.9671
116 0.116722 -0.0855536 0.636687 0.0276398 -0.217522 -0.138887 0.965728
117 0.120583 -0.0878183 0.6482 0.0288447 -0.224031 -0.13972 0.964083
118 0.123915 -0.090166 0.660024 0.0307516 -0.231213 -0.140183 0.96226
119 0.120068 -0.0901049 0.667874 0.0326949 -0.237372 -0.141192 0.960547
120 0.116482 -0.090048 0.675191 0.0338408 -0.243803 -0.142714 0.95867
121 0.118755 -0.0924191 0.687719 0.0356922 -0.250494 -0.144813 0.956561
122 0.114704 -0.0923792 0.695181 0.0370452 -0.256974 -0.146262 0.954568
123 0.117187 -0.0947524 0.707322 0.0383388 -0.263195 -0.1473 0.95266
124 0.118915 -0.0971536 0.71954 0.039859 -0.26988 -0.148325 0.950566
125 0.114641 -0.0971162 0.726696 0.0416841 -0.276331 -0.149798 0.948401
126 0.116292 -0.0995167 0.739043 0.0427467 -0.282335 -0.151764 0.94627
127 0.118131 -0.101943 0.749976 0.0438474 -0.288262 -0.154109 0.944051
128 0.119508 -0.104365 0.761616 0.0455766 -0.294143 -0.155468 0.94193
129 0.125273 -0.0992835 0.77105 0.0461795 -0.2996 -0.157009 0.939923
130 0.126968 -0.101784 0.781625 0.0453106 -0.305361 -0.158604 0.937841
131 0.128657 -0.104284 0.792208 0.0448965 -0.311586 -0.159549 0.935651
132 0.124545 -0.104232 0.798018 0.0453301 -0.317752 -0.161215 0.933267
133 0.126253 -0.106655 0.80776 0.0450168 -0.324034 -0.16375 0.930678
134 0.127278 -0.109058 0.818393 0.046304 -0.330207 -0.165657 0.928104
135 0.13343 -0.104274 0.826511 0.0468888 -0.336994 -0.167662 0.925271
136 0.134043 -0.106707 0.837099 0.0463253 -0.344052 -0.169388 0.922383
137 0.13116 -0.106589 0.840565 0.0455765 -0.350568 -0.17017 0.919819
138 0.141798 -0.104514 0.854551 0.0456746 -0.357853 -0.170019 0.917032
139 0.137473 -0.104269 0.859314 0.0460905 -0.365913 -0.170019 0.913826
140 0.143476 -0.101971 0.87818 0.0440969 -0.381154 -0.170484 0.907586
141 0.13872 -0.101635 0.882928 0.0437887 -0.389177 -0.169781 0.904322
142 0.147636 -0.099464 0.898226 0.0427529 -0.397063 -0.169137 0.901058
143 0.147018 -0.101647 0.908719 0.041588 -0.40448 -0.168613 0.897906
144 0.143046 -0.101336 0.912424 0.0412707 -0.411391 -0.168305 0.894834
145 0.139296 -0.101013 0.915714 0.0419976 -0.418766 -0.167609 0.891503
146 0.133304 -0.100497 0.920971 0.0436198 -0.426014 -0.16736 0.888032
147 0.127621 -0.100017 0.925637 0.0436373 -0.43263 -0.168017 0.884702
148 0.122854 -0.0996141 0.929551 0.0430971 -0.43952 -0.168671 0.881201
149 0.117208 -0.0990967 0.933915 0.0428976 -0.44638 -0.169237 0.877647
150 0.114838 -0.101129 0.94517 0.0427907 -0.452694 -0.16974 0.874314
151 0.109247 -0.100617 0.949492 0.0429343 -0.459137 -0.169702 0.870948
152 0.10288 -0.099983 0.953985 0.0436803 -0.466083 -0.169728 0.867209
153 0.0989783 -0.101837 0.965864 0.0445328 -0.472551 -0.169863 0.863631
154 0.0926604 -0.101201 0.97004 0.0450175 -0.478394 -0.170159 0.860325
155 0.0807234 -0.102202 0.986629 0.0450187 -0.488464 -0.170013 0.854677
156 0.0761252 -0.103924 0.997939 0.0442335 -0.494307 -0.170038 0.851347
157 0.0690168 -0.103178 1.00228 0.0442225 -0.500214 -0.170142 0.847869
158 0.0623125 -0.102476 1.00637 0.0436915 -0.506095 -0.17132 0.844161
159 0.0577614 -0.104145 1.01721 0.0433765 -0.511874 -0.172271 0.840492
160 0.0515443 -0.103433 1.02067 0.0439786 -0.517573 -0.173679 0.836672
161 0.0448326 -0.102664 1.02441 0.0440129 -0.522692 -0.17577 0.833043
162 0.0393758 -0.101984 1.02718 0.0431809 -0.527788 -0.17727 0.829549
163 0.0343907 -0.103599 1.03783 0.0429144 -0.533746 -0.178123 0.825558
164 0.0280739 -0.102812 1.04104 0.0425724 -0.539828 -0.179438 0.821326
165 0.0227828 -0.102085 1.04346 0.0415333 -0.545542 -0.180262 0.817413
166 0.0181875 -0.103708 1.05353 0.0409112 -0.551479 -0.180012 0.813506
167 0.0117117 -0.102819 1.0565 0.0413603 -0.556901 -0.18015 0.809751
168 0.00655045 -0.102067 1.05862 0.04042 -0.561961 -0.181158 0.806069
169 0.00138347 -0.103503 1.06836 0.040177 -0.567273 -0.181097 0.802366
170 -0.00429274 -0.102675 1.07069 0.0404105 -0.572805 -0.181007 0.798435
171 -0.00960217 -0.101859 1.07264 0.0390951 -0.578078 -0.18142 0.794597
172 -0.0142448 -0.101146 1.07434 0.0370283 -0.583165 -0.181289 0.791001
173 -0.0134388 -0.0961998 1.08427 0.035301 -0.588799 -0.180074 0.787174
174 -0.0179977 -0.0954407 1.08574 0.0336603 -0.594935 -0.178712 0.782931
175 -0.0222235 -0.094737 1.08711 0.0317172 -0.600605 -0.177522 0.778943
176 -0.0261692 -0.0940543 1.08826 0.0299914 -0.606864 -0.175914 0.774513
177 -0.0256036 -0.0890564 1.09772 0.0282453 -0.613245 -0.174985 0.769749
178 -0.028684 -0.0885038 1.09851 0.0267733 -0.619579 -0.174022 0.764933
179 -0.0319076 -0.0879256 1.09935 0.0256021 -0.6261 -0.172432 0.760007
180 -0.0350466 -0.0873471 1.10005 0.0239794 -0.632377 -0.171015 0.755168
181 -0.0377075 -0.0868567 1.10064 0.0224125 -0.638658 -0.169628 0.750227
182 -0.040364 -0.0863533 1.10115 0.0215139 -0.645188 -0.168072 0.744997
183 -0.0454887 -0.0853822 1.10212 0.0198256 -0.659 -0.165712 0.733393
184 -0.047774 -0.0849376 1.10243 0.0203838 -0.666246 -0.164409 0.727098
185 -0.0507397 -0.0843606 1.10282 0.020428 -0.673134 -0.163839 0.720854
186 -0.0526363 -0.0839897 1.103 0.0198704 -0.679646 -0.164481 0.714586
187 -0.0558925 -0.0852718 1.11057 0.0192714 -0.685991 -0.164973 0.708398
188 -0.0576985 -0.0849043 1.11068 0.017992 -0.692041 -0.166543 0.702153
189 -0.059328 -0.0865174 1.11802 0.0169361 -0.697959 -0.16881 0.695751
190 -0.0594236 -0.0864966 1.11802 0.0183528 -0.704158 -0.169941 0.689163
191 -0.0618321 -0.0879085 1.12512 0.019991 -0.710375 -0.170466 0.682575
192 -0.0640599 -0.0894303 1.13212 0.0199968 -0.715953 -0.171633 0.676427
193 -0.0641958 -0.0894004 1.13212 0.0196328 -0.72122 -0.17266 0.670555
194 -0.0644831 -0.0893347 1.13211 0.0195773 -0.726543 -0.17294 0.664713
195 -0.0668244 -0.0909198 1.13924 0.0192814 -0.73157 -0.17298 0.659175
196 -0.06771 -0.0907122 1.13918 0.0186221 -0.736426 -0.172862 0.653796
197 -0.0696323 -0.0924125 1.14629 0.0178273 -0.74144 -0.173112 0.64806
198 -0.0699815 -0.0923306 1.14627 0.0175773 -0.746119 -0.172789 0.642761
199 -0.070759 -0.0921411 1.14617 0.0171208 -0.750703 -0.172036 0.637617
200 -0.0731088 -0.0937475 1.1532 0.0158522 -0.755144 -0.171711 0.632472
201 -0.0732943 -0.0937023 1.15318 0.0149947 -0.759586 -0.171199 0.627292
202 -0.0734701 -0.093658 1.15315 0.0145722 -0.763889 -0.170488 0.62225
203 -0.0736187 -0.0936206 1.15312 0.0142687 -0.768236 -0.169496 0.617156
204 -0.0754596 -0.0953402 1.16019 0.0141246 -0.772379 -0.168369 0.612277
205 -0.0753239 -0.0953749 1.16022 0.0136605 -0.776412 -0.167205 0.607487
206 -0.074988 -0.0954607 1.16029 0.0139233 -0.780675 -0.165473 0.602471
207 -0.0760847 -0.0951805 1.16007 0.0138025 -0.784883 -0.162696 0.597744
208 -0.076761 -0.0950092 1.1599 0.0133307 -0.788678 -0.160799 0.593257
209 -0.0775988 -0.0947969 1.15969 0.0119634 -0.792412 -0.159491 0.588645
210 -0.0778371 -0.0947365 1.15963 0.0108488 -0.79586 -0.158656 0.584223
211 -0.0777844 -0.09475 1.15965 0.00975748 -0.799181 -0.157498 0.580008
212 -0.0783727 -0.0945989 1.15948 0.00886971 -0.80266 -0.155847 0.575647
213 -0.0786846 -0.0945187 1.15939 0.00805955 -0.805737 -0.154692 0.571659
214 -0.0783368 -0.0946091 1.1595 0.00729217 -0.808579 -0.153765 0.567894
215 -0.0782817 -0.0946234 1.15952 0.00702193 -0.811461 -0.152212 0.564193
216 -0.0843433 -0.100508 1.15602 0.00683475 -0.814504 -0.150622 0.560222
217 -0.0844289 -0.100485 1.15599 0.00644304 -0.817653 -0.148613 0.556162
218 -0.0840616 -0.100581 1.15612 0.0063936 -0.820641 -0.146795 0.55223
219 -0.0881487 -0.10491 1.14536 0.00686484 -0.823647 -0.145112 0.548179
220 -0.0882597 -0.104882 1.14532 0.00778115 -0.826489 -0.143185 0.544384
221 -0.0880187 -0.104943 1.14541 0.00913532 -0.829086 -0.141586 0.540821
222 -0.0921122 -0.10932 1.13445 0.0103869 -0.831411 -0.139692 0.537712
223 -0.0926803 -0.109174 1.13422 0.0109043 -0.833766 -0.137325 0.534655
224 -0.0925509 -0.109206 1.13428 0.0107467 -0.836234 -0.135121 0.531356
225 -0.0991015 -0.115064 1.13004 0.0111577 -0.838968 -0.132745 0.527625
226 -0.09775 -0.113375 1.12256 0.0113362 -0.841637 -0.130594 0.523893
227 -0.0978947 -0.11334 1.1225 0.011952 -0.844172 -0.128166 0.520388
228 -0.0992781 -0.11302 1.12183 0.0124284 -0.846275 -0.125595 0.517581
229 -0.0997247 -0.112916 1.12161 0.0122356 -0.848042 -0.123633 0.51516
230 -0.104702 -0.117266 1.10968 0.0119716 -0.850052 -0.121451 0.512365
231 -0.104828 -0.117237 1.10962 0.0123926 -0.851982 -0.119184 0.509674
232 -0.105426 -0.117107 1.10931 0.0134533 -0.853876 -0.116618 0.507066
233 -0.112766 -0.122951 1.10427 0.014773 -0.855417 -0.113985 0.505026
234 -0.111811 -0.121304 1.09641 0.0161655 -0.856697 -0.111849 0.503288
235 -0.112382 -0.121179 1.09611 0.0178728 -0.857781 -0.110026 0.501784
236 -0.113401 -0.120956 1.09558 0.0188711 -0.858784 -0.107936 0.500483
237 -0.119856 -0.127141 1.09081 -0.0219925 0.860671 0.104184 -0.497903
238 -0.118628 -0.125604 1.08301 -0.0238607 0.86183 0.101468 -0.49637
239 -0.124394 -0.131921 1.07861 -0.0260876 0.863103 0.0987874 -0.494585
240 -0.131406 -0.137999 1.07353 -0.028477 0.864436 0.095084 -0.492847
241 -0.132363 -0.137847 1.07298 -0.0310005 0.865691 0.0912437 -0.491215
242 -0.139772 -0.144074 1.06744 -0.0332219 0.866587 0.0876855 -0.490138
243 -0.138452 -0.142601 1.05963 -0.0350831 0.867435 0.0841696 -0.489122
244 -0.146585 -0.148713 1.05368 -0.0361239 0.868082 0.0808687 -0.488456
245 -0.147559 -0.148593 1.05309 -0.0361397 0.868938 0.0780417 -0.487391
246 -0.152839 -0.153797 1.04005 -0.0365315 0.869937 0.0748549 -0.486077
247 -0.155331 -0.155034 1.04721 -0.0372375 0.870935 0.0714091 -0.484754
248 -0.161189 -0.160167 1.03382 -0.0385665 0.871832 0.0678386 -0.483549
249 -0.161852 -0.160085 1.03343 -0.0395057 0.872731 0.0644849 -0.482309
250 -0.168212 -0.166936 1.02831 -0.0405175 0.873834 0.0611412 -0.480659
251 -0.168703 -0.166893 1.02801 -0.0420944 0.875169 0.0573768 -0.478555
252 -0.173584 -0.172539 1.01506 -0.0440846 0.876437 0.0542369 -0.476416
253 -0.173993 -0.172503 1.0148 -0.0461347 0.877847 0.0510996 -0.473967
254 -0.179316 -0.178258 1.00158 -0.0484879 0.879217 0.0474938 -0.471562
255 -0.180256 -0.178206 1.00096 -0.0507587 0.880478 0.0441031 -0.469293
256 -0.181363 -0.178145 1.00024 -0.052818 0.881836 0.040706 -0.466817
257 -0.187457 -0.18502 0.995141 -0.0547524 0.883077 0.0382561 -0.464449
258 -0.188988 -0.184989 0.99409 -0.055852 0.884331 0.0362831 -0.462086
259 -0.193423 -0.191069 0.981113 -0.0568367 0.885824 0.0336187 -0.459299
260 -0.195175 -0.191034 0.979911 -0.0586558 0.887402 0.0305031 -0.456231
261 -0.201109 -0.198131 0.97467 -0.0602698 0.888758 0.0280667 -0.45353
262 -0.20318 -0.198143 0.973169 -0.0614044 0.890237 0.0262027 -0.450578
263 -0.207336 -0.204636 0.959744 -0.0623237 0.891969 0.0241723 -0.447127
264 -0.210649 -0.204656 0.957341 -0.0639524 0.893792 0.0213093 -0.443387
265 -0.212979 -0.20467 0.955652 -0.0658483 0.895259 0.0194779 -0.440223
266 -0.216251 -0.204765 0.953121 -0.0667657 0.896618 0.018773 -0.43734
267 -0.218802 -0.203959 0.941754 -0.0678117 0.898155 0.017451 -0.434068
268 -0.2217 -0.211495 0.938231 -0.0694076 0.899648 0.0156559 -0.43078
269 -0.224986 -0.211591 0.935689 -0.0712751 0.900782 0.0135052 -0.428169
270 -0.227715 -0.211721 0.933456 -0.072249 0.901752 0.0118901 -0.426006
271 -0.22991 -0.21846 0.920705 -0.0723183 0.903086 0.0109149 -0.423186
272 -0.23231 -0.217746 0.909144 -0.0723566 0.904642 0.00881136 -0.419891
273 -0.236636 -0.218779 0.915199 -0.0729658 0.906252 0.00699506 -0.416336
274 -0.238127 -0.218022 0.904382 -0.0735253 0.907568 0.00602641 -0.413374
275 -0.241105 -0.218219 0.901773 -0.0740024 0.908973 0.00524872 -0.4102
276 -0.243798 -0.217682 0.889538 -0.0746493 0.910322 0.0039266 -0.407094
277 -0.246935 -0.21789 0.88679 -0.0758911 0.911475 0.00243413 -0.404288
278 -0.249379 -0.218052 0.884648 -0.0769098 0.912517 0.00163836 -0.401741
279 -0.251577 -0.217482 0.872848 -0.0770931 0.91354 0.00133121 -0.399373
280 -0.253871 -0.216992 0.860272 -0.0773288 0.914736 0.000722992 -0.396583
281 -0.257575 -0.217292 0.856816 -0.0775175 0.916161 0.000207093 -0.393243
282 -0.261562 -0.217615 0.853097 -0.0778547 0.917794 -5.29017e-05 -0.38935
283 -0.265077 -0.2179 0.849817 -0.0775358 0.919562 4.2616e-07 -0.385218
284 -0.269248 -0.218252 0.845677 -0.0773505 0.921441 0.000310366 -0.38074
285 -0.270675 -0.217704 0.83322 -0.0771093 0.92328 0.000648693 -0.376309
286 -0.274268 -0.218007 0.829654 -0.0761549 0.925145 0.000946102 -0.371895
287 -0.277827 -0.218308 0.826121 -0.0748248 0.927076 0.00105963 -0.367329
288 -0.282202 -0.218648 0.821432 -0.0727941 0.929186 0.00166669 -0.362369
289 -0.287125 -0.219031 0.816156 -0.0708875 0.931044 0.00206603 -0.357949
290 -0.29379 -0.211637 0.810634 -0.0691526 0.932912 0.00136862 -0.3534
291 -0.298937 -0.211998 0.80478 -0.0680933 0.93472 0.00152908 -0.348796
292 -0.30511 -0.20452 0.799318 -0.0668751 0.936331 0.00291904 -0.344678
293 -0.311514 -0.204969 0.792034 -0.0649067 0.9379 0.00339541 -0.340762
294 -0.317738 -0.205406 0.784955 -0.0635759 0.939469 0.00299094 -0.33667
295 -0.323736 -0.205759 0.777627 -0.0626834 0.941012 0.00288646 -0.332505
296 -0.333358 -0.206914 0.777951 -0.0623074 0.942482 0.00311872 -0.328383
297 -0.340434 -0.199631 0.770786 -0.0621296 0.943846 0.00430453 -0.324464
298 -0.34607 -0.207661 0.762422 -0.0610734 0.945295 0.00581692 -0.320397
299 -0.352335 -0.207951 0.754213 -0.0597577 0.946785 0.00679448 -0.316198
300 -0.362732 -0.209071 0.753205 -0.0583007 0.948191 0.00817451 -0.312198
301 -0.36932 -0.209377 0.744572 -0.0564042 0.949628 0.00936425 -0.30812
302 -0.379694 -0.210495 0.743594 -0.0553435 0.951058 0.010376 -0.30384
303 -0.386152 -0.21065 0.734504 -0.0551036 0.952411 0.0117117 -0.299565
304 -0.396524 -0.21159 0.732772 -0.0551385 0.953743 0.0132947 -0.295223
305 -0.40693 -0.212531 0.730994 -0.0554881 0.955198 0.0142375 -0.290371
306 -0.413282 -0.212684 0.722052 -0.0562291 0.956583 0.0145076 -0.285617
307 -0.423312 -0.213583 0.720338 -0.057317 0.957824 0.0149961 -0.281181
308 -0.429593 -0.206177 0.712337 -0.0578731 0.959036 0.0163977 -0.276826
309 -0.43501 -0.213676 0.702485 -0.058108 0.960261 0.0178781 -0.272402
310 -0.450146 -0.20798 0.708156 -0.0580416 0.961601 0.0182455 -0.267624
311 -0.460732 -0.208858 0.705025 -0.0580683 0.962894 0.0185905 -0.262903
312 -0.465996 -0.201378 0.698067 -0.0573008 0.964255 0.0193278 -0.257984
313 -0.475089 -0.202267 0.697409 -0.0561988 0.965795 0.0197704 -0.252371
314 -0.48448 -0.203098 0.695897 -0.0554042 0.967269 0.0205635 -0.246777
315 -0.493253 -0.19651 0.6973 -0.0553418 0.968628 0.0218021 -0.241292
316 -0.498821 -0.196398 0.687387 -0.0556811 0.969678 0.0230842 -0.236835
317 -0.503569 -0.196209 0.67827 -0.0554601 0.970588 0.0252681 -0.232903
318 -0.512138 -0.189606 0.67987 -0.054707 0.971406 0.027089 -0.229444
319 -0.520645 -0.190423 0.679657 -0.0536794 0.972235 0.0278111 -0.226063
320 -0.525398 -0.190233 0.670532 -0.0526232 0.972984 0.0282266 -0.223018
321 -0.535425 -0.190857 0.666946 -0.0516546 0.973633 0.0291601 -0.220273
322 -0.536513 -0.183381 0.666682 -0.0502491 0.974256 0.030769 -0.21761
323 -0.540861 -0.183068 0.657738 -0.0493425 0.974965 0.0318589 -0.21446
324 -0.528046 -0.179953 0.632974 -0.048994 0.975684 0.0327705 -0.21111
325 -0.552642 -0.176167 0.652516 -0.048662 0.976297 0.0340331 -0.20813
326 -0.55696 -0.175681 0.642913 -0.0481967 0.976888 0.0353719 -0.205221
327 -0.560886 -0.175238 0.634184 -0.047629 0.977313 0.0363242 -0.203151
328 -0.56785 -0.168661 0.638874 -0.0470584 0.977589 0.0374906 -0.201739
329 -0.572429 -0.168145 0.628691 -0.046211 0.977814 0.0385948 -0.200635
330 -0.57064 -0.166759 0.614493 -0.0454819 0.97804 0.039764 -0.199468
331 -0.583742 -0.161078 0.623711 -0.0450264 0.978248 0.0410058 -0.198297
332 -0.587655 -0.160637 0.61501 -0.044618 0.978371 0.0425984 -0.197445
333 -0.591868 -0.160162 0.605641 -0.0447344 0.978508 0.0437046 -0.196499
334 -0.594055 -0.15243 0.60249 -0.0454356 0.978526 0.0448788 -0.195983
335 -0.597543 -0.15182 0.594239 -0.0453386 0.978348 0.0479986 -0.196155
336 -0.604516 -0.157949 0.57572 -0.045241 0.978288 0.0504308 -0.195862
337 -0.608352 -0.157278 0.566647 -0.0452894 0.978369 0.0521626 -0.194992
338 -0.611324 -0.156758 0.559615 -0.0450583 0.978544 0.0540152 -0.19366
339 -0.614204 -0.156254 0.552801 -0.0445163 0.978782 0.0548356 -0.192346
340 -0.623784 -0.15657 0.549295 -0.044004 0.979082 0.0548456 -0.190928
341 -0.627886 -0.155852 0.539591 -0.0443776 0.979338 0.0548114 -0.189535
342 -0.626094 -0.154175 0.524675 -0.0448752 0.979401 0.0551664 -0.188991
343 -0.629991 -0.153493 0.515457 -0.0446614 0.979398 0.0565963 -0.188629
344 -0.633023 -0.152732 0.507988 -0.0441573 0.979494 0.0578273 -0.187877
345 -0.636293 -0.151911 0.499934 -0.0441739 0.979665 0.0582003 -0.186865
346 -0.640122 -0.15095 0.490505 -0.0440797 0.979806 0.0581244 -0.186168
347 -0.643851 -0.150014 0.481321 -0.0440072 0.979853 0.0584708 -0.185832
348 -0.647852 -0.14901 0.471468 -0.0432825 0.979836 0.0591548 -0.185874
349 -0.645461 -0.147053 0.457538 -0.042404 0.979783 0.0601364 -0.186041
350 -0.649634 -0.146005 0.447262 -0.0414075 0.979766 0.0610245 -0.186065
351 -0.653626 -0.145003 0.437431 -0.0403442 0.979765 0.0623921 -0.185852
352 -0.657346 -0.144069 0.428268 -0.0394125 0.979786 0.0635694 -0.185541
353 -0.660422 -0.143297 0.420694 -0.0383263 0.979922 0.0644014 -0.184761
354 -0.663482 -0.142529 0.413156 -0.0376284 0.980116 0.0642353 -0.183931
355 -0.660292 -0.140773 0.401197 -0.0368183 0.98035 0.0641155 -0.182889
356 -0.669535 -0.14101 0.39825 -0.035384 0.980728 0.064005 -0.181172
357 -0.672231 -0.140333 0.391609 -0.0343239 0.981235 0.063077 -0.178946
358 -0.676265 -0.139068 0.381079 -0.0339796 0.981674 0.061856 -0.17702
359 -0.676909 -0.131549 0.381296 -0.0332808 0.981994 0.0624511 -0.175159
360 -0.679703 -0.130672 0.374002 -0.0320584 0.982416 0.0641275 -0.17239
361 -0.68269 -0.129736 0.366206 -0.0312692 0.982998 0.0650317 -0.168841
362 -0.679551 -0.127849 0.35352 -0.0310384 0.983656 0.065505 -0.16482
363 -0.682485 -0.126929 0.345862 -0.0311666 0.984209 0.0667751 -0.160942
364 -0.684451 -0.126186 0.340109 -0.0310714 0.984772 0.067697 -0.157086
365 -0.686785 -0.125303 0.333278 -0.0315325 0.985382 0.0668597 -0.153483
366 -0.690347 -0.123955 0.322854 -0.0323563 0.985951 0.065911 -0.150031
367 -0.609374 -0.11721 0.298506 -0.0311666 0.984209 0.0667751 -0.160942
368 -0.688698 -0.121181 0.303923 -0.0326156 0.987104 0.0681002 -0.141154
369 -0.666849 -0.118479 0.292193 -0.0326156 0.987104 0.0681002 -0.141154
370 -0.69243 -0.11953 0.291388 -0.0325263 0.988425 0.0686127 -0.131342
371 -0.694997 -0.118395 0.282769 -0.0322808 0.989164 0.0674934 -0.126323
372 -0.698919 -0.12453 0.267195 -0.0317406 0.989896 0.0664223 -0.121185
373 -0.700594 -0.123681 0.260597 -0.0313191 0.990661 0.0644785 -0.115984
374 -0.703074 -0.122423 0.250827 -0.0310593 0.99139 0.0619963 -0.111073
375 -0.705347 -0.12127 0.24187 -0.0302247 0.991917 0.0612358 -0.106945
376 -0.707696 -0.128066 0.228498 -0.0288076 0.992367 0.0610041 -0.10323
377 -0.708669 -0.1195 0.226949 -0.0276262 0.992892 0.0586799 -0.0997949
378 -0.711026 -0.118244 0.216363 -0.0272561 0.993385 0.057301 -0.0957119
379 -0.712957 -0.117215 0.207687 -0.0270856 0.993797 0.0575327 -0.091231
380 -0.696468 -0.115947 0.203134 -0.0270856 0.993797 0.0575327 -0.091231
381 -0.716304 -0.11523 0.189967 -0.026162 0.994539 0.0565915 -0.083695
382 -0.71764 -0.114438 0.182892 -0.0247382 0.99486 0.0565686 -0.0802605
383 -0.727463 -0.114135 0.176809 -0.0233899 0.995223 0.0562387 -0.0763008
384 -0.728618 -0.113325 0.169464 -0.0222515 0.995559 0.0555576 -0.0726649
385 -0.738541 -0.112907 0.162608 -0.0214489 0.995836 0.0550012 -0.0694588
386 -0.739755 -0.112055 0.154889 -0.0208346 0.996105 0.0547746 -0.0658761
387 -0.741371 -0.119373 0.141495 -0.020292 0.996411 0.0538487 -0.0620839
388 -0.742669 -0.118463 0.133249 -0.020412 0.996673 0.052404 -0.0589905
389 -0.752127 -0.118211 0.127851 -0.0205929 0.996899 0.0512305 -0.0560674
390 -0.753295 -0.125654 0.114797 -0.020412 0.997084 0.0504451 -0.0534978
391 -0.754173 -0.124905 0.107552 -0.0205632 0.997284 0.0486726 -0.051301
392 -0.76365 -0.124637 0.102004 -0.020136 0.997441 0.0470835 -0.0498832
393 -0.764473 -0.123936 0.0952157 -0.0195395 0.997596 0.0457356 -0.0482621
394 -0.765821 -0.131224 0.080669 -0.0186561 0.997745 0.0446096 -0.0465504
395 -0.775293 -0.130961 0.0751623 -0.0181553 0.997845 0.0432081 -0.0459302
396 -0.775831 -0.130473 0.0694366 -0.0179253 0.997994 0.0411502 -0.0446419
397 -0.785179 -0.130047 0.061186 -0.0179965 0.998162 0.03876 -0.0429659
398 -0.785909 -0.129385 0.0534246 -0.0185485 0.998265 0.0377198 -0.0412402
399 -0.786733 -0.136892 0.0409721 -0.0187679 0.998372 0.0372572 -0.0388986
400 -0.795876 -0.136652 0.0348942 -0.0189266 0.99854 0.0352055 -0.0363332
401 -0.796523 -0.136065 0.0280075 -0.0193846 0.998678 0.0337726 -0.0335571
402 -0.796963 -0.135639 0.021598 -0.019279 0.998819 0.031912 -0.0311679
403 -0.79748 -0.135138 0.0140645 -0.0190664 0.998972 0.0291955 -0.0289558
404 -0.80642 -0.135079 0.00845877 -0.0196577 0.999125 0.0262271 -0.0259607
405 -0.806826 -0.1429 -0.00257423 -0.0209257 0.999185 0.0248927 -0.0239189
406 -0.807227 -0.142512 -0.00841893 -0.0215929 0.999276 0.0221299 -0.0221853
407 -0.807534 -0.142218 -0.0151865 -0.0218143 0.99935 0.0200035 -0.0205767
408 -0.807848 -0.141918 -0.0221177 -0.0218269 0.999409 0.0188917 -0.018652
409 -0.808087 -0.14169 -0.0273793 -0.0212444 0.999467 0.0182106 -0.0168269
410 -0.808194 -0.149769 -0.0380599 -0.0208456 0.999545 0.0159836 -0.0148493
411 -0.817003 -0.149875 -0.0439408 -0.0210373 0.999595 0.0138215 -0.013299
412 -0.817295 -0.149596 -0.0503728 -0.0209552 0.999636 0.0121778 -0.0118624
413 -0.817606 -0.149299 -0.0572252 -0.0204081 0.999675 0.0111978 -0.0104309
414 -0.81776 -0.14914 -0.0644288 -0.0192739 0.999715 0.0108763 -0.00896363
415 -0.81791 -0.148986 -0.0714548 -0.0177177 0.999769 0.00979891 -0.00714659
416 -0.817762 -0.156915 -0.0801581 -0.0158432 0.999827 0.00864026 -0.00456232
417 -0.826064 -0.157057 -0.0887272 -0.0149525 0.999862 0.00707056 -0.00167723
418 -0.826239 -0.156876 -0.0969441 -0.0147861 0.99988 0.00453644 0.000457472
419 -0.826412 -0.156698 -0.105052 -0.0151301 0.999883 0.00123965 0.00192131
420 -0.826377 -0.156674 -0.114327 -0.0155745 0.999874 -0.000183961 0.00306751
421 -0.826343 -0.156651 -0.123385 -0.0158575 0.999869 -0.00161528 0.00281248
422 -0.826052 -0.165168 -0.13176 -0.0160737 0.999862 -0.00285088 0.00292838
423 -0.826014 -0.165142 -0.141831 -0.0163323 0.999853 -0.00426713 0.00285279
424 -0.825976 -0.165117 -0.151717 -0.0171493 0.999825 -0.00727126 0.00182683
425 -0.825941 -0.165094 -0.160974 -0.0187545 0.999783 -0.00907717 0.000442337
426 -0.825908 -0.165072 -0.169706 -0.0203891 0.999745 -0.00959889 -0.00111982
427 -0.825867 -0.165044 -0.180436 -0.0219369 0.999706 -0.00974518 -0.00349767
428 -0.825828 -0.165019 -0.190593 -0.0232502 0.999664 -0.0103829 -0.00491952
429 -0.82592 -0.165224 -0.200383 -0.0241751 0.999642 -0.0103858 -0.00491398
430 -0.82603 -0.16547 -0.212112 -0.0240945 0.999628 -0.0108746 -0.00667317
431 -0.826121 -0.165674 -0.221835 -0.0237148 0.999621 -0.0121113 -0.00700445
432 -0.826222 -0.165901 -0.232628 -0.0236426 0.999599 -0.01372 -0.00742447
433 -0.826315 -0.166111 -0.242612 -0.0231607 0.999584 -0.014798 -0.00875714
434 -0.82602 -0.174871 -0.253387 -0.0221918 0.999592 -0.0153953 -0.00925886
435 -0.826206 -0.175197 -0.26384 -0.0219521 0.999552 -0.0177753 -0.00989126
436 -0.826372 -0.175488 -0.27315 -0.0227826 0.999472 -0.0205526 -0.010667
437 -0.826581 -0.175914 -0.283386 -0.0241611 0.999389 -0.0221846 -0.0121071
438 -0.818283 -0.175955 -0.293594 -0.0259016 0.999283 -0.0239648 -0.013729
439 -0.818507 -0.17637 -0.302116 -0.0270838 0.999186 -0.0261432 -0.0145136
440 -0.810212 -0.176364 -0.311203 -0.0282598 0.999074 -0.0283646 -0.0157707
441 -0.810406 -0.176725 -0.318611 -0.0286916 0.998964 -0.0310381 -0.0168425
442 -0.810568 -0.177025 -0.324787 -0.029054 0.998869 -0.0330303 -0.018035
443 -0.810772 -0.177404 -0.332566 -0.0289293 0.998809 -0.034091 -0.0195198
444 -0.811126 -0.178066 -0.342093 -0.0289561 0.99879 -0.034103 -0.0204091
445 -0.811401 -0.17858 -0.349496 -0.028967 0.998782 -0.0341079 -0.0207699
446 -0.811753 -0.179238 -0.358969 -0.0287069 0.998846 -0.0325251 -0.0205924
447 -0.812034 -0.179764 -0.366542 -0.0287608 0.998814 -0.033202 -0.0210102
448 -0.812221 -0.180114 -0.371585 -0.0289925 0.998763 -0.0341193 -0.0216156
