# width:480 height:360 psr bound:50 mu:0.8
1 0 0 0 0 0 0 1
100 0.28125 0.0375 -0.0920909 -0.00416212 0.290419 0.129512 0.948085
170 0.181316 -0.0387163 -0.0345598 0.0501775 0.136481 0.0638624 0.987308
230 0.0417014 -0.0437162 -0.0053193 0.0321276 -0.14965 -0.0404433 0.987389
310 -0.116609 0.0879126 -0.121314 -0.0286408 -0.414987 -0.157882 0.895566
360 -0.167908 -0.00360034 -0.16801 0.0498358 -0.441662 -0.122216 0.88742
400 -0.0916839 -0.0751613 -0.0796855 0.0714068 -0.261893 -0.063623 0.960346
470 0.00533405 -0.0369495 0.135948 -0.00438533 -0.00330485 0.0226727 0.999728
590 0.310461 -0.360295 0.211745 0.0167852 0.314033 0.140107 0.938867
660 0.179167 -0.481905 0.336078 0.0704091 0.165502 0.0643057 0.981589
730 1.48672 0.36204 -0.0416439 0.0262486 0.712918 -0.044949 0.699313
760 1.55946 0.7433 1.64119 -0.0117369 0.0772844 -0.0566973 0.995326
840 1.72081 1.30298 1.79982 0.00201015 -0.0718054 -0.12092 0.99006
910 1.68736 1.50171 1.74523 -0.0507196 -0.124531 -0.134679 0.981724
920 1.67726 1.5055 1.75796 -0.0536804 -0.170374 -0.158104 0.97113
930 1.67154 1.50839 1.77503 -0.0573885 -0.218229 -0.173009 0.958723
940 1.65017 1.50297 1.76966 -0.0502746 -0.276943 -0.189604 0.940652
950 1.64148 1.49239 1.78765 -0.0372916 -0.328891 -0.199779 0.922241
980 1.60473 1.48607 1.78151 -0.031521 -0.467459 -0.216782 0.856443
1000 1.58066 1.47196 1.74724 -0.0147967 -0.552208 -0.215901 0.80513
1140 1.64694 1.29497 1.80565 0.127221 -0.352141 -0.129504 0.918172
1220 1.17991 1.45555 1.35175 0.159278 0.124499 -0.116634 0.972382
1280 1.27001 1.40738 1.26116 0.237951 0.332568 -0.0986881 0.907215
1300 -0.0196547 0.758101 1.86443 0.141645 0.37476 -0.385571 0.83116
1400 -0.419228 0.450994 2.2202 0.130819 0.667613 -0.154797 0.716392
1430 -0.378957 0.3396 2.43519 0.232077 0.749047 -0.0771589 0.615724
