# width:480 height:360 psr bound:50 mu:0.8
1 0 0 0 0 0 0 1 13025.2
56 0 0.0416667 0.080001 0 -5.27927e-313 2.60867e-321 1 0.0365398
66 -0.065 -0.0233333 0.160051 -0 -6.23913e-313 3.08297e-321 1 0.035502
71 -0.138125 -0.0720833 0.202332 -0 -6.71907e-313 3.32012e-321 1 0.0353005
76 -0.235625 -0.0720833 0.239298 -0 -7.199e-313 3.55727e-321 1 0.0353118
81 -0.3575 -0.0720833 0.277625 -0 -7.67893e-313 3.79442e-321 1 0.0351917
86 -0.4875 -0.0314583 0.309932 -0 -8.15887e-313 4.03158e-321 1 0.0352843
91 -0.593125 -0.0395833 0.349257 -0 -8.6388e-313 4.26873e-321 1 0.0349388
96 -0.718125 -0.03125 0.38241 -0 -9.11873e-313 4.50588e-321 1 0.034884
101 -0.826458 -0.05625 0.411941 -0 -9.59867e-313 4.74303e-321 1 0.0349245
106 -0.928958 -0.150208 0.437903 -0 -1.00786e-312 4.98018e-321 1 0.034867
111 -1.04271 -0.237708 0.455603 -0 -1.05585e-312 5.21733e-321 1 0.0348531
116 -1.19646 -0.323125 0.473728 -0 -1.10385e-312 5.45448e-321 1 0.034785
121 -1.31604 -0.34875 0.482155 -0 -1.15184e-312 5.69164e-321 1 0.0346388
126 -1.42167 -0.373125 0.494006 -0 -1.19983e-312 5.92879e-321 1 0.0348155
131 -1.56417 -0.373125 0.510684 -0 -1.24783e-312 6.16594e-321 1 0.0346211
136 -1.69083 -0.373125 0.519703 -0 -1.29582e-312 6.40309e-321 1 0.0359708
146 -2.10708 -0.427083 0.531704 -0 -1.39181e-312 6.87739e-321 1 0.0354685
156 -2.495 -0.474583 0.54535 -0 -1.48779e-312 7.3517e-321 1 0.0350114
161 -2.61063 -0.482292 0.559035 -0 -1.53579e-312 7.58885e-321 1 0.0348464
171 -2.97292 -0.497708 0.570862 -0 -1.63177e-312 8.06315e-321 1 0.0344649
176 -3.13792 -0.505208 0.576128 -0 -1.67977e-312 8.3003e-321 1 0.0343214
181 -3.3275 -0.519792 0.576334 -0 -1.72776e-312 8.53745e-321 1 0.034583
191 -3.845 -0.572292 0.574832 -0 -1.82375e-312 9.01176e-321 1 0.0370364
