# width:480 height:360 psr bound:50 mu:0.8
1 6.93562e-310 6.9526e-310 6.93564e-310 8.47803e-313 9.48043e-316 -8.48751e-313 0.5
2 -0.00875 0 0.000193425 0 0 0 1
3 0 0 -0.0012261 0.00109559 -0.00138857 -6.13127e-05 0.999998
4 -0.00875 0 0.000286809 0.00101852 -0.001085 -0.000241362 0.999999
5 -0.00875 0 -0.000711793 0.00136768 -0.0014411 -0.000303958 0.999998
6 -0.00875 0 -0.000286891 0.0011569 -0.00155169 -0.000197903 0.999998
7 -0.00875 0 -0.000519907 0.00116171 -0.00146401 -0.000139657 0.999998
8 -0.00875 0 -0.000838205 0.00102931 -0.00131424 -0.000418986 0.999999
9 -0.00875 0 -0.000315816 0.000746188 -0.00145833 -0.00073053 0.999998
10 -0.00875 0 0.00059799 0.000926025 -0.00152754 -0.00123204 0.999998
11 -0.00875 0 -0.00019231 0.000588078 -0.00149093 -0.00188584 0.999997
12 -0.00875 0 0.000507491 0.000258043 -0.000628555 -0.00248184 0.999997
13 -0.00875 0 -2.42577e-05 -0.000380945 -0.000680663 -0.00271506 0.999996
14 -0.0175 0 0.000941142 -0.000184153 2.23803e-05 -0.00282181 0.999996
15 -0.0175 0 -0.000438804 0.000429948 -0.000138685 -0.00307039 0.999995
16 -0.0175 0 -0.00186962 -0.000111644 0.000789849 -0.00332669 0.999994
17 -0.0175 0 -0.0012279 -0.0011465 0.00124812 -0.00337125 0.999993
18 -0.0175 0 -0.0013668 -0.00171926 0.00174603 -0.00372378 0.99999
19 -0.0175 0 -0.00168264 -0.0020833 0.00279374 -0.00429563 0.999985
20 -0.02625 0 -0.00141171 -0.00296228 0.00389251 -0.00443853 0.999978
21 -0.02625 0 -0.00183282 -0.00303725 0.00545797 -0.00427626 0.999971
22 -0.02625 0 -0.00368532 -0.00367191 0.00597605 -0.00425834 0.999966
23 -0.035 0 -0.00435802 -0.00472107 0.00828907 -0.00422053 0.999946
24 -0.035 0 -0.00509241 -0.00461369 0.00932388 -0.00453172 0.999936
25 -0.04375 0 -0.00456201 -0.00374697 0.0116951 -0.00445737 0.999915
26 -0.0525 0 -0.00621857 -0.0042569 0.0139848 -0.00392465 0.999885
27 -0.0525 0 -0.00680092 -0.00497435 0.0156947 -0.00323748 0.999859
28 -0.06125 0 -0.00973698 -0.00456628 0.0178687 -0.0025142 0.999827
29 1.72375 0.3675 -0.00433962 0.0560247 -0.258172 -0.0179988 0.964305
30 1.72506 0.367759 -0.0065915 0.0560247 -0.258172 -0.0179988 0.964305
31 1.73493 0.367557 -0.00537611 0.0560247 -0.258172 -0.0179988 0.964305
32 1.73525 0.36762 -0.00592405 0.0560247 -0.258172 -0.0179988 0.964305
