# width:480 height:360 psr bound:50 mu:0.8
1 0 0 0 0 0 0 1
131 0.166667 -0.0583333 0.788598 0.0374806 -0.312524 -0.181096 0.931734
171 0.041723 -0.0409042 1.08726 0.0255369 -0.578853 -0.199646 0.79020
236 -0.042357 -0.0330997 1.12178 0.000772955 0.858926 0.119914 -0.497862
331 -0.511717 -0.0489764 0.63249 -0.0224113 0.979029 0.0463334 -0.197112
381 -0.631577 0.00655189 0.197525 -0.00265268 0.994854 0.0593101 -0.0821057
451 -0.712897 -0.0417958 -0.403711 -0.00243575 0.999019 -0.0372921 -0.023751
526 -0.75073 -0.105199 -1.02618 0.0206446 0.988661 -0.127624 0.0763882
531 -0.745422 -0.0923862 -1.05796 0.0293833 0.9883 -0.116851 0.0935141
541 -0.735646 -0.0683481 -1.10343 0.0359678 0.986542 -0.0966921 0.12685
546 -0.86958 -0.0512989 -1.12098 0.0369154 0.983568 -0.0872634 0.153679
551 -0.862871 -0.0332735 -1.13895 0.0398195 0.979636 -0.0769817 0.181112
561 -0.853094 -0.0379067 -1.16482 0.0389974 0.972678 -0.0622663 0.220225
576 -0.859324 -0.00930857 -1.2035 0.0430043 0.959914 -0.0325156 0.275059
581 -0.85912 0.00648149 -1.2172 0.0396013 0.954196 -0.0218807 0.295741
591 -0.850507 0.0205761 -1.22815 0.0346284 0.941839 0.000857315 0.334275
896 0.134593 0.0362304 -0.897412 -0.0273535 0.732199 0.0712103 0.676806
