# width:480 height:360 psr bound:50 mu:0.8
1 0 0 0 0 0 0 1
26 -0.046875 0 -0.00644357 -0.00446415 0.0130249 -0.00522585 0.999892
29 -0.0837848 -0.0179671 -0.00793225 -0.00471444 0.019685 0.00608788 0.999777
36 -0.155904 -0.0189524 -0.018154 -0.00434906 0.0338399 0.0102209 0.999366
41 -0.208849 -0.0200896 -0.0231169 -0.00962628 0.0462675 0.00798704 0.998851
55 -0.312637 -0.0215093 -0.00531419 -0.00702897 0.0597879 -7.61092e-05 0.998186
61 -0.381185 -0.021328 0.0109601 -0.00887534 0.0730686 0.00462409 0.997277
65 -0.432651 -0.0216847 0.0218107 -0.0133547 0.0881344 0.0107722 0.995961
70 -0.48552 -0.0316609 0.0233709 -0.0168591 0.101521 0.00969446 0.994643
75 -0.514379 -0.0498695 0.00892263 -0.0163507 0.111569 -0.000271178 0.993622
80 -0.536846 -0.0591886 -0.0126596 -0.00824928 0.125608 -0.00163731 0.992044
83 -0.572313 -0.0591591 -0.013388 -0.00854643 0.139122 0.000466516 0.990238
86 -0.615488 -0.0592282 -0.00901464 -0.0103127 0.155308 0.00328635 0.987807
90 -0.666364 -0.0596221 -0.00387264 -0.0124576 0.169377 0.00974932 0.985424
95 -0.720135 -0.060927 -0.00595404 -0.0150409 0.184824 0.0118774 0.982585
100 -0.766561 -0.0618026 0.0125953 -0.0174146 0.197807 0.0115824 0.980018
105 -0.807416 -0.0704223 0.0440706 -0.0193284 0.211801 0.0119763 0.977048
110 -0.835383 -0.0623322 0.0633954 -0.0221429 0.226053 0.0136656 0.973767
113 -0.858978 -0.062247 0.0890885 -0.0258422 0.239332 0.0158316 0.970465
117 -0.885846 -0.0626081 0.10782 -0.0279282 0.254188 0.0181834 0.96658
121 -0.909928 -0.0620065 0.147795 -0.0311139 0.268282 0.015492 0.962713
125 -0.933017 -0.0691515 0.187941 -0.0284878 0.282982 0.0159787 0.958569
129 -0.961137 -0.0683548 0.234239 -0.0290384 0.30031 0.0150431 0.953281
132 -0.976267 -0.0680838 0.255138 -0.0301837 0.313367 0.017034 0.948999
135 -1.00001 -0.0676941 0.289582 -0.0294399 0.330689 0.0192079 0.943085
138 -1.01418 -0.0676134 0.309892 -0.0283825 0.344299 0.0224636 0.938162
140 -1.031 -0.0680146 0.326769 -0.0315573 0.355997 0.024511 0.933632
143 -1.05634 -0.0684568 0.357822 -0.0331279 0.371771 0.0277622 0.927318
146 -1.08506 -0.0611083 0.396816 -0.0311389 0.387682 0.028015 0.920841
149 -1.09373 -0.0608829 0.421553 -0.0325749 0.400217 0.0276918 0.915423
153 -1.10939 -0.0601999 0.471789 -0.0345815 0.416157 0.0286698 0.908183
156 -1.11822 -0.0595798 0.50599 -0.0365812 0.429098 0.033522 0.901894
159 -1.12271 -0.0586027 0.543176 -0.0364177 0.443411 0.0369269 0.894817
162 -1.12368 -0.0574252 0.582256 -0.0359077 0.458517 0.0359083 0.887233
165 -1.12741 -0.0563666 0.628159 -0.0353533 0.471716 0.0320689 0.880458
169 -1.12889 -0.0546975 0.684249 -0.0350757 0.484795 0.028555 0.873458
174 -1.12802 -0.0603569 0.749966 -0.0331898 0.496855 0.028499 0.86673
181 -1.12353 -0.0574861 0.835191 -0.0384581 0.507655 0.0255617 0.860322
185 -1.1219 -0.0547566 0.899406 -0.0417656 0.520087 0.0244893 0.85274
188 -1.11433 -0.0598359 0.947837 -0.0439036 0.533874 0.0248766 0.844057
191 -1.10722 -0.0649011 0.995054 -0.0425087 0.547494 0.0238929 0.835388
193 -1.11047 -0.0557386 1.02811 -0.0374876 0.557404 0.0209083 0.829131
196 -1.10559 -0.0615639 1.0729 -0.0428318 0.571322 0.0234698 0.819272
199 -1.1051 -0.0593071 1.12369 -0.0388003 0.585611 0.0244329 0.809295
202 -1.10168 -0.0572609 1.17481 -0.0389695 0.598958 0.0266731 0.799387
206 -1.08957 -0.0545567 1.22785 -0.0402416 0.610362 0.0279635 0.790606
210 -1.0715 -0.0513052 1.28037 -0.0378177 0.621345 0.0224289 0.782302
214 -1.04135 -0.0548448 1.33493 -0.0327615 0.632231 0.0164327 0.773913
218 -1.00392 -0.0584171 1.38984 -0.0242649 0.640601 0.0105116 0.767419
221 -0.973417 -0.0636268 1.43465 -0.0177336 0.649793 0.00525508 0.759886
225 -0.928859 -0.0767394 1.48089 -0.010124 0.660845 0.000487268 0.750454
229 -0.879923 -0.0909225 1.5184 0.00427486 0.665127 -0.00714484 0.746683
230 -0.869955 -0.0910578 1.52731 0.00722441 0.665804 -0.0114216 0.746005
231 -0.859309 -0.0913029 1.53608 0.00853291 0.666641 -0.0153158 0.745173
232 -0.848529 -0.0916043 1.54483 0.0097205 0.667324 -0.0190012 0.744462
233 -0.837275 -0.0919735 1.55361 0.0107557 0.668421 -0.0222803 0.743372
234 -0.825999 -0.0923861 1.56257 0.0121518 0.669583 -0.0252239 0.742209
# 235 -0.815434 -0.0928118 1.57162 0.0134495 0.670566 -0.0278363 0.741205
# 236 -0.80112 -0.0459268 1.57991 0.0204991 0.672044 -0.0376343 0.73927
# 237 -0.789947 -0.0546173 1.58916 0.021839 0.67288 -0.0395814 0.738369
# 241 -0.74694 -0.0655984 1.62524 0.03163 0.676722 -0.0494002 0.733898
# 244 -0.711815 -0.0768968 1.65158 0.0371856 0.68365 -0.0570429 0.726627
# 247 -0.681375 -0.0802331 1.68355 0.0453715 0.692595 -0.0614809 0.717268
# 250 -0.650269 -0.0843541 1.71471 0.0511756 0.704216 -0.0614138 0.705471
# 253 -0.623422 -0.0810858 1.74301 0.0526712 0.714787 -0.060293 0.694745
# 257 -0.579065 -0.0948641 1.78436 0.055873 0.724756 -0.0588731 0.684208
# 260 -0.547512 -0.0997905 1.81092 0.0583663 0.733692 -0.0635656 0.67398
# 265 -0.48996 -0.102155 1.84157 0.0565531 0.742883 -0.0671042 0.663644
# 271 -0.396928 -0.10377 1.87254 0.0592776 0.749399 -0.0767888 0.654974
# 277 -0.312115 -0.112756 1.89368 0.0603558 0.754686 -0.0873203 0.647442
# 284 -0.215168 -0.118611 1.92295 0.0641442 0.759569 -0.0967034 0.639991
# 301 -0.0909897 -0.10746 2.04815 0.0559522 0.765246 -0.088539 0.635161
# 308 -0.0667844 -0.100845 2.13246 0.0533192 0.773359 -0.079078 0.626753
# 318 -0.0598037 -0.0885378 2.26797 0.0533317 0.768573 -0.067421 0.63396
# 321 -0.0637286 -0.0867569 2.29844 0.0522516 0.75753 -0.0678567 0.647158
# 323 -0.0666308 -0.0856164 2.31661 0.051809 0.747139 -0.0682466 0.659121
# 325 -0.0684371 -0.084699 2.33447 0.0511533 0.73488 -0.0678372 0.672854
# 327 -0.0691063 -0.0899499 2.35219 0.0503042 0.720864 -0.0669044 0.688003
# 329 -0.0709828 -0.0891504 2.36978 0.0498904 0.707447 -0.0666502 0.701845
# 331 -0.0730391 -0.0883772 2.38729 0.0487641 0.694868 -0.0653838 0.714497
# 333 -0.0759285 -0.0875313 2.40471 0.0486921 0.682083 -0.064408 0.726803
# 335 -0.0778797 -0.0869137 2.42211 0.0498605 0.669263 -0.0633545 0.738639
# 337 -0.0796363 -0.0923402 2.43968 0.0523567 0.654296 -0.0650292 0.751616
# 339 -0.083021 -0.0916934 2.45139 0.0546981 0.640243 -0.0669965 0.763288
# 341 -0.0858049 -0.0911791 2.46316 0.055625 0.626366 -0.0674549 0.774611
# 343 -0.0873931 -0.0909179 2.47475 0.0562129 0.613228 -0.0662799 0.785111
# 345 -0.0894968 -0.0906297 2.48625 0.0602604 0.598815 -0.0667458 0.795823
# 347 -0.0912591 -0.0904991 2.49788 0.0611548 0.587511 -0.066417 0.804164
# 349 -0.0940965 -0.0903443 2.51534 0.0632941 0.57462 -0.0658976 0.813304
# 354 -0.0936549 -0.0851768 2.54005 0.0627855 0.562858 -0.0655827 0.821552
# 361 -0.0925605 -0.0748187 2.58382 0.0584745 0.552863 -0.0621923 0.828888
# 372 -0.0970153 -0.070489 2.67336 0.0552419 0.566235 -0.0578753 0.820351
# 375 -0.0980563 -0.0709474 2.69793 0.0484836 0.582337 -0.0558154 0.809579
# 376 -0.0968418 -0.0713013 2.71065 0.0440386 0.594486 -0.0561876 0.800931
# 378 -0.0942054 -0.0717295 2.72364 0.0401667 0.607135 -0.057183 0.79152
# 380 -0.090202 -0.0722175 2.73638 0.0381399 0.619272 -0.0575941 0.782132
# 382 -0.0866572 -0.0725628 2.74878 0.0371323 0.63217 -0.0578743 0.771772
# 384 -0.0826264 -0.0730124 2.75533 0.0383267 0.645534 -0.0592753 0.760463
# 386 -0.0773729 -0.0736322 2.76191 0.0404531 0.660548 -0.062476 0.747085
# 388 -0.07359 -0.0741831 2.76239 0.0402671 0.67835 -0.0643228 0.730809
# 390 -0.0681398 -0.0806746 2.76304 0.0392033 0.694413 -0.0669833 0.715378
# 392 -0.0650909 -0.0811346 2.76314 0.0378634 0.710812 -0.0683535 0.699028
# 393 -0.0641941 -0.0812708 2.76312 0.0373409 0.719993 -0.0686226 0.689569
# 395 -0.0588593 -0.0820826 2.76291 0.0368854 0.736563 -0.0678751 0.671942
# 397 -0.0548905 -0.0767926 2.76234 0.0372346 0.752741 -0.0670832 0.653831
# 399 -0.0475399 -0.0779161 2.76132 0.0351984 0.767984 -0.0682985 0.635844
# 401 -0.0391867 -0.0788415 2.76568 0.0351686 0.783859 -0.070468 0.615924
# 403 -0.0308882 -0.0797623 2.76968 0.0334555 0.797208 -0.072419 0.598411
# 405 -0.0209625 -0.0809083 2.77311 0.028737 0.811922 -0.0735629 0.578398
# 406 -0.0165008 -0.0810798 2.77796 0.0266814 0.819802 -0.073745 0.567251
# 407 -0.0119842 -0.0812258 2.78272 0.0251798 0.827976 -0.0731037 0.555407
# 408 -0.00570596 -0.0816121 2.78691 0.0238748 0.835801 -0.0723849 0.543715
# 409 -4.71142e-05 -0.0818527 2.79147 0.0233127 0.843462 -0.0727795 0.531726
# 410 0.00192699 -0.0821787 2.79053 0.0232095 0.851462 -0.072696 0.518835
# 411 0.00583749 -0.0821041 2.79578 0.0223075 0.85995 -0.0714537 0.504859
# 412 0.0118491 -0.081616 2.80721 0.0214885 0.867929 -0.070222 0.491229
# 413 0.015558 -0.0814742 2.81251 0.0212221 0.875249 -0.0698867 0.478126
# 414 0.0177246 -0.0745502 2.81856 0.0209593 0.882261 -0.0685829 0.465266
# 415 0.0229755 -0.0746508 2.82279 0.018595 0.888545 -0.065521 0.453706
# 417 0.030088 -0.0750304 2.82562 0.0136145 0.898981 -0.062514 0.43329
# 418 0.0386066 -0.0747198 2.83535 0.0102017 0.904616 -0.0605539 0.421781
# 420 0.0484129 -0.0753849 2.83556 0.00625326 0.913498 -0.062637 0.401943
# 421 0.0561113 -0.0692033 2.83693 0.00287524 0.921071 -0.0622326 0.384378
# 423 0.0685398 -0.0635229 2.83364 -0.000236353 0.927788 -0.061619 0.367985
# 425 0.0864497 -0.0642113 2.8347 -0.00383975 0.934051 -0.061389 0.351804
# 427 0.102477 -0.0586028 2.82669 -0.00587176 0.939493 -0.0630547 0.336665
# 429 0.121223 -0.0530603 2.81515 -0.00656116 0.944172 -0.0648661 0.322937
# 431 0.144536 -0.0469829 2.80895 -0.00687044 0.948841 -0.0642541 0.309071
# 434 0.179063 -0.0432007 2.78653 -0.00410532 0.954835 -0.062306 0.290503
# 437 0.230862 -0.0550323 2.76542 0.0014791 0.958786 -0.0662935 0.276283
# 440 0.255146 -0.0365936 2.73957 0.00845726 0.96154 -0.072965 0.264661
# 442 0.297491 -0.0426497 2.71258 0.00636949 0.966206 -0.0675212 0.24869
# 445 0.330724 -0.0400809 2.68401 0.00679547 0.969987 -0.0696772 0.232862
# 448 0.358158 -0.0362444 2.66387 0.00580873 0.973787 -0.0705211 0.216176
# 450 0.373724 -0.0309376 2.64895 0.00552472 0.976707 -0.0687275 0.203199
453 0.400777 -0.0270357 2.62619 0.00303366 0.980131 -0.0670574 0.186649
457 0.442977 -0.0231186 2.60526 0.00198323 0.983511 -0.0626967 0.169622
460 0.475136 -0.017975 2.58722 0.00762372 0.985844 -0.0630011 0.155192
463 0.505766 -0.0127729 2.57159 0.0113989 0.988003 -0.0640748 0.140053
465 0.525701 -0.0066762 2.56127 0.00916164 0.990206 -0.0610146 0.125244
467 0.551344 0.000437075 2.55951 0.00832189 0.992189 -0.0588275 0.109682
469 0.56941 0.00779911 2.55523 0.00766425 0.994202 -0.0540012 0.0926722
471 0.594313 0.00710821 2.55468 0.00521407 0.996033 -0.0471394 0.0752866
473 0.612027 0.00601069 2.54628 0.00461487 0.997126 -0.0441051 0.0614248
475 0.635695 0.00584922 2.5484 0.00480613 0.998126 -0.0411367 0.0450406
477 0.659695 0.00538948 2.54669 0.00375938 0.998774 -0.0393184 0.0298502
479 0.67583 0.0128647 2.54279 0.00137465 0.999187 -0.0371586 0.0155617
481 0.691896 0.0122618 2.53553 -0.000605634 0.999399 -0.0345675 0.00267892
484 0.714453 0.0115586 2.52505 -0.000272374 0.999387 -0.0322883 -0.0134929
487 0.729268 0.0111234 2.51799 0.00279552 0.998937 -0.038603 -0.0250193
490 0.736582 0.0101546 2.50584 0.0030566 0.99828 -0.0388612 -0.0437891
493 0.741476 0.0153139 2.47039 -0.00174355 0.99744 -0.0415641 -0.0581663
496 0.746248 0.0210834 2.44119 -0.00780818 0.996664 -0.0402862 -0.0705466
499 0.741971 0.0267939 2.41161 -0.00835886 0.995643 -0.0401757 -0.0837371
503 0.743138 0.0317111 2.37024 -0.00781807 0.994085 -0.0405103 -0.10046
507 0.734099 0.0279835 2.32591 -0.00555948 0.992539 -0.0415036 -0.114512
510 0.750253 0.0247781 2.28244 -0.0013504 0.991 -0.0422682 -0.127008
513 0.749562 0.0217149 2.24597 0.000298444 0.988728 -0.0471643 -0.142103
516 0.751541 0.0195339 2.22244 -0.000687394 0.986212 -0.0525828 -0.156911
519 0.747389 0.00959348 2.21017 -0.00286271 0.983872 -0.0552001 -0.170121
523 0.75432 0.0149239 2.17846 -0.00907576 0.98066 -0.0573355 -0.186915
526 0.768763 0.0204463 2.14524 -0.0114274 0.977857 -0.0552017 -0.201537
529 0.7858 0.0185868 2.12001 -0.0131947 0.974505 -0.0532837 -0.217548
532 0.78911 0.0240774 2.08693 -0.0146743 0.971422 -0.0513463 -0.231275
535 0.800529 0.0214744 2.05267 -0.0144009 0.967977 -0.0497285 -0.245643
538 0.811911 0.0191345 2.0199 -0.014329 0.964377 -0.0489296 -0.259572
542 0.826017 0.0160617 1.97613 -0.0165433 0.959822 -0.049507 -0.27571
546 0.837115 0.0126893 1.92946 -0.0223217 0.956653 -0.0433832 -0.287114
551 0.841664 0.0101999 1.88978 -0.023643 0.951702 -0.0428421 -0.303098
555 0.840585 0.00802271 1.85869 -0.0211676 0.946632 -0.0448328 -0.318481
559 0.839549 0.00683843 1.84318 -0.0181292 0.941781 -0.0468021 -0.33246
562 0.844116 0.00548963 1.82162 -0.0168915 0.936686 -0.0482626 -0.346417
565 0.852067 0.0122128 1.7915 -0.0167459 0.930518 -0.0483324 -0.362657
568 0.857472 0.0186541 1.75947 -0.0167436 0.924255 -0.0461496 -0.378605
571 0.862602 0.0167086 1.72816 -0.0187568 0.918922 -0.046849 -0.391198
575 0.858616 0.0221802 1.68875 -0.0231545 0.913183 -0.0451171 -0.404383
579 0.856272 0.0196428 1.65201 -0.024349 0.907408 -0.0420011 -0.417437
584 0.843359 0.0240527 1.59603 -0.0215391 0.901221 -0.0388259 -0.431079
587 0.845876 0.0215082 1.54319 -0.0148247 0.893307 -0.0328809 -0.447997
591 0.840512 0.0190345 1.49552 -0.00888934 0.886429 -0.036356 -0.461349
594 0.836279 0.0168514 1.46053 -0.00865922 0.880372 -0.0329977 -0.473055
598 0.829508 0.00519293 1.41328 -0.00789822 0.872444 -0.0316036 -0.487626
602 0.818917 0.00241099 1.36472 -0.0126699 0.865973 -0.0329348 -0.498845
607 0.806597 -0.000426896 1.31617 0.0147609 -0.858635 0.032242 0.511359
611 0.797754 0.00619539 1.27056 0.0135981 -0.851384 0.0302896 0.523491
615 0.791506 0.0132061 1.22716 0.00762274 -0.845027 0.0295091 0.533854
618 0.792005 0.0115799 1.18774 0.00421132 -0.837522 0.0243627 0.545844
621 0.787881 0.0102857 1.15587 0.000479287 -0.829244 0.0223221 0.55844
624 0.779084 0.00884562 1.12265 -0.000357614 -0.820669 0.0202637 0.571044
627 0.771889 0.00760562 1.09067 -0.0026743 -0.8101 0.0178129 0.586015
629 0.764245 0.00708266 1.07828 -0.00467255 -0.802435 0.0186164 0.59643
631 0.755597 0.00651598 1.0659 -0.0069876 -0.794505 0.020142 0.606884
634 0.739878 0.00534566 1.0422 -0.00907595 -0.783361 0.0228597 0.621081
637 0.734427 0.00384777 1.01207 -0.00727531 -0.77196 0.0246094 0.635153
640 0.724263 0.00266708 0.991417 -0.00560843 -0.762292 0.0230775 0.646798
644 0.706024 0.00976662 0.961493 -0.00638967 -0.752388 0.0216528 0.658334
649 0.662788 0.0247257 0.929232 -0.0106519 -0.739628 0.0223537 0.67256
652 0.623583 0.0232139 0.909211 -0.0179714 -0.729461 0.0210107 0.683464
656 0.580757 0.0220765 0.890584 -0.0142823 -0.717975 0.0204261 0.695622
659 0.54514 0.0134422 0.881942 -0.00848049 -0.709051 0.0155099 0.704935
663 0.498038 0.0124317 0.865852 -0.00176243 -0.697872 0.0209766 0.715913
667 0.450881 0.0023067 0.850683 -0.00196427 -0.688169 0.0260646 0.725079
671 0.406705 0.000198315 0.836346 0.0020125 -0.679189 0.0356426 0.733094
675 0.371081 -0.0107363 0.822833 0.00546873 -0.666485 0.0361461 0.744621
678 0.345796 -0.0210649 0.81749 0.00938256 -0.658066 0.0421914 0.751718
682 0.314834 -0.032875 0.796295 0.0141159 -0.645349 0.0445329 0.762458
686 0.282126 -0.0450051 0.776314 0.0183703 -0.632515 0.0493132 0.772758
689 0.25442 -0.0484752 0.755854 0.0248336 -0.619628 0.0543617 0.782617
692 0.230523 -0.0606725 0.735102 0.0304232 -0.605276 0.0602032 0.793152
695 0.210057 -0.0639562 0.71294 0.0296776 -0.58968 0.0632178 0.804612
697 0.195158 -0.0751999 0.699996 0.0266175 -0.577578 0.0645894 0.813341
700 0.171978 -0.087812 0.681129 0.0275811 -0.56233 0.0706731 0.823426
702 0.156642 -0.090551 0.668011 0.0283585 -0.551611 0.0740785 0.830321
705 0.133469 -0.103546 0.659418 0.0315858 -0.538324 0.0802818 0.83831
708 0.109239 -0.107978 0.651048 0.0363359 -0.524085 0.0816905 0.84696
711 0.0854302 -0.121297 0.644612 0.0360349 -0.512696 0.0806599 0.854013
716 0.0478481 -0.136601 0.646648 0.0422345 -0.501523 0.0781196 0.860574
720 0.0189948 -0.15015 0.664163 0.0518711 -0.492653 0.0802982 0.864959
725 -0.0250652 -0.158966 0.690748 0.0596341 -0.482139 0.0820593 0.870202
730 -0.0728345 -0.169502 0.721159 0.0670034 -0.47119 0.0867717 0.875192
733 -0.104989 -0.17771 0.752041 0.0718621 -0.458851 0.0862278 0.881395
736 -0.134455 -0.185784 0.782511 0.0795051 -0.446281 0.0833477 0.887449
739 -0.159923 -0.193473 0.811145 0.0925003 -0.435206 0.0887434 0.891159
741 -0.176011 -0.199469 0.833499 0.104031 -0.431152 0.0941048 0.891308
745 -0.194545 -0.208155 0.867747 0.118355 -0.424785 0.0929688 0.892697
748 -0.213785 -0.215739 0.883714 0.134055 -0.420664 0.0944203 0.892276
751 -0.226271 -0.22283 0.903727 0.149471 -0.416321 0.0965066 0.89164
754 -0.238306 -0.228681 0.913993 0.162967 -0.41304 0.101541 0.890241
758 -0.258819 -0.239607 0.931684 0.179444 -0.411416 0.10935 0.886893
761 -0.282451 -0.251237 0.942765 0.195547 -0.411002 0.11517 0.882935
765 -0.315916 -0.267651 0.952891 0.2112 -0.409431 0.119432 0.879486
769 -0.353092 -0.285016 0.956843 0.224523 -0.40421 0.123628 0.87802
773 -0.391759 -0.296379 0.962075 0.235168 -0.396745 0.127211 0.878127
777 -0.428168 -0.306931 0.965917 0.246277 -0.391631 0.134059 0.876357
782 -0.464815 -0.318852 0.970356 0.256349 -0.381046 0.137038 0.877673
786 -0.48907 -0.324393 0.973582 0.263519 -0.368459 0.134673 0.881283
789 -0.504012 -0.32566 0.978182 0.266369 -0.356497 0.131244 0.885851
793 -0.516254 -0.324367 0.980421 0.269417 -0.341149 0.128032 0.891426
796 -0.52201 -0.321531 0.986477 0.26648 -0.332543 0.120145 0.896643
799 -0.525773 -0.316686 0.99047 0.258465 -0.324158 0.112921 0.902976
803 -0.535933 -0.309792 1.00214 0.253927 -0.317164 0.103701 0.90784
807 -0.542377 -0.299261 1.00966 0.248369 -0.306908 0.0933567 0.914005
811 -0.54456 -0.284711 1.01207 0.239301 -0.300509 0.0871549 0.919148
816 -0.546332 -0.266503 1.02624 0.226115 -0.296884 0.0820792 0.924118
821 -0.546109 -0.251775 1.05039 0.21475 -0.296111 0.0758988 0.927599
825 -0.545106 -0.244281 1.07459 0.206164 -0.289332 0.0674614 0.932326
828 -0.545686 -0.233193 1.08852 0.197986 -0.283815 0.0586303 0.936383
831 -0.544496 -0.22054 1.10069 0.183269 -0.277659 0.050896 0.941662
835 -0.549147 -0.203452 1.12272 0.168098 -0.273854 0.0434033 0.945972
838 -0.550946 -0.19223 1.14104 0.155416 -0.268045 0.0339784 0.950181
841 -0.560781 -0.181474 1.15758 0.146076 -0.259421 0.027984 0.954243
845 -0.565088 -0.163284 1.18192 0.132435 -0.251607 0.0202401 0.958512
849 -0.571938 -0.141515 1.19542 0.121132 -0.242666 0.0182339 0.962345
854 -0.572481 -0.120362 1.21518 0.10874 -0.234582 0.0144251 0.965888
861 -0.579736 -0.090059 1.23086 0.0997116 -0.22561 0.0108977 0.96904
868 -0.582533 -0.0654519 1.23791 0.0864714 -0.220352 0.0102943 0.971526
879 -0.596595 -0.0506419 1.24819 0.0739679 -0.217225 0.00807213 0.973282
