# width:480 height:360 psr bound:50 mu:0.8
1 0 0 0 0 0 0 1
68 0.04375 0.0175 -0.0560994 -0.00843211 0.149016 0.0350917 0.988176
159 0.520814 -0.0188675 -0.0116925 -0.021067 0.271813 0.0342944 0.961508
307 0.578495 -0.16873 0.965338 -0.0191486 0.128139 -0.00737212 0.991544
342 0.539997 -0.201345 1.17328 -0.0118186 -0.018019 -0.05631 0.998181
388 0.281278 -0.225329 1.34238 0.00931104 -0.164618 -0.0891113 0.98228
422 0.122666 -0.241671 1.46541 0.00500725 -0.308573 -0.116828 0.943986
451 -0.00137773 -0.242386 1.52884 0.00759096 -0.448102 -0.12831 0.884694
490 -0.114317 -0.216328 1.58147 -0.0468653 -0.567697 -0.146489 0.808743
517 -0.138964 -0.219987 1.61382 -0.0335411 -0.683402 -0.166594 0.709988
536 -0.183489 -0.20576 1.60921 -0.0249021 -0.735298 -0.163665 0.657214
580 -0.317476 -0.204636 1.43269 0.0098781 -0.825688 -0.155454 0.542195
609 -0.46446 -0.182293 1.26861 -0.0220394 0.896838 0.163729 -0.410351
658 -0.685406 -0.168725 0.957888 -0.0254588 0.947392 0.171609 -0.26898
717 -0.76751 -0.120052 0.446861 -0.0389203 0.974361 0.177064 -0.133246
780 -0.820512 -0.113422 0.0734634 -0.0510042 0.990878 0.124587 0.00618997
821 -0.810592 -0.0836125 -0.106738 -0.0452639 0.9794 0.118215 0.157325
866 -0.720051 -0.0425061 -0.35531 -0.0494617 0.941319 0.119736 0.311667
903 -0.565806 -0.0166521 -0.538102 -0.0576975 0.881092 0.119355 0.453985
933 -0.367644 -0.00543518 -0.638561 -0.0641982 0.803099 0.10622 0.582776
967 -0.122157 0.0181706 -0.674293 -0.06616 0.705334 0.0988926 0.698818
1001 0.108077 0.0236811 -0.651329 -0.0822855 0.593242 0.0779944 0.797
1039 0.332179 0.0152051 -0.540177 -0.0954083 0.466232 0.0571477 0.877644
1066 0.456395 -0.00225655 -0.433613 -0.0933637 0.339798 0.0272715 0.935455
1090 0.521692 -0.0357928 -0.307935 -0.0826583 0.275638 0.00900469 0.957659
1119 0.569583 -0.0594831 -0.113096 -0.0633173 0.197416 -0.00697173 0.978248
1195 0.514731 -0.112088 0.397795 -0.0226533 0.138826 -0.00193046 0.990056
