# width:480 height:360 psr bound:50 mu:0.8
1 0 0 0 0 0 0 1
91 0.116667 0.00833333 0.393808 -0.0111518 -0.0992694 -0.114159 0.988428
119 0.144656 -0.0411828 0.664918 0.0275622 -0.237988 -0.161201 0.957401
140 0.159241 -0.0561037 0.869382 0.0361305 -0.381829 -0.188966 0.903987
160 0.0805525 -0.0462288 1.01719 0.0330542 -0.518368 -0.190578 0.832996
181 -0.00729646 -0.0280803 1.11024 0.00905807 -0.639025 -0.184745 0.746615
198 -0.0227612 -0.0158298 1.17103 0.00201084 -0.746383 -0.185655 0.639094
225 -0.044973 -0.037198 1.15351 -0.0038186 -0.83838 -0.147171 0.524828
263 -0.161873 -0.121847 0.977559 -0.0459724 0.892888 0.0372037 -0.446377
301 -0.32746 -0.114968 0.768911 -0.0382542 0.95046 0.0199571 -0.307839
328 -0.524689 -0.0673381 0.657162 -0.0276959 0.978134 0.0460725 -0.200908
369 -0.637167 -0.0130664 0.306873 -0.0127838 0.98785 0.0760173 -0.134943
418 -0.777429 -0.0350935 -0.0846303 0.00612676 0.99994 0.00901609 0.000490264
452 -0.743752 -0.0297805 -0.401982 -0.00469043 0.99891 -0.0381489 -0.02649
453 -0.744251 -0.0305069 -0.411441 -0.00438447 0.998842 -0.0393372 -0.0273523
454 -0.753151 -0.0314019 -0.421591 -0.00438447 0.998842 -0.0393372 -0.0273523
455 -0.753732 -0.0322458 -0.432247 -0.00438447 0.998842 -0.0393372 -0.0273523
456 -0.75411 -0.032794 -0.43917 -0.00465484 0.998746 -0.0413521 -0.0278175
457 -0.754645 -0.0335983 -0.448829 -0.00440435 0.998679 -0.0427742 -0.0281443
458 -0.755114 -0.0343173 -0.457176 -0.00438595 0.998568 -0.0455292 -0.0277291
517 -0.799173 -0.0629803 -0.950231 0.00766534 0.990387 -0.126308 0.055861
527 -0.776377 -0.0757947 -1.02571 0.0182977 0.988998 -0.123317 0.0796316
533 -0.770646 -0.0631986 -1.05932 0.0274201 0.988477 -0.110977 0.0992289
538 -0.765867 -0.0542214 -1.08102 0.0310451 0.987752 -0.100512 0.115238
542 -0.768654 -0.0427904 -1.09787 0.0316766 0.986572 -0.0923089 0.130963
546 -0.881882 -0.0280119 -1.11168 0.0327445 0.984029 -0.0846775 0.153113
548 -0.879212 -0.0149088 -1.11831 0.0348088 0.982576 -0.0792542 0.164471
553 -0.872697 -0.00324749 -1.1355 0.0373198 0.978622 -0.0700618 0.189729
558 -0.867059 -0.00557728 -1.14964 0.0369031 0.974933 -0.0634942 0.210028
565 -0.972262 0.00309057 -1.16628 0.0322977 0.970771 -0.0527245 0.231906
575 -0.983818 0.0261052 -1.19539 0.0383682 0.961636 -0.0319037 0.269752
579 -0.976508 0.0413476 -1.20567 0.0387121 0.957019 -0.0223403 0.286561
586 -0.966743 0.0561211 -1.21881 0.0325602 0.948598 -0.00667374 0.314733
624 -0.93856 0.122055 -1.23762 0.0297456 0.892801 0.0449155 0.447218
760 0.191067 0.170126 -1.26018 -0.0126588 0.932755 0.131437 0.335458
840 0.380919 0.133411 -1.17483 -0.0309095 0.87472 0.104008 0.472326
872 0.223744 0.133979 -1.04061 -0.0463202 0.792792 0.102693 0.59899
904 -0.044509 0.0886364 -0.886992 -0.0253743 0.696317 0.0724727 0.713615
963 -0.19859 0.0616278 -0.891892 0.0256348 0.645835 0.0303693 0.762442
964 -0.1978 0.0616279 -0.89176 0.0265018 0.646611 0.0302358 0.761759
